diff --git a/mods/empyrean_campaign/maps/dilapidated_sewers.txt b/mods/empyrean_campaign/maps/dilapidated_sewers.txt
index 0e16f06c73a2e26c17b9bad0756a22dd75396780..960b17458a839186bfd48a7f757b1d93f25b9f00 100644
--- a/mods/empyrean_campaign/maps/dilapidated_sewers.txt
+++ b/mods/empyrean_campaign/maps/dilapidated_sewers.txt
@@ -194,8 +194,8 @@ data=
 3,1,1,1,1,1,1,1,1,1,1,1,1,1,1,1,1,1,1,1,1,1,1,1,1,1,1,1,1,1,1,1,1,1,1,3,3,3,3,3,3,3,3,3,3,3,3,3,3,3,3,3,3,3,3,3,3,3,1,0,0,0,0,0,0,0,0,0,0,0,0,0,0,0,0,0,0,1,3,3,
 3,1,0,0,0,0,0,0,0,0,0,0,0,0,0,0,0,0,0,0,0,0,0,0,0,0,0,0,0,0,0,0,0,0,1,3,3,3,3,3,3,3,3,3,3,3,3,3,3,3,3,3,3,3,3,3,3,3,1,0,0,0,0,0,0,0,0,0,0,0,0,0,0,0,0,0,0,1,3,3,
 3,1,0,0,0,0,0,0,0,0,0,0,0,0,0,0,0,0,0,0,0,0,0,0,0,0,0,0,0,0,0,0,0,0,1,3,3,3,3,3,3,3,3,3,3,3,3,3,3,3,3,3,3,3,3,3,3,3,1,0,0,0,0,0,0,0,0,0,4,1,0,0,0,0,1,4,0,1,3,3,
-3,1,0,0,0,0,0,0,0,0,0,0,0,0,1,1,0,0,0,0,0,0,0,0,0,0,0,0,0,0,0,0,0,0,1,3,3,3,3,3,3,3,3,3,3,3,3,3,3,3,3,3,3,3,3,3,3,3,1,0,1,1,1,1,0,0,0,0,0,0,0,0,0,0,0,0,0,1,3,3,
-3,1,0,0,0,0,0,0,0,0,0,0,0,0,1,1,0,0,0,0,0,0,0,0,0,0,0,0,0,0,0,0,0,0,1,3,3,3,3,3,3,3,3,3,3,3,3,3,3,3,3,3,3,3,3,3,3,3,1,0,1,3,3,0,0,0,0,0,0,0,0,0,0,0,0,0,0,1,3,3,
+3,0,0,0,0,0,0,0,0,0,0,0,0,0,1,1,0,0,0,0,0,0,0,0,0,0,0,0,0,0,0,0,0,0,1,3,3,3,3,3,3,3,3,3,3,3,3,3,3,3,3,3,3,3,3,3,3,3,1,0,1,1,1,1,0,0,0,0,0,0,0,0,0,0,0,0,0,1,3,3,
+3,0,0,0,0,0,0,0,0,0,0,0,0,0,1,1,0,0,0,0,0,0,0,0,0,0,0,0,0,0,0,0,0,0,1,3,3,3,3,3,3,3,3,3,3,3,3,3,3,3,3,3,3,3,3,3,3,3,1,0,1,3,3,0,0,0,0,0,0,0,0,0,0,0,0,0,0,1,3,3,
 3,1,0,0,0,0,0,0,0,0,0,0,0,0,0,0,0,0,0,0,0,0,0,0,0,0,0,0,0,0,0,0,0,0,1,3,3,3,3,3,3,3,3,3,3,3,3,3,3,3,3,3,3,3,3,3,3,3,1,0,1,3,3,0,0,0,0,0,0,0,0,0,0,0,0,0,0,1,3,3,
 3,1,0,0,0,0,0,0,0,0,0,0,0,0,0,0,0,0,0,0,0,0,0,0,0,0,0,0,0,0,0,0,0,0,1,3,3,3,3,3,3,3,3,3,3,3,3,3,3,3,3,3,3,3,3,3,3,3,1,0,1,1,1,1,0,0,0,0,0,0,0,0,0,0,0,0,0,1,3,3,
 3,1,1,1,1,1,1,1,1,1,1,1,0,0,0,0,0,0,1,1,1,1,1,1,1,1,1,1,1,1,0,0,0,0,1,3,3,3,3,3,3,3,3,3,3,3,3,3,3,3,3,3,3,3,3,3,3,3,1,0,0,0,0,0,0,0,0,0,4,1,0,0,0,0,1,4,0,1,3,3,
@@ -523,6 +523,13 @@ type=on_load
 location=21,48,1,1
 soundfx=soundfx/environment/cave_droplets_loop.ogg
 
+[event]
+type=on_trigger
+location=0,6,2,2
+hotspot=location
+msg=Unknown destination
+repeat=false
+
 [enemy]
 type=dungeon
 location=72,6,4,4
diff --git a/mods/empyrean_campaign/maps/nazia_highlands.txt b/mods/empyrean_campaign/maps/nazia_highlands.txt
index a5ceb4308fb9488f9e50c4799172928dba9f9bac..bcdac22ae91bc97bbe61baed5bd13bd46c7b8e62 100644
--- a/mods/empyrean_campaign/maps/nazia_highlands.txt
+++ b/mods/empyrean_campaign/maps/nazia_highlands.txt
@@ -117,7 +117,7 @@ data=
 0,0,0,48,0,0,0,0,0,0,0,0,0,0,0,0,0,0,0,0,0,0,0,0,0,0,0,65,61,0,0,0,0,0,48,0,0,211,0,0,0,0,0,0,0,0,0,0,0,142,69,49,57,0,0,0,0,0,0,0,0,0,0,0,48,104,0,0,0,0,0,0,0,0,0,255,50,0,0,0,
 0,0,0,48,0,0,0,0,0,0,0,0,0,0,0,0,0,0,0,0,0,0,0,0,0,0,249,0,50,0,0,0,0,0,52,0,0,210,0,0,0,0,0,0,0,0,0,0,0,118,0,0,65,49,53,49,61,0,0,0,0,0,0,60,68,0,0,0,0,0,0,0,0,0,0,0,50,0,0,0,
 0,0,0,52,240,0,0,0,0,0,0,0,0,0,0,0,0,0,0,0,0,0,0,0,0,0,0,0,50,0,0,0,0,0,52,0,208,209,0,0,0,0,0,0,0,0,0,0,0,0,0,0,0,0,0,0,69,49,49,49,53,53,53,68,116,0,0,0,0,0,0,0,0,0,0,0,50,0,0,0,
-0,0,0,48,0,0,0,0,0,0,0,0,244,66,51,55,55,71,98,0,0,0,0,0,0,0,0,0,50,0,0,0,0,60,64,0,101,96,0,0,0,0,250,0,0,0,0,0,0,0,0,0,0,0,0,252,0,0,0,128,0,0,0,0,0,0,0,0,0,0,0,0,0,0,0,70,58,0,0,0,
+0,0,0,48,0,0,0,0,0,0,0,0,244,66,51,55,55,71,137,0,0,0,0,0,0,0,0,0,50,0,0,0,0,60,64,0,101,96,0,0,0,0,250,0,0,0,0,0,0,0,0,0,0,0,0,252,0,0,0,128,0,0,0,0,0,0,0,0,0,0,0,0,0,0,0,70,58,0,0,0,
 0,0,0,52,0,0,0,0,0,0,0,66,55,58,0,0,0,59,67,0,0,0,0,0,0,0,0,0,54,0,0,0,0,52,131,0,246,0,0,0,0,0,0,0,0,0,0,0,0,0,0,0,0,0,0,0,0,0,0,0,0,0,251,0,0,0,0,0,0,0,0,0,240,0,70,62,0,0,0,0,
 0,0,0,63,71,0,0,0,0,0,0,54,0,0,0,0,0,0,63,67,0,0,0,0,0,0,0,0,50,0,0,0,0,48,0,0,0,0,0,0,130,0,0,0,0,113,0,0,0,0,0,0,0,0,0,0,0,0,0,0,0,0,0,0,0,0,0,0,0,0,70,55,55,55,58,0,0,0,0,0,
 0,0,0,0,48,0,124,0,0,0,0,50,0,0,0,0,0,0,0,48,0,0,0,0,0,0,0,0,50,0,0,0,0,52,0,0,0,0,0,0,102,0,0,0,0,0,0,0,0,0,0,0,0,0,0,0,0,0,0,0,0,0,0,0,0,0,0,0,0,0,50,0,0,0,0,0,0,0,0,0,
@@ -305,17 +305,6 @@ soundfx=soundfx/environment/forest_owl_loop.ogg
 [event]
 # Supplies
 type=on_trigger
-location=18,13,1,1
-hotspot=location
-loot=loot/level_9.txt
-mapmod=object,18,13,99
-repeat=false
-soundfx=soundfx/wood_open.ogg
-tooltip=Supplies
-
-[event]
-# Supplies
-type=on_trigger
 location=37,13,1,1
 hotspot=location
 loot=loot/level_9.txt
@@ -369,6 +358,13 @@ intermap=maps/nazia_underground.txt,92,29
 soundfx=soundfx/environment/stairs.ogg,0,0
 tooltip=Nazia Underground
 
+[event]
+type=on_trigger
+location=12,5,2,1
+hotspot=location
+msg=Unknown destination
+repeat=false
+
 [enemy]
 type=grassland
 location=34,7,24,25
@@ -389,9 +385,9 @@ number=6,7
 
 [enemy]
 type=grassland
-location=4,6,24,25
+location=4,12,8,19
 level=9
-number=6,7
+number=3,4
 
 [enemy]
 type=grassland
@@ -399,6 +395,12 @@ location=8,37,7,22
 level=9
 number=3
 
+[enemy]
+type=grassland
+location=20,9,8,19
+level=9
+number=3,4
+
 [npc]
 type=npcs/abasi_2.txt
 location=62,72,1,1
diff --git a/mods/empyrean_campaign/maps/nazia_underground.txt b/mods/empyrean_campaign/maps/nazia_underground.txt
index 8451411c3383a3c49cc0b46cec80efbc1514b972..f34fbf9e1f0a6a6b9b49c34faa17586a11facb54 100644
--- a/mods/empyrean_campaign/maps/nazia_underground.txt
+++ b/mods/empyrean_campaign/maps/nazia_underground.txt
@@ -136,14 +136,14 @@ data=
 0,0,0,0,0,0,0,0,0,0,0,0,0,0,0,0,0,0,0,0,0,0,0,0,0,0,0,0,0,0,0,0,0,0,0,0,0,0,64,282,283,82,0,0,0,0,0,0,0,0,0,0,0,98,0,0,0,0,0,0,0,0,0,0,0,0,0,0,0,0,82,0,0,0,0,0,0,0,0,0,0,0,0,0,0,0,0,0,0,0,0,0,0,0,0,0,0,0,0,0,
 0,0,0,0,0,0,0,0,0,0,0,0,0,0,0,0,0,0,0,0,0,0,0,0,0,0,0,0,0,0,0,0,0,0,0,0,0,77,73,0,0,90,94,0,0,0,0,0,0,0,0,0,0,106,0,0,0,0,75,72,0,0,0,0,75,72,0,0,0,0,82,0,0,0,0,0,0,0,0,0,0,0,0,0,0,0,0,0,0,0,0,0,0,0,0,0,0,0,0,0,
 0,0,0,0,0,0,0,0,0,0,0,0,0,0,0,0,0,0,0,0,0,0,0,0,0,0,0,0,0,0,0,0,0,0,0,0,0,98,0,0,0,151,82,0,0,0,0,0,0,0,0,0,0,104,0,0,0,0,74,73,0,0,0,0,74,73,0,0,0,0,82,0,0,0,0,0,0,0,0,0,0,0,0,0,0,0,0,0,0,0,0,0,0,0,0,0,0,0,0,0,
-0,0,0,0,0,0,0,0,0,0,0,0,0,0,0,0,0,0,0,0,0,0,0,0,0,0,0,0,0,0,0,0,0,0,0,0,0,102,0,0,0,150,82,0,0,0,0,0,0,0,0,0,0,102,0,0,0,0,0,0,0,0,0,0,0,146,0,0,0,0,82,0,0,0,0,0,0,0,0,0,0,0,0,0,0,0,0,0,0,0,0,0,0,0,0,0,0,0,0,0,
-0,0,0,0,0,0,0,0,0,0,0,0,0,0,0,0,0,0,0,0,0,0,0,0,0,0,0,0,0,0,0,0,0,0,0,0,0,106,0,0,0,0,82,0,0,0,0,0,0,0,0,0,0,106,0,0,0,0,0,0,0,0,0,0,0,0,0,0,0,0,82,0,0,0,0,0,0,0,0,0,0,0,0,0,0,0,0,0,0,0,0,0,0,0,0,0,0,0,0,0,
+0,0,0,0,0,0,0,0,0,0,0,0,0,0,0,0,0,0,0,0,0,0,0,0,0,0,0,0,0,0,0,0,0,0,0,0,0,102,0,0,0,0,82,0,0,0,0,0,0,0,0,0,0,102,0,0,0,0,0,0,0,0,0,0,0,146,0,0,0,0,82,0,0,0,0,0,0,0,0,0,0,0,0,0,0,0,0,0,0,0,0,0,0,0,0,0,0,0,0,0,
+0,0,0,0,0,0,0,0,0,0,0,0,0,0,0,0,0,0,0,0,0,0,0,0,0,0,0,0,0,0,0,0,0,0,0,0,0,106,144,0,0,0,82,0,0,0,0,0,0,0,0,0,0,106,0,0,0,0,0,0,0,0,0,0,0,0,0,0,0,0,82,0,0,0,0,0,0,0,0,0,0,0,0,0,0,0,0,0,0,0,0,0,0,0,0,0,0,0,0,0,
 0,0,0,0,0,0,0,0,0,0,0,0,0,0,0,0,0,0,0,0,0,0,0,0,0,0,0,0,0,0,0,0,0,0,0,0,0,96,0,0,0,0,82,0,0,0,0,0,0,0,0,0,0,98,0,0,0,0,0,0,0,0,0,0,0,0,0,0,0,0,82,0,0,0,0,0,0,0,0,0,0,0,0,0,0,0,0,0,0,0,0,0,0,0,0,0,0,0,0,0,
-0,0,0,0,0,0,0,0,0,0,0,0,0,0,0,0,0,0,0,0,0,0,0,0,0,0,0,0,0,0,0,0,0,0,0,0,0,108,0,0,0,0,82,0,0,0,0,0,0,0,0,0,0,64,0,0,0,0,0,0,0,0,0,0,0,0,0,0,0,0,82,0,0,0,0,0,0,0,0,0,0,0,0,0,0,0,0,0,0,0,0,0,0,0,0,0,0,0,0,0,
-0,0,0,0,0,0,0,0,0,0,0,0,0,0,0,0,0,0,0,0,0,0,0,0,0,0,0,0,0,0,0,0,0,0,0,0,0,106,0,0,0,0,82,0,0,0,0,0,0,0,0,0,0,76,71,83,83,83,83,83,83,83,83,83,83,83,83,83,83,83,95,0,0,0,0,0,0,0,0,0,0,0,0,0,0,0,0,0,0,0,0,0,0,0,0,0,0,0,0,0,
+0,0,0,0,0,0,0,0,0,0,0,0,0,0,0,0,0,0,0,0,0,0,0,0,0,0,0,0,0,0,0,0,0,0,0,0,0,108,0,0,148,0,82,0,0,0,0,0,0,0,0,0,0,64,0,0,0,0,0,0,0,0,0,0,0,0,0,0,0,0,82,0,0,0,0,0,0,0,0,0,0,0,0,0,0,0,0,0,0,0,0,0,0,0,0,0,0,0,0,0,
+0,0,0,0,0,0,0,0,0,0,0,0,0,0,0,0,0,0,0,0,0,0,0,0,0,0,0,0,0,0,0,0,0,0,0,0,0,106,144,0,0,0,82,0,0,0,0,0,0,0,0,0,0,76,71,83,83,83,83,83,83,83,83,83,83,83,83,83,83,83,95,0,0,0,0,0,0,0,0,0,0,0,0,0,0,0,0,0,0,0,0,0,0,0,0,0,0,0,0,0,
 0,0,0,0,0,0,0,0,0,0,0,0,0,0,0,0,0,0,0,0,0,0,0,0,0,0,0,0,0,0,0,0,0,0,0,0,0,102,0,0,0,0,82,0,0,0,0,0,0,0,0,0,0,0,0,0,0,0,0,0,0,0,0,0,0,0,0,0,0,0,0,0,0,0,0,0,0,0,0,0,0,0,0,0,0,0,0,0,0,0,0,0,0,0,0,0,0,0,0,0,
-0,0,0,0,0,0,0,0,0,0,0,0,0,0,0,0,0,0,0,0,0,0,0,0,0,0,0,0,0,0,0,0,0,0,0,0,0,98,0,0,0,0,82,0,0,0,0,0,0,0,0,0,0,0,0,0,0,0,0,0,0,0,0,0,0,0,0,0,0,0,0,0,0,0,0,0,0,0,0,0,0,0,0,0,0,0,0,0,0,0,0,0,0,0,0,0,0,0,0,0,
-0,0,0,0,0,0,0,0,0,0,0,0,0,0,0,0,0,0,0,0,0,0,0,0,0,0,0,0,0,0,0,0,0,0,0,0,0,76,71,282,283,83,95,0,0,0,0,0,0,0,0,0,0,0,0,0,0,0,0,0,0,0,0,0,0,0,0,0,0,0,0,0,0,0,0,0,0,0,0,0,0,0,0,0,0,0,0,0,0,0,0,0,0,0,0,0,0,0,0,0
+0,0,0,0,0,0,0,0,0,0,0,0,0,0,0,0,0,0,0,0,0,0,0,0,0,0,0,0,0,0,0,0,0,0,0,0,0,98,0,137,137,0,82,0,0,0,0,0,0,0,0,0,0,0,0,0,0,0,0,0,0,0,0,0,0,0,0,0,0,0,0,0,0,0,0,0,0,0,0,0,0,0,0,0,0,0,0,0,0,0,0,0,0,0,0,0,0,0,0,0,
+0,0,0,0,0,0,0,0,0,0,0,0,0,0,0,0,0,0,0,0,0,0,0,0,0,0,0,0,0,0,0,0,0,0,0,0,0,76,71,83,83,83,95,0,0,0,0,0,0,0,0,0,0,0,0,0,0,0,0,0,0,0,0,0,0,0,0,0,0,0,0,0,0,0,0,0,0,0,0,0,0,0,0,0,0,0,0,0,0,0,0,0,0,0,0,0,0,0,0,0
 
 [layer]
 type=collision
@@ -200,13 +200,13 @@ data=
 3,3,3,3,3,3,3,3,3,3,3,3,3,3,3,3,4,4,4,4,4,4,4,4,4,4,4,4,4,4,4,4,4,4,4,4,3,3,1,1,1,1,3,3,4,4,4,4,4,4,4,4,3,1,0,0,0,0,0,0,0,0,0,0,0,0,0,0,0,0,1,3,3,3,3,3,3,3,3,3,3,3,3,3,3,3,3,3,3,3,3,3,3,3,3,3,3,3,3,3,
 3,3,3,3,3,3,3,3,3,3,3,3,3,3,3,3,4,4,4,4,4,4,4,4,4,4,4,4,4,4,4,4,4,4,4,4,3,1,1,0,0,1,1,3,4,4,4,4,4,4,4,4,3,1,0,0,0,0,1,1,0,0,0,0,1,1,0,0,0,0,1,3,3,3,3,3,3,3,3,3,3,3,3,3,3,3,3,3,3,3,3,3,3,3,3,3,3,3,3,3,
 3,3,3,3,3,3,3,3,3,3,3,3,3,3,3,3,4,4,4,4,4,4,4,4,4,4,4,4,4,4,4,4,4,4,4,4,3,1,0,0,0,4,1,3,4,4,4,4,4,4,4,4,3,1,0,0,0,0,1,1,0,0,0,0,1,1,0,0,0,0,1,3,3,3,3,3,3,3,3,3,3,3,3,3,3,3,3,3,3,3,3,3,3,3,3,3,3,3,3,3,
-3,3,3,3,3,3,3,3,3,3,3,3,3,3,3,3,4,4,4,4,4,4,4,4,4,4,4,4,4,4,4,4,4,4,4,4,3,1,0,0,0,4,1,3,4,4,4,4,4,4,4,4,3,1,0,0,0,0,0,0,0,0,0,0,0,4,0,0,0,0,1,3,3,3,3,3,3,3,3,3,3,3,3,3,3,3,3,3,3,3,3,3,3,3,3,3,3,3,3,3,
+3,3,3,3,3,3,3,3,3,3,3,3,3,3,3,3,4,4,4,4,4,4,4,4,4,4,4,4,4,4,4,4,4,4,4,4,3,1,0,0,0,0,1,3,4,4,4,4,4,4,4,4,3,1,0,0,0,0,0,0,0,0,0,0,0,4,0,0,0,0,1,3,3,3,3,3,3,3,3,3,3,3,3,3,3,3,3,3,3,3,3,3,3,3,3,3,3,3,3,3,
+3,3,3,3,3,3,3,3,3,3,3,3,3,3,3,3,4,4,4,4,4,4,4,4,4,4,4,4,4,4,4,4,4,4,4,4,3,1,4,0,0,0,1,3,4,4,4,4,4,4,4,4,3,1,0,0,0,0,0,0,0,0,0,0,0,0,0,0,0,0,1,3,3,3,3,3,3,3,3,3,3,3,3,3,3,3,3,3,3,3,3,3,3,3,3,3,3,3,3,3,
 3,3,3,3,3,3,3,3,3,3,3,3,3,3,3,3,4,4,4,4,4,4,4,4,4,4,4,4,4,4,4,4,4,4,4,4,3,1,0,0,0,0,1,3,4,4,4,4,4,4,4,4,3,1,0,0,0,0,0,0,0,0,0,0,0,0,0,0,0,0,1,3,3,3,3,3,3,3,3,3,3,3,3,3,3,3,3,3,3,3,3,3,3,3,3,3,3,3,3,3,
-3,3,3,3,3,3,3,3,3,3,3,3,3,3,3,3,4,4,4,4,4,4,4,4,4,4,4,4,4,4,4,4,4,4,4,4,3,1,0,0,0,0,1,3,4,4,4,4,4,4,4,4,3,1,0,0,0,0,0,0,0,0,0,0,0,0,0,0,0,0,1,3,3,3,3,3,3,3,3,3,3,3,3,3,3,3,3,3,3,3,3,3,3,3,3,3,3,3,3,3,
-3,3,3,3,3,3,3,3,3,3,3,3,3,3,3,3,4,4,4,4,4,4,4,4,4,4,4,4,4,4,4,4,4,4,4,4,3,1,0,0,0,0,1,3,4,4,4,4,4,4,4,4,3,1,0,0,0,0,0,0,0,0,0,0,0,0,0,0,0,0,1,3,3,3,3,3,3,3,3,3,3,3,3,3,3,3,3,3,3,3,3,3,3,3,3,3,3,3,3,3,
-3,3,3,3,3,3,3,3,3,3,3,3,3,3,3,3,4,4,4,4,4,4,4,4,4,4,4,4,4,4,4,4,4,4,4,4,3,1,0,0,0,0,1,3,4,4,4,4,4,4,4,4,3,1,1,1,1,1,1,1,1,1,1,1,1,1,1,1,1,1,1,3,3,3,3,3,3,3,3,3,3,3,3,3,3,3,3,3,3,3,3,3,3,3,3,3,3,3,3,3,
-3,3,3,3,3,3,3,3,3,3,3,3,3,3,3,3,4,4,4,4,4,4,4,4,4,4,4,4,4,4,4,4,4,4,4,4,3,1,0,0,0,0,1,3,4,4,4,4,4,4,4,4,3,3,3,3,3,3,3,3,3,3,3,3,3,3,3,3,3,3,3,3,3,3,3,3,3,3,3,3,3,3,3,3,3,3,3,3,3,3,3,3,3,3,3,3,3,3,3,3,
+3,3,3,3,3,3,3,3,3,3,3,3,3,3,3,3,4,4,4,4,4,4,4,4,4,4,4,4,4,4,4,4,4,4,4,4,3,1,0,0,4,0,1,3,4,4,4,4,4,4,4,4,3,1,0,0,0,0,0,0,0,0,0,0,0,0,0,0,0,0,1,3,3,3,3,3,3,3,3,3,3,3,3,3,3,3,3,3,3,3,3,3,3,3,3,3,3,3,3,3,
+3,3,3,3,3,3,3,3,3,3,3,3,3,3,3,3,4,4,4,4,4,4,4,4,4,4,4,4,4,4,4,4,4,4,4,4,3,1,4,0,0,0,1,3,4,4,4,4,4,4,4,4,3,1,1,1,1,1,1,1,1,1,1,1,1,1,1,1,1,1,1,3,3,3,3,3,3,3,3,3,3,3,3,3,3,3,3,3,3,3,3,3,3,3,3,3,3,3,3,3,
 3,3,3,3,3,3,3,3,3,3,3,3,3,3,3,3,4,4,4,4,4,4,4,4,4,4,4,4,4,4,4,4,4,4,4,4,3,1,0,0,0,0,1,3,4,4,4,4,4,4,4,4,3,3,3,3,3,3,3,3,3,3,3,3,3,3,3,3,3,3,3,3,3,3,3,3,3,3,3,3,3,3,3,3,3,3,3,3,3,3,3,3,3,3,3,3,3,3,3,3,
+3,3,3,3,3,3,3,3,3,3,3,3,3,3,3,3,4,4,4,4,4,4,4,4,4,4,4,4,4,4,4,4,4,4,4,4,3,1,0,4,4,0,1,3,4,4,4,4,4,4,4,4,3,3,3,3,3,3,3,3,3,3,3,3,3,3,3,3,3,3,3,3,3,3,3,3,3,3,3,3,3,3,3,3,3,3,3,3,3,3,3,3,3,3,3,3,3,3,3,3,
 3,3,3,3,3,3,3,3,3,3,3,3,3,3,3,3,4,4,4,4,4,4,4,4,4,4,4,4,4,4,4,4,4,4,4,4,3,1,1,1,1,1,1,3,4,4,4,4,4,4,4,4,3,3,3,3,3,3,3,3,3,3,3,3,3,3,3,3,3,3,3,3,3,3,3,3,3,3,3,3,3,3,3,3,3,3,3,3,3,3,3,3,3,3,3,3,3,3,3,3
 
 [event]
@@ -238,7 +238,7 @@ tooltip=Switch
 type=on_trigger
 location=38,45,1,1
 hotspot=location
-mapmod=collision,39,48,0;collision,40,48,0;collision,39,49,0;collision,40,49,0;object,38,49,212;object,41,49,218;object,39,49,0;object,40,49,0;object,38,45,166;object,41,52,166
+mapmod=collision,39,48,0;collision,40,48,0;collision,39,49,0;collision,40,49,0;object,38,49,212;object,41,49,218;object,39,49,0;object,40,49,0;object,38,45,166
 repeat=false
 requires_not_status=emp_nazia_door
 requires_status=emp_nazia_switch1,emp_nazia_switch2
@@ -276,31 +276,12 @@ requires_status=emp_nazia_switch2
 tooltip=Switch
 
 [event]
-# back door switch
-type=on_trigger
-location=41,52,1,1
-hotspot=location
-mapmod=collision,39,48,0;collision,40,48,0;collision,39,49,0;collision,40,49,0;object,38,48,208;object,41,48,222;object,39,49,0;object,40,49,0;object,38,45,166;object,41,52,166;object,32,29,166;object,67,30,166
-repeat=false
-requires_not_status=emp_nazia_door
-set_status=emp_nazia_door,emp_nazia_switch1,emp_nazia_switch2
-soundfx=soundfx/door_open.ogg
-tooltip=Switch
-
-[event]
 # reset statuses
 type=on_load
 location=91,17,1,1
 unset_status=emp_nazia_switch1,emp_nazia_switch2,emp_nazia_door
 
 [event]
-type=on_trigger
-location=39,58,2,2
-hotspot=location
-msg=Unknown destination
-repeat=false
-
-[event]
 # Crate
 type=on_trigger
 location=35,7,1,1
@@ -396,6 +377,30 @@ intermap=maps/southern_ridge.txt,65,66
 soundfx=soundfx/environment/stairs.ogg,0,0
 tooltip=Southern Ridge
 
+[event]
+# Treasure Chest
+type=on_trigger
+location=38,56,1,1
+hotspot=location
+loot=loot/level_9.txt
+loot_count=2,3
+mapmod=object,38,56,160
+repeat=false
+soundfx=soundfx/wood_open.ogg
+tooltip=Treasure Chest
+
+[event]
+# Treasure Chest
+type=on_trigger
+location=38,53,1,1
+hotspot=location
+loot=loot/level_9.txt
+loot_count=2,3
+mapmod=object,38,53,160
+repeat=false
+soundfx=soundfx/wood_open.ogg
+tooltip=Treasure Chest
+
 [enemy]
 type=dungeon
 location=66,28,12,20
diff --git a/mods/empyrean_campaign/maps/southern_ridge.txt b/mods/empyrean_campaign/maps/southern_ridge.txt
index 9b780c0844522e15669cf4291ce5c611ab0fdf33..6511e45719dff756cf920e9533dea8f7d4124aa0 100644
--- a/mods/empyrean_campaign/maps/southern_ridge.txt
+++ b/mods/empyrean_campaign/maps/southern_ridge.txt
@@ -152,8 +152,8 @@ data=
 0,0,0,0,0,0,0,52,0,0,50,60,53,68,0,0,0,66,58,0,0,0,0,0,48,0,253,0,0,0,65,61,0,0,0,0,0,0,0,0,0,0,0,0,0,0,0,0,60,64,0,0,0,0,0,0,0,0,0,0,0,69,57,0,0,0,0,0,0,0,0,0,0,0,0,0,0,0,0,0,
 0,0,0,0,0,0,0,48,117,0,69,64,246,0,0,0,0,50,0,0,0,0,0,0,52,0,0,0,0,0,244,65,57,0,0,0,0,0,0,0,0,0,0,0,0,60,49,53,68,240,0,0,0,0,255,0,0,0,0,0,0,0,50,0,0,0,0,0,0,0,0,0,0,0,0,0,0,0,0,0,
 0,0,0,0,0,0,60,64,0,0,0,0,0,0,0,0,0,50,0,0,0,0,0,56,68,0,73,0,102,0,0,0,65,49,53,53,49,53,61,0,0,0,0,0,60,68,0,0,0,0,0,0,0,0,0,0,0,0,0,0,0,0,69,57,0,0,0,0,0,0,0,0,0,0,0,0,0,0,0,0,
-0,0,0,0,0,0,48,0,0,0,0,0,0,0,0,0,0,50,0,0,0,0,0,52,0,0,72,0,0,0,0,0,0,130,0,0,253,0,69,61,0,0,0,56,68,0,0,254,0,0,0,0,0,0,0,0,0,0,0,0,0,0,0,50,0,0,0,0,0,0,0,0,0,0,0,0,0,0,0,0,
-0,0,0,0,0,56,64,254,0,0,0,0,0,0,0,0,66,62,0,0,0,0,0,52,250,0,0,0,121,0,0,0,0,0,0,0,0,0,0,69,61,0,60,68,250,0,0,0,0,0,0,0,0,0,0,0,0,66,51,51,71,0,0,65,57,0,0,0,0,0,0,0,0,0,0,0,0,0,0,0,
+0,0,0,0,0,0,48,0,0,0,0,0,0,0,0,0,0,50,0,0,0,0,0,225,0,0,72,0,0,0,0,0,0,130,0,0,253,0,69,61,0,0,0,56,68,0,0,254,0,0,0,0,0,0,0,0,0,0,0,0,0,0,0,50,0,0,0,0,0,0,0,0,0,0,0,0,0,0,0,0,
+0,0,0,0,0,56,64,254,0,0,0,0,0,0,0,0,66,62,0,0,0,0,0,224,0,0,0,0,121,0,0,0,0,0,0,0,0,0,0,69,61,0,60,68,250,0,0,0,0,0,0,0,0,0,0,0,0,66,51,51,71,0,0,65,57,0,0,0,0,0,0,0,0,0,0,0,0,0,0,0,
 0,0,0,0,60,64,113,0,0,0,0,0,0,0,0,0,50,0,0,0,0,0,0,48,128,0,113,0,0,0,0,0,0,0,0,0,0,0,0,242,69,49,64,0,0,0,0,0,66,55,71,0,0,0,0,0,66,62,0,0,63,67,0,0,69,57,0,0,0,0,0,0,0,0,0,0,0,0,0,0,
 0,0,0,0,52,109,0,0,0,0,0,0,0,0,0,0,50,0,0,0,0,0,0,63,67,0,0,0,0,70,55,55,71,0,0,0,125,0,0,0,0,0,0,0,0,0,0,0,50,0,52,246,0,0,0,0,54,0,0,0,0,48,118,0,0,65,57,0,0,0,0,0,0,0,0,0,0,0,0,0,
 0,0,0,0,52,108,0,0,0,0,0,0,0,0,0,249,54,0,0,0,0,0,0,0,48,244,0,0,0,54,0,0,48,0,0,0,0,0,0,0,0,0,0,0,0,0,0,0,65,53,64,0,0,0,0,0,50,0,0,60,53,68,0,0,0,0,69,57,0,0,0,0,0,0,0,0,0,0,0,0,
@@ -236,8 +236,8 @@ data=
 3,3,3,3,3,3,3,1,0,0,1,1,1,1,0,0,0,1,1,3,3,3,3,3,1,0,1,0,0,0,1,1,3,3,3,3,3,3,3,3,3,3,3,3,3,3,3,3,1,1,0,0,0,0,0,0,0,0,0,0,0,1,1,3,3,3,3,3,3,3,3,3,3,3,3,3,3,3,3,3,
 3,3,3,3,3,3,3,1,0,0,1,1,1,0,0,0,0,1,3,3,3,3,3,3,1,0,0,0,0,0,1,1,1,3,3,3,3,3,3,3,3,3,3,3,3,1,1,1,1,1,0,0,0,0,1,0,0,0,0,0,0,0,1,3,3,3,3,3,3,3,3,3,3,3,3,3,3,3,3,3,
 3,3,3,3,3,3,1,1,0,0,0,0,0,0,0,0,0,1,3,3,3,3,3,1,1,0,4,0,4,0,0,0,1,1,1,1,1,1,1,3,3,3,3,3,1,1,0,0,0,0,0,0,0,0,0,0,0,0,0,0,0,0,1,1,3,3,3,3,3,3,3,3,3,3,3,3,3,3,3,3,
-3,3,3,3,3,3,1,0,0,0,0,0,0,0,0,0,0,1,3,3,3,3,3,1,0,0,4,0,0,0,0,0,0,4,0,0,1,0,1,1,3,3,3,1,1,0,0,1,0,0,0,0,0,0,0,0,0,0,0,0,0,0,0,1,3,3,3,3,3,3,3,3,3,3,3,3,3,3,3,3,
-3,3,3,3,3,1,1,1,0,0,0,0,0,0,0,0,1,1,3,3,3,3,3,1,1,0,0,0,0,0,0,0,0,0,0,0,0,0,0,1,1,1,1,1,1,0,0,0,0,0,0,0,0,0,0,0,0,1,1,1,1,0,0,1,1,3,3,3,3,3,3,3,3,3,3,3,3,3,3,3,
+3,3,3,3,3,3,1,0,0,0,0,0,0,0,0,0,0,1,3,3,3,3,3,0,0,0,4,0,0,0,0,0,0,4,0,0,1,0,1,1,3,3,3,1,1,0,0,1,0,0,0,0,0,0,0,0,0,0,0,0,0,0,0,1,3,3,3,3,3,3,3,3,3,3,3,3,3,3,3,3,
+3,3,3,3,3,1,1,1,0,0,0,0,0,0,0,0,1,1,3,3,3,3,3,0,0,0,0,0,0,0,0,0,0,0,0,0,0,0,0,1,1,1,1,1,1,0,0,0,0,0,0,0,0,0,0,0,0,1,1,1,1,0,0,1,1,3,3,3,3,3,3,3,3,3,3,3,3,3,3,3,
 3,3,3,3,1,1,0,0,0,0,0,0,0,0,0,0,1,3,3,3,3,3,3,1,4,0,0,0,0,0,0,0,0,0,0,0,0,0,0,1,1,1,1,0,0,0,0,0,1,1,1,0,0,0,0,0,1,1,3,3,1,1,0,0,1,1,3,3,3,3,3,3,3,3,3,3,3,3,3,3,
 3,3,3,3,1,4,0,0,0,0,0,0,0,0,0,0,1,3,3,3,3,3,3,1,1,0,0,0,0,1,1,1,1,0,0,0,0,0,0,0,0,0,0,0,0,0,0,0,1,3,1,1,0,0,0,0,1,3,3,3,3,1,0,0,0,1,1,3,3,3,3,3,3,3,3,3,3,3,3,3,
 3,3,3,3,1,4,0,0,0,0,0,0,0,0,0,1,1,3,3,3,3,3,3,3,1,1,0,0,0,1,3,3,1,0,0,0,0,0,0,0,0,0,0,0,0,0,0,0,1,1,1,0,0,0,0,0,1,3,3,1,1,1,0,0,0,0,1,1,3,3,3,3,3,3,3,3,3,3,3,3,
@@ -374,6 +374,19 @@ hotspot=location
 intermap=maps/black_oak_farm.txt,87,97
 tooltip=Black Oak Farm
 
+[event]
+type=on_trigger
+location=23,48,1,2
+hotspot=location
+msg=Unknown destination
+repeat=false
+
+[event]
+type=grassland
+location=33,49,4,9
+level=9
+number=2
+
 [enemy]
 type=grassland
 location=38,59,18,12
@@ -388,9 +401,9 @@ number=4,5
 
 [enemy]
 type=grassland
-location=25,46,12,25
+location=26,59,11,12
 level=9
-number=5
+number=3
 
 [enemy]
 type=grassland
@@ -400,7 +413,7 @@ number=6
 
 [enemy]
 type=grassland
-location=6,31,18,23
+location=6,31,17,23
 level=9
 number=5
 
diff --git a/tiled/empyrean_campaign/dilapidated_sewers.tmx b/tiled/empyrean_campaign/dilapidated_sewers.tmx
index c96a4332f149b109acda6851c300451006eeed94..1d252bbcd252fbc3297e759c76ab281a7b194cdc 100644
--- a/tiled/empyrean_campaign/dilapidated_sewers.tmx
+++ b/tiled/empyrean_campaign/dilapidated_sewers.tmx
@@ -1,5 +1,5 @@
 <?xml version="1.0" encoding="UTF-8"?>
-<map version="1.0" orientation="isometric" renderorder="right-down" width="80" height="80" tilewidth="64" tileheight="32" backgroundcolor="#000000" nextobjectid="58">
+<map version="1.0" orientation="isometric" renderorder="right-down" width="80" height="80" tilewidth="64" tileheight="32" backgroundcolor="#000000" nextobjectid="59">
  <properties>
   <property name="music" value="music/dungeon_theme.ogg"/>
   <property name="tileset" value="tilesetdefs/tileset_dungeon.txt"/>
@@ -198,7 +198,7 @@
 0,0,0,0,0,0,0,0,0,0,0,0,0,0,0,0,0,0,0,0,0,0,0,0,0,0,0,0,0,0,0,0,0,0,0,0,0,0,0,0,0,0,0,0,0,0,0,0,0,0,0,0,0,0,0,0,0,0,0,0,0,0,0,0,0,0,0,0,0,0,0,0,0,0,0,0,0,0,0,0
 </data>
  </layer>
- <layer name="collision" width="80" height="80" visible="0">
+ <layer name="collision" width="80" height="80">
   <data encoding="csv">
 3,3,3,3,3,3,3,3,3,3,3,3,3,3,3,3,3,3,3,3,3,3,3,3,3,3,3,3,3,3,3,3,3,3,3,3,3,3,3,3,3,3,3,3,3,3,3,3,3,3,3,3,3,3,3,3,3,3,3,3,3,3,3,3,3,3,3,3,3,3,3,3,3,3,3,3,3,3,3,3,
 3,3,3,3,3,3,3,3,3,3,3,3,3,3,3,3,3,3,3,3,3,3,3,3,3,3,3,3,3,3,3,3,3,3,3,3,3,3,3,3,3,3,3,3,3,3,3,3,3,3,3,3,3,3,3,3,3,3,3,3,3,3,3,3,3,3,3,3,3,3,3,3,3,3,3,3,3,3,3,3,
@@ -206,8 +206,8 @@
 3,1,1,1,1,1,1,1,1,1,1,1,1,1,1,1,1,1,1,1,1,1,1,1,1,1,1,1,1,1,1,1,1,1,1,3,3,3,3,3,3,3,3,3,3,3,3,3,3,3,3,3,3,3,3,3,3,3,1,0,0,0,0,0,0,0,0,0,0,0,0,0,0,0,0,0,0,1,3,3,
 3,1,0,0,0,0,0,0,0,0,0,0,0,0,0,0,0,0,0,0,0,0,0,0,0,0,0,0,0,0,0,0,0,0,1,3,3,3,3,3,3,3,3,3,3,3,3,3,3,3,3,3,3,3,3,3,3,3,1,0,0,0,0,0,0,0,0,0,0,0,0,0,0,0,0,0,0,1,3,3,
 3,1,0,0,0,0,0,0,0,0,0,0,0,0,0,0,0,0,0,0,0,0,0,0,0,0,0,0,0,0,0,0,0,0,1,3,3,3,3,3,3,3,3,3,3,3,3,3,3,3,3,3,3,3,3,3,3,3,1,0,0,0,0,0,0,0,0,0,4,1,0,0,0,0,1,4,0,1,3,3,
-3,1,0,0,0,0,0,0,0,0,0,0,0,0,1,1,0,0,0,0,0,0,0,0,0,0,0,0,0,0,0,0,0,0,1,3,3,3,3,3,3,3,3,3,3,3,3,3,3,3,3,3,3,3,3,3,3,3,1,0,1,1,1,1,0,0,0,0,0,0,0,0,0,0,0,0,0,1,3,3,
-3,1,0,0,0,0,0,0,0,0,0,0,0,0,1,1,0,0,0,0,0,0,0,0,0,0,0,0,0,0,0,0,0,0,1,3,3,3,3,3,3,3,3,3,3,3,3,3,3,3,3,3,3,3,3,3,3,3,1,0,1,3,3,0,0,0,0,0,0,0,0,0,0,0,0,0,0,1,3,3,
+3,0,0,0,0,0,0,0,0,0,0,0,0,0,1,1,0,0,0,0,0,0,0,0,0,0,0,0,0,0,0,0,0,0,1,3,3,3,3,3,3,3,3,3,3,3,3,3,3,3,3,3,3,3,3,3,3,3,1,0,1,1,1,1,0,0,0,0,0,0,0,0,0,0,0,0,0,1,3,3,
+3,0,0,0,0,0,0,0,0,0,0,0,0,0,1,1,0,0,0,0,0,0,0,0,0,0,0,0,0,0,0,0,0,0,1,3,3,3,3,3,3,3,3,3,3,3,3,3,3,3,3,3,3,3,3,3,3,3,1,0,1,3,3,0,0,0,0,0,0,0,0,0,0,0,0,0,0,1,3,3,
 3,1,0,0,0,0,0,0,0,0,0,0,0,0,0,0,0,0,0,0,0,0,0,0,0,0,0,0,0,0,0,0,0,0,1,3,3,3,3,3,3,3,3,3,3,3,3,3,3,3,3,3,3,3,3,3,3,3,1,0,1,3,3,0,0,0,0,0,0,0,0,0,0,0,0,0,0,1,3,3,
 3,1,0,0,0,0,0,0,0,0,0,0,0,0,0,0,0,0,0,0,0,0,0,0,0,0,0,0,0,0,0,0,0,0,1,3,3,3,3,3,3,3,3,3,3,3,3,3,3,3,3,3,3,3,3,3,3,3,1,0,1,1,1,1,0,0,0,0,0,0,0,0,0,0,0,0,0,1,3,3,
 3,1,1,1,1,1,1,1,1,1,1,1,0,0,0,0,0,0,1,1,1,1,1,1,1,1,1,1,1,1,0,0,0,0,1,3,3,3,3,3,3,3,3,3,3,3,3,3,3,3,3,3,3,3,3,3,3,3,1,0,0,0,0,0,0,0,0,0,4,1,0,0,0,0,1,4,0,1,3,3,
@@ -282,7 +282,7 @@
 3,3,3,3,3,3,3,3,3,3,3,3,3,3,3,3,3,3,3,3,3,3,3,3,3,3,3,3,3,3,3,3,3,3,3,3,3,3,3,3,3,3,3,3,3,3,3,3,3,3,3,3,3,3,3,3,3,3,3,3,3,3,3,3,3,3,3,3,3,3,3,3,3,3,3,3,3,3,3,3
 </data>
  </layer>
- <objectgroup name="event" visible="0">
+ <objectgroup name="event">
   <object id="1" name="to Black Oak Farm (east)" type="on_trigger" x="2016" y="224" width="32" height="64">
    <properties>
     <property name="hotspot" value="location"/>
@@ -499,6 +499,13 @@
     <property name="soundfx" value="soundfx/environment/cave_droplets_loop.ogg"/>
    </properties>
   </object>
+  <object id="58" type="on_trigger" x="0" y="192" width="64" height="64">
+   <properties>
+    <property name="hotspot" value="location"/>
+    <property name="msg" value="Unknown destination"/>
+    <property name="repeat" value="false"/>
+   </properties>
+  </object>
  </objectgroup>
  <objectgroup name="enemy">
   <object id="41" type="dungeon" x="2304" y="192" width="128" height="128">
diff --git a/tiled/empyrean_campaign/nazia_highlands.tmx b/tiled/empyrean_campaign/nazia_highlands.tmx
index 19c457f5703675b61853589805e6696367715c7f..6e336d81795e6d87bc5baf0bfbeee24ce80b70ef 100644
--- a/tiled/empyrean_campaign/nazia_highlands.tmx
+++ b/tiled/empyrean_campaign/nazia_highlands.tmx
@@ -1,5 +1,5 @@
 <?xml version="1.0" encoding="UTF-8"?>
-<map version="1.0" orientation="isometric" renderorder="right-down" width="80" height="80" tilewidth="64" tileheight="32" backgroundcolor="#000000" nextobjectid="21">
+<map version="1.0" orientation="isometric" renderorder="right-down" width="80" height="80" tilewidth="64" tileheight="32" backgroundcolor="#000000" nextobjectid="23">
  <properties>
   <property name="music" value="music/overworld_theme.ogg"/>
   <property name="tileset" value="tilesetdefs/tileset_grassland.txt"/>
@@ -128,7 +128,7 @@
 0,0,0,48,0,0,0,0,0,0,0,0,0,0,0,0,0,0,0,0,0,0,0,0,0,0,0,65,61,0,0,0,0,0,48,0,0,211,0,0,0,0,0,0,0,0,0,0,0,142,69,49,57,0,0,0,0,0,0,0,0,0,0,0,48,104,0,0,0,0,0,0,0,0,0,255,50,0,0,0,
 0,0,0,48,0,0,0,0,0,0,0,0,0,0,0,0,0,0,0,0,0,0,0,0,0,0,249,0,50,0,0,0,0,0,52,0,0,210,0,0,0,0,0,0,0,0,0,0,0,118,0,0,65,49,53,49,61,0,0,0,0,0,0,60,68,0,0,0,0,0,0,0,0,0,0,0,50,0,0,0,
 0,0,0,52,240,0,0,0,0,0,0,0,0,0,0,0,0,0,0,0,0,0,0,0,0,0,0,0,50,0,0,0,0,0,52,0,208,209,0,0,0,0,0,0,0,0,0,0,0,0,0,0,0,0,0,0,69,49,49,49,53,53,53,68,116,0,0,0,0,0,0,0,0,0,0,0,50,0,0,0,
-0,0,0,48,0,0,0,0,0,0,0,0,244,66,51,55,55,71,98,0,0,0,0,0,0,0,0,0,50,0,0,0,0,60,64,0,101,96,0,0,0,0,250,0,0,0,0,0,0,0,0,0,0,0,0,252,0,0,0,128,0,0,0,0,0,0,0,0,0,0,0,0,0,0,0,70,58,0,0,0,
+0,0,0,48,0,0,0,0,0,0,0,0,244,66,51,55,55,71,137,0,0,0,0,0,0,0,0,0,50,0,0,0,0,60,64,0,101,96,0,0,0,0,250,0,0,0,0,0,0,0,0,0,0,0,0,252,0,0,0,128,0,0,0,0,0,0,0,0,0,0,0,0,0,0,0,70,58,0,0,0,
 0,0,0,52,0,0,0,0,0,0,0,66,55,58,0,0,0,59,67,0,0,0,0,0,0,0,0,0,54,0,0,0,0,52,131,0,246,0,0,0,0,0,0,0,0,0,0,0,0,0,0,0,0,0,0,0,0,0,0,0,0,0,251,0,0,0,0,0,0,0,0,0,240,0,70,62,0,0,0,0,
 0,0,0,63,71,0,0,0,0,0,0,54,0,0,0,0,0,0,63,67,0,0,0,0,0,0,0,0,50,0,0,0,0,48,0,0,0,0,0,0,130,0,0,0,0,113,0,0,0,0,0,0,0,0,0,0,0,0,0,0,0,0,0,0,0,0,0,0,0,0,70,55,55,55,58,0,0,0,0,0,
 0,0,0,0,48,0,124,0,0,0,0,50,0,0,0,0,0,0,0,48,0,0,0,0,0,0,0,0,50,0,0,0,0,52,0,0,0,0,0,0,102,0,0,0,0,0,0,0,0,0,0,0,0,0,0,0,0,0,0,0,0,0,0,0,0,0,0,0,0,0,50,0,0,0,0,0,0,0,0,0,
@@ -310,16 +310,6 @@
     <property name="soundfx" value="soundfx/environment/forest_owl_loop.ogg"/>
    </properties>
   </object>
-  <object id="6" name="Supplies" type="on_trigger" x="576" y="416" width="32" height="32">
-   <properties>
-    <property name="hotspot" value="location"/>
-    <property name="loot" value="loot/level_9.txt"/>
-    <property name="mapmod" value="object,18,13,99"/>
-    <property name="repeat" value="false"/>
-    <property name="soundfx" value="soundfx/wood_open.ogg"/>
-    <property name="tooltip" value="Supplies"/>
-   </properties>
-  </object>
   <object id="7" name="Supplies" type="on_trigger" x="1184" y="416" width="32" height="32">
    <properties>
     <property name="hotspot" value="location"/>
@@ -369,6 +359,13 @@
     <property name="tooltip" value="Nazia Underground"/>
    </properties>
   </object>
+  <object id="21" type="on_trigger" x="384" y="160" width="64" height="32">
+   <properties>
+    <property name="hotspot" value="location"/>
+    <property name="msg" value="Unknown destination"/>
+    <property name="repeat" value="false"/>
+   </properties>
+  </object>
  </objectgroup>
  <objectgroup name="enemy">
   <object id="12" type="grassland" x="1088" y="224" width="768" height="800">
@@ -389,10 +386,10 @@
     <property name="number" value="6,7"/>
    </properties>
   </object>
-  <object id="15" type="grassland" x="128" y="192" width="768" height="800">
+  <object id="15" type="grassland" x="128" y="384" width="256" height="608">
    <properties>
     <property name="level" value="9"/>
-    <property name="number" value="6,7"/>
+    <property name="number" value="3,4"/>
    </properties>
   </object>
   <object id="17" type="grassland" x="256" y="1184" width="224" height="704">
@@ -401,6 +398,12 @@
     <property name="number" value="3"/>
    </properties>
   </object>
+  <object id="22" type="grassland" x="640" y="288" width="256" height="608">
+   <properties>
+    <property name="level" value="9"/>
+    <property name="number" value="3,4"/>
+   </properties>
+  </object>
  </objectgroup>
  <objectgroup name="npc">
   <object id="18" type="npcs/abasi_2.txt" x="1984" y="2304" width="32" height="32"/>
diff --git a/tiled/empyrean_campaign/nazia_underground.tmx b/tiled/empyrean_campaign/nazia_underground.tmx
index 583acf1620b60ed51db27a3bb339c6e6fae10147..75ed9a71ad3fa9974c48a8b5fed8a470241b4ed5 100644
--- a/tiled/empyrean_campaign/nazia_underground.tmx
+++ b/tiled/empyrean_campaign/nazia_underground.tmx
@@ -1,5 +1,5 @@
 <?xml version="1.0" encoding="UTF-8"?>
-<map version="1.0" orientation="isometric" renderorder="right-down" width="100" height="60" tilewidth="64" tileheight="32" backgroundcolor="#000000" nextobjectid="27">
+<map version="1.0" orientation="isometric" renderorder="right-down" width="100" height="60" tilewidth="64" tileheight="32" backgroundcolor="#000000" nextobjectid="29">
  <properties>
   <property name="music" value="music/dungeon_theme.ogg"/>
   <property name="tileset" value="tilesetdefs/tileset_dungeon.txt"/>
@@ -148,14 +148,14 @@
 0,0,0,0,0,0,0,0,0,0,0,0,0,0,0,0,0,0,0,0,0,0,0,0,0,0,0,0,0,0,0,0,0,0,0,0,0,0,64,282,283,82,0,0,0,0,0,0,0,0,0,0,0,98,0,0,0,0,0,0,0,0,0,0,0,0,0,0,0,0,82,0,0,0,0,0,0,0,0,0,0,0,0,0,0,0,0,0,0,0,0,0,0,0,0,0,0,0,0,0,
 0,0,0,0,0,0,0,0,0,0,0,0,0,0,0,0,0,0,0,0,0,0,0,0,0,0,0,0,0,0,0,0,0,0,0,0,0,77,73,0,0,90,94,0,0,0,0,0,0,0,0,0,0,106,0,0,0,0,75,72,0,0,0,0,75,72,0,0,0,0,82,0,0,0,0,0,0,0,0,0,0,0,0,0,0,0,0,0,0,0,0,0,0,0,0,0,0,0,0,0,
 0,0,0,0,0,0,0,0,0,0,0,0,0,0,0,0,0,0,0,0,0,0,0,0,0,0,0,0,0,0,0,0,0,0,0,0,0,98,0,0,0,151,82,0,0,0,0,0,0,0,0,0,0,104,0,0,0,0,74,73,0,0,0,0,74,73,0,0,0,0,82,0,0,0,0,0,0,0,0,0,0,0,0,0,0,0,0,0,0,0,0,0,0,0,0,0,0,0,0,0,
-0,0,0,0,0,0,0,0,0,0,0,0,0,0,0,0,0,0,0,0,0,0,0,0,0,0,0,0,0,0,0,0,0,0,0,0,0,102,0,0,0,150,82,0,0,0,0,0,0,0,0,0,0,102,0,0,0,0,0,0,0,0,0,0,0,146,0,0,0,0,82,0,0,0,0,0,0,0,0,0,0,0,0,0,0,0,0,0,0,0,0,0,0,0,0,0,0,0,0,0,
-0,0,0,0,0,0,0,0,0,0,0,0,0,0,0,0,0,0,0,0,0,0,0,0,0,0,0,0,0,0,0,0,0,0,0,0,0,106,0,0,0,0,82,0,0,0,0,0,0,0,0,0,0,106,0,0,0,0,0,0,0,0,0,0,0,0,0,0,0,0,82,0,0,0,0,0,0,0,0,0,0,0,0,0,0,0,0,0,0,0,0,0,0,0,0,0,0,0,0,0,
+0,0,0,0,0,0,0,0,0,0,0,0,0,0,0,0,0,0,0,0,0,0,0,0,0,0,0,0,0,0,0,0,0,0,0,0,0,102,0,0,0,0,82,0,0,0,0,0,0,0,0,0,0,102,0,0,0,0,0,0,0,0,0,0,0,146,0,0,0,0,82,0,0,0,0,0,0,0,0,0,0,0,0,0,0,0,0,0,0,0,0,0,0,0,0,0,0,0,0,0,
+0,0,0,0,0,0,0,0,0,0,0,0,0,0,0,0,0,0,0,0,0,0,0,0,0,0,0,0,0,0,0,0,0,0,0,0,0,106,144,0,0,0,82,0,0,0,0,0,0,0,0,0,0,106,0,0,0,0,0,0,0,0,0,0,0,0,0,0,0,0,82,0,0,0,0,0,0,0,0,0,0,0,0,0,0,0,0,0,0,0,0,0,0,0,0,0,0,0,0,0,
 0,0,0,0,0,0,0,0,0,0,0,0,0,0,0,0,0,0,0,0,0,0,0,0,0,0,0,0,0,0,0,0,0,0,0,0,0,96,0,0,0,0,82,0,0,0,0,0,0,0,0,0,0,98,0,0,0,0,0,0,0,0,0,0,0,0,0,0,0,0,82,0,0,0,0,0,0,0,0,0,0,0,0,0,0,0,0,0,0,0,0,0,0,0,0,0,0,0,0,0,
-0,0,0,0,0,0,0,0,0,0,0,0,0,0,0,0,0,0,0,0,0,0,0,0,0,0,0,0,0,0,0,0,0,0,0,0,0,108,0,0,0,0,82,0,0,0,0,0,0,0,0,0,0,64,0,0,0,0,0,0,0,0,0,0,0,0,0,0,0,0,82,0,0,0,0,0,0,0,0,0,0,0,0,0,0,0,0,0,0,0,0,0,0,0,0,0,0,0,0,0,
-0,0,0,0,0,0,0,0,0,0,0,0,0,0,0,0,0,0,0,0,0,0,0,0,0,0,0,0,0,0,0,0,0,0,0,0,0,106,0,0,0,0,82,0,0,0,0,0,0,0,0,0,0,76,71,83,83,83,83,83,83,83,83,83,83,83,83,83,83,83,95,0,0,0,0,0,0,0,0,0,0,0,0,0,0,0,0,0,0,0,0,0,0,0,0,0,0,0,0,0,
+0,0,0,0,0,0,0,0,0,0,0,0,0,0,0,0,0,0,0,0,0,0,0,0,0,0,0,0,0,0,0,0,0,0,0,0,0,108,0,0,148,0,82,0,0,0,0,0,0,0,0,0,0,64,0,0,0,0,0,0,0,0,0,0,0,0,0,0,0,0,82,0,0,0,0,0,0,0,0,0,0,0,0,0,0,0,0,0,0,0,0,0,0,0,0,0,0,0,0,0,
+0,0,0,0,0,0,0,0,0,0,0,0,0,0,0,0,0,0,0,0,0,0,0,0,0,0,0,0,0,0,0,0,0,0,0,0,0,106,144,0,0,0,82,0,0,0,0,0,0,0,0,0,0,76,71,83,83,83,83,83,83,83,83,83,83,83,83,83,83,83,95,0,0,0,0,0,0,0,0,0,0,0,0,0,0,0,0,0,0,0,0,0,0,0,0,0,0,0,0,0,
 0,0,0,0,0,0,0,0,0,0,0,0,0,0,0,0,0,0,0,0,0,0,0,0,0,0,0,0,0,0,0,0,0,0,0,0,0,102,0,0,0,0,82,0,0,0,0,0,0,0,0,0,0,0,0,0,0,0,0,0,0,0,0,0,0,0,0,0,0,0,0,0,0,0,0,0,0,0,0,0,0,0,0,0,0,0,0,0,0,0,0,0,0,0,0,0,0,0,0,0,
-0,0,0,0,0,0,0,0,0,0,0,0,0,0,0,0,0,0,0,0,0,0,0,0,0,0,0,0,0,0,0,0,0,0,0,0,0,98,0,0,0,0,82,0,0,0,0,0,0,0,0,0,0,0,0,0,0,0,0,0,0,0,0,0,0,0,0,0,0,0,0,0,0,0,0,0,0,0,0,0,0,0,0,0,0,0,0,0,0,0,0,0,0,0,0,0,0,0,0,0,
-0,0,0,0,0,0,0,0,0,0,0,0,0,0,0,0,0,0,0,0,0,0,0,0,0,0,0,0,0,0,0,0,0,0,0,0,0,76,71,282,283,83,95,0,0,0,0,0,0,0,0,0,0,0,0,0,0,0,0,0,0,0,0,0,0,0,0,0,0,0,0,0,0,0,0,0,0,0,0,0,0,0,0,0,0,0,0,0,0,0,0,0,0,0,0,0,0,0,0,0
+0,0,0,0,0,0,0,0,0,0,0,0,0,0,0,0,0,0,0,0,0,0,0,0,0,0,0,0,0,0,0,0,0,0,0,0,0,98,0,137,137,0,82,0,0,0,0,0,0,0,0,0,0,0,0,0,0,0,0,0,0,0,0,0,0,0,0,0,0,0,0,0,0,0,0,0,0,0,0,0,0,0,0,0,0,0,0,0,0,0,0,0,0,0,0,0,0,0,0,0,
+0,0,0,0,0,0,0,0,0,0,0,0,0,0,0,0,0,0,0,0,0,0,0,0,0,0,0,0,0,0,0,0,0,0,0,0,0,76,71,83,83,83,95,0,0,0,0,0,0,0,0,0,0,0,0,0,0,0,0,0,0,0,0,0,0,0,0,0,0,0,0,0,0,0,0,0,0,0,0,0,0,0,0,0,0,0,0,0,0,0,0,0,0,0,0,0,0,0,0,0
 </data>
  </layer>
  <layer name="collision" width="100" height="60">
@@ -212,13 +212,13 @@
 3,3,3,3,3,3,3,3,3,3,3,3,3,3,3,3,4,4,4,4,4,4,4,4,4,4,4,4,4,4,4,4,4,4,4,4,3,3,1,1,1,1,3,3,4,4,4,4,4,4,4,4,3,1,0,0,0,0,0,0,0,0,0,0,0,0,0,0,0,0,1,3,3,3,3,3,3,3,3,3,3,3,3,3,3,3,3,3,3,3,3,3,3,3,3,3,3,3,3,3,
 3,3,3,3,3,3,3,3,3,3,3,3,3,3,3,3,4,4,4,4,4,4,4,4,4,4,4,4,4,4,4,4,4,4,4,4,3,1,1,0,0,1,1,3,4,4,4,4,4,4,4,4,3,1,0,0,0,0,1,1,0,0,0,0,1,1,0,0,0,0,1,3,3,3,3,3,3,3,3,3,3,3,3,3,3,3,3,3,3,3,3,3,3,3,3,3,3,3,3,3,
 3,3,3,3,3,3,3,3,3,3,3,3,3,3,3,3,4,4,4,4,4,4,4,4,4,4,4,4,4,4,4,4,4,4,4,4,3,1,0,0,0,4,1,3,4,4,4,4,4,4,4,4,3,1,0,0,0,0,1,1,0,0,0,0,1,1,0,0,0,0,1,3,3,3,3,3,3,3,3,3,3,3,3,3,3,3,3,3,3,3,3,3,3,3,3,3,3,3,3,3,
-3,3,3,3,3,3,3,3,3,3,3,3,3,3,3,3,4,4,4,4,4,4,4,4,4,4,4,4,4,4,4,4,4,4,4,4,3,1,0,0,0,4,1,3,4,4,4,4,4,4,4,4,3,1,0,0,0,0,0,0,0,0,0,0,0,4,0,0,0,0,1,3,3,3,3,3,3,3,3,3,3,3,3,3,3,3,3,3,3,3,3,3,3,3,3,3,3,3,3,3,
+3,3,3,3,3,3,3,3,3,3,3,3,3,3,3,3,4,4,4,4,4,4,4,4,4,4,4,4,4,4,4,4,4,4,4,4,3,1,0,0,0,0,1,3,4,4,4,4,4,4,4,4,3,1,0,0,0,0,0,0,0,0,0,0,0,4,0,0,0,0,1,3,3,3,3,3,3,3,3,3,3,3,3,3,3,3,3,3,3,3,3,3,3,3,3,3,3,3,3,3,
+3,3,3,3,3,3,3,3,3,3,3,3,3,3,3,3,4,4,4,4,4,4,4,4,4,4,4,4,4,4,4,4,4,4,4,4,3,1,4,0,0,0,1,3,4,4,4,4,4,4,4,4,3,1,0,0,0,0,0,0,0,0,0,0,0,0,0,0,0,0,1,3,3,3,3,3,3,3,3,3,3,3,3,3,3,3,3,3,3,3,3,3,3,3,3,3,3,3,3,3,
 3,3,3,3,3,3,3,3,3,3,3,3,3,3,3,3,4,4,4,4,4,4,4,4,4,4,4,4,4,4,4,4,4,4,4,4,3,1,0,0,0,0,1,3,4,4,4,4,4,4,4,4,3,1,0,0,0,0,0,0,0,0,0,0,0,0,0,0,0,0,1,3,3,3,3,3,3,3,3,3,3,3,3,3,3,3,3,3,3,3,3,3,3,3,3,3,3,3,3,3,
-3,3,3,3,3,3,3,3,3,3,3,3,3,3,3,3,4,4,4,4,4,4,4,4,4,4,4,4,4,4,4,4,4,4,4,4,3,1,0,0,0,0,1,3,4,4,4,4,4,4,4,4,3,1,0,0,0,0,0,0,0,0,0,0,0,0,0,0,0,0,1,3,3,3,3,3,3,3,3,3,3,3,3,3,3,3,3,3,3,3,3,3,3,3,3,3,3,3,3,3,
-3,3,3,3,3,3,3,3,3,3,3,3,3,3,3,3,4,4,4,4,4,4,4,4,4,4,4,4,4,4,4,4,4,4,4,4,3,1,0,0,0,0,1,3,4,4,4,4,4,4,4,4,3,1,0,0,0,0,0,0,0,0,0,0,0,0,0,0,0,0,1,3,3,3,3,3,3,3,3,3,3,3,3,3,3,3,3,3,3,3,3,3,3,3,3,3,3,3,3,3,
-3,3,3,3,3,3,3,3,3,3,3,3,3,3,3,3,4,4,4,4,4,4,4,4,4,4,4,4,4,4,4,4,4,4,4,4,3,1,0,0,0,0,1,3,4,4,4,4,4,4,4,4,3,1,1,1,1,1,1,1,1,1,1,1,1,1,1,1,1,1,1,3,3,3,3,3,3,3,3,3,3,3,3,3,3,3,3,3,3,3,3,3,3,3,3,3,3,3,3,3,
-3,3,3,3,3,3,3,3,3,3,3,3,3,3,3,3,4,4,4,4,4,4,4,4,4,4,4,4,4,4,4,4,4,4,4,4,3,1,0,0,0,0,1,3,4,4,4,4,4,4,4,4,3,3,3,3,3,3,3,3,3,3,3,3,3,3,3,3,3,3,3,3,3,3,3,3,3,3,3,3,3,3,3,3,3,3,3,3,3,3,3,3,3,3,3,3,3,3,3,3,
+3,3,3,3,3,3,3,3,3,3,3,3,3,3,3,3,4,4,4,4,4,4,4,4,4,4,4,4,4,4,4,4,4,4,4,4,3,1,0,0,4,0,1,3,4,4,4,4,4,4,4,4,3,1,0,0,0,0,0,0,0,0,0,0,0,0,0,0,0,0,1,3,3,3,3,3,3,3,3,3,3,3,3,3,3,3,3,3,3,3,3,3,3,3,3,3,3,3,3,3,
+3,3,3,3,3,3,3,3,3,3,3,3,3,3,3,3,4,4,4,4,4,4,4,4,4,4,4,4,4,4,4,4,4,4,4,4,3,1,4,0,0,0,1,3,4,4,4,4,4,4,4,4,3,1,1,1,1,1,1,1,1,1,1,1,1,1,1,1,1,1,1,3,3,3,3,3,3,3,3,3,3,3,3,3,3,3,3,3,3,3,3,3,3,3,3,3,3,3,3,3,
 3,3,3,3,3,3,3,3,3,3,3,3,3,3,3,3,4,4,4,4,4,4,4,4,4,4,4,4,4,4,4,4,4,4,4,4,3,1,0,0,0,0,1,3,4,4,4,4,4,4,4,4,3,3,3,3,3,3,3,3,3,3,3,3,3,3,3,3,3,3,3,3,3,3,3,3,3,3,3,3,3,3,3,3,3,3,3,3,3,3,3,3,3,3,3,3,3,3,3,3,
+3,3,3,3,3,3,3,3,3,3,3,3,3,3,3,3,4,4,4,4,4,4,4,4,4,4,4,4,4,4,4,4,4,4,4,4,3,1,0,4,4,0,1,3,4,4,4,4,4,4,4,4,3,3,3,3,3,3,3,3,3,3,3,3,3,3,3,3,3,3,3,3,3,3,3,3,3,3,3,3,3,3,3,3,3,3,3,3,3,3,3,3,3,3,3,3,3,3,3,3,
 3,3,3,3,3,3,3,3,3,3,3,3,3,3,3,3,4,4,4,4,4,4,4,4,4,4,4,4,4,4,4,4,4,4,4,4,3,1,1,1,1,1,1,3,4,4,4,4,4,4,4,4,3,3,3,3,3,3,3,3,3,3,3,3,3,3,3,3,3,3,3,3,3,3,3,3,3,3,3,3,3,3,3,3,3,3,3,3,3,3,3,3,3,3,3,3,3,3,3,3
 </data>
  </layer>
@@ -248,7 +248,7 @@
   <object id="3" name="switch 3" type="on_trigger" x="1216" y="1440" width="32" height="32">
    <properties>
     <property name="hotspot" value="location"/>
-    <property name="mapmod" value="collision,39,48,0;collision,40,48,0;collision,39,49,0;collision,40,49,0;object,38,49,212;object,41,49,218;object,39,49,0;object,40,49,0;object,38,45,166;object,41,52,166"/>
+    <property name="mapmod" value="collision,39,48,0;collision,40,48,0;collision,39,49,0;collision,40,49,0;object,38,49,212;object,41,49,218;object,39,49,0;object,40,49,0;object,38,45,166"/>
     <property name="repeat" value="false"/>
     <property name="requires_not_status" value="emp_nazia_door"/>
     <property name="requires_status" value="emp_nazia_switch1,emp_nazia_switch2"/>
@@ -283,29 +283,11 @@
     <property name="tooltip" value="Switch"/>
    </properties>
   </object>
-  <object id="7" name="back door switch" type="on_trigger" x="1312" y="1664" width="32" height="32">
-   <properties>
-    <property name="hotspot" value="location"/>
-    <property name="mapmod" value="collision,39,48,0;collision,40,48,0;collision,39,49,0;collision,40,49,0;object,38,48,208;object,41,48,222;object,39,49,0;object,40,49,0;object,38,45,166;object,41,52,166;object,32,29,166;object,67,30,166"/>
-    <property name="repeat" value="false"/>
-    <property name="requires_not_status" value="emp_nazia_door"/>
-    <property name="set_status" value="emp_nazia_door,emp_nazia_switch1,emp_nazia_switch2"/>
-    <property name="soundfx" value="soundfx/door_open.ogg"/>
-    <property name="tooltip" value="Switch"/>
-   </properties>
-  </object>
   <object id="8" name="reset statuses" type="on_load" x="2912" y="544" width="32" height="32">
    <properties>
     <property name="unset_status" value="emp_nazia_switch1,emp_nazia_switch2,emp_nazia_door"/>
    </properties>
   </object>
-  <object id="9" type="on_trigger" x="1248" y="1856" width="64" height="64">
-   <properties>
-    <property name="hotspot" value="location"/>
-    <property name="msg" value="Unknown destination"/>
-    <property name="repeat" value="false"/>
-   </properties>
-  </object>
   <object id="10" name="Crate" type="on_trigger" x="1120" y="224" width="32" height="32">
    <properties>
     <property name="hotspot" value="location"/>
@@ -390,6 +372,28 @@
     <property name="tooltip" value="Southern Ridge"/>
    </properties>
   </object>
+  <object id="27" name="Treasure Chest" type="on_trigger" x="1216" y="1792" width="32" height="32">
+   <properties>
+    <property name="hotspot" value="location"/>
+    <property name="loot" value="loot/level_9.txt"/>
+    <property name="loot_count" value="2,3"/>
+    <property name="mapmod" value="object,38,56,160"/>
+    <property name="repeat" value="false"/>
+    <property name="soundfx" value="soundfx/wood_open.ogg"/>
+    <property name="tooltip" value="Treasure Chest"/>
+   </properties>
+  </object>
+  <object id="28" name="Treasure Chest" type="on_trigger" x="1216" y="1696" width="32" height="32">
+   <properties>
+    <property name="hotspot" value="location"/>
+    <property name="loot" value="loot/level_9.txt"/>
+    <property name="loot_count" value="2,3"/>
+    <property name="mapmod" value="object,38,53,160"/>
+    <property name="repeat" value="false"/>
+    <property name="soundfx" value="soundfx/wood_open.ogg"/>
+    <property name="tooltip" value="Treasure Chest"/>
+   </properties>
+  </object>
  </objectgroup>
  <objectgroup name="enemy">
   <object id="18" type="dungeon" x="2112" y="896" width="384" height="640">
diff --git a/tiled/empyrean_campaign/southern_ridge.tmx b/tiled/empyrean_campaign/southern_ridge.tmx
index 3ba9c3e5de5ffb50844c914669f1b33066f9fc06..7340ca5c1d9fd7d835f79080b9fe7a11664ebca6 100644
--- a/tiled/empyrean_campaign/southern_ridge.tmx
+++ b/tiled/empyrean_campaign/southern_ridge.tmx
@@ -1,5 +1,5 @@
 <?xml version="1.0" encoding="UTF-8"?>
-<map version="1.0" orientation="isometric" renderorder="right-down" width="80" height="80" tilewidth="64" tileheight="32" backgroundcolor="#000000" nextobjectid="41">
+<map version="1.0" orientation="isometric" renderorder="right-down" width="80" height="80" tilewidth="64" tileheight="32" backgroundcolor="#000000" nextobjectid="45">
  <properties>
   <property name="music" value="music/overworld_theme.ogg"/>
   <property name="tileset" value="tilesetdefs/tileset_grassland.txt"/>
@@ -163,8 +163,8 @@
 0,0,0,0,0,0,0,52,0,0,50,60,53,68,0,0,0,66,58,0,0,0,0,0,48,0,253,0,0,0,65,61,0,0,0,0,0,0,0,0,0,0,0,0,0,0,0,0,60,64,0,0,0,0,0,0,0,0,0,0,0,69,57,0,0,0,0,0,0,0,0,0,0,0,0,0,0,0,0,0,
 0,0,0,0,0,0,0,48,117,0,69,64,246,0,0,0,0,50,0,0,0,0,0,0,52,0,0,0,0,0,244,65,57,0,0,0,0,0,0,0,0,0,0,0,0,60,49,53,68,240,0,0,0,0,255,0,0,0,0,0,0,0,50,0,0,0,0,0,0,0,0,0,0,0,0,0,0,0,0,0,
 0,0,0,0,0,0,60,64,0,0,0,0,0,0,0,0,0,50,0,0,0,0,0,56,68,0,73,0,102,0,0,0,65,49,53,53,49,53,61,0,0,0,0,0,60,68,0,0,0,0,0,0,0,0,0,0,0,0,0,0,0,0,69,57,0,0,0,0,0,0,0,0,0,0,0,0,0,0,0,0,
-0,0,0,0,0,0,48,0,0,0,0,0,0,0,0,0,0,50,0,0,0,0,0,52,0,0,72,0,0,0,0,0,0,130,0,0,253,0,69,61,0,0,0,56,68,0,0,254,0,0,0,0,0,0,0,0,0,0,0,0,0,0,0,50,0,0,0,0,0,0,0,0,0,0,0,0,0,0,0,0,
-0,0,0,0,0,56,64,254,0,0,0,0,0,0,0,0,66,62,0,0,0,0,0,52,250,0,0,0,121,0,0,0,0,0,0,0,0,0,0,69,61,0,60,68,250,0,0,0,0,0,0,0,0,0,0,0,0,66,51,51,71,0,0,65,57,0,0,0,0,0,0,0,0,0,0,0,0,0,0,0,
+0,0,0,0,0,0,48,0,0,0,0,0,0,0,0,0,0,50,0,0,0,0,0,225,0,0,72,0,0,0,0,0,0,130,0,0,253,0,69,61,0,0,0,56,68,0,0,254,0,0,0,0,0,0,0,0,0,0,0,0,0,0,0,50,0,0,0,0,0,0,0,0,0,0,0,0,0,0,0,0,
+0,0,0,0,0,56,64,254,0,0,0,0,0,0,0,0,66,62,0,0,0,0,0,224,0,0,0,0,121,0,0,0,0,0,0,0,0,0,0,69,61,0,60,68,250,0,0,0,0,0,0,0,0,0,0,0,0,66,51,51,71,0,0,65,57,0,0,0,0,0,0,0,0,0,0,0,0,0,0,0,
 0,0,0,0,60,64,113,0,0,0,0,0,0,0,0,0,50,0,0,0,0,0,0,48,128,0,113,0,0,0,0,0,0,0,0,0,0,0,0,242,69,49,64,0,0,0,0,0,66,55,71,0,0,0,0,0,66,62,0,0,63,67,0,0,69,57,0,0,0,0,0,0,0,0,0,0,0,0,0,0,
 0,0,0,0,52,109,0,0,0,0,0,0,0,0,0,0,50,0,0,0,0,0,0,63,67,0,0,0,0,70,55,55,71,0,0,0,125,0,0,0,0,0,0,0,0,0,0,0,50,0,52,246,0,0,0,0,54,0,0,0,0,48,118,0,0,65,57,0,0,0,0,0,0,0,0,0,0,0,0,0,
 0,0,0,0,52,108,0,0,0,0,0,0,0,0,0,249,54,0,0,0,0,0,0,0,48,244,0,0,0,54,0,0,48,0,0,0,0,0,0,0,0,0,0,0,0,0,0,0,65,53,64,0,0,0,0,0,50,0,0,60,53,68,0,0,0,0,69,57,0,0,0,0,0,0,0,0,0,0,0,0,
@@ -197,7 +197,7 @@
 0,0,0,0,0,0,0,0,0,0,0,0,0,0,0,0,0,0,0,0,0,0,0,0,0,0,0,0,0,0,0,0,0,0,0,0,0,0,0,0,0,0,0,0,0,0,0,0,0,0,0,0,0,0,0,0,0,0,0,0,0,0,0,0,0,0,0,0,0,0,0,0,0,0,0,0,0,0,0,0
 </data>
  </layer>
- <layer name="collision" width="80" height="80" visible="0">
+ <layer name="collision" width="80" height="80">
   <data encoding="csv">
 3,3,3,3,3,3,3,3,3,3,3,3,3,3,3,3,3,1,0,0,0,0,1,3,3,3,3,3,3,3,3,3,3,3,3,3,3,3,3,3,3,3,3,3,3,3,3,3,3,3,3,3,3,3,3,3,3,3,3,3,3,3,3,3,3,3,3,3,3,3,3,3,3,3,3,3,3,3,3,3,
 3,3,3,3,3,3,3,3,3,3,3,3,3,3,3,3,3,1,0,0,0,0,1,3,3,3,3,3,3,3,3,3,3,3,3,3,3,1,1,1,1,1,1,1,1,3,3,3,3,3,3,3,3,3,3,3,3,3,3,3,3,3,3,1,1,1,1,1,1,1,3,3,3,3,3,3,3,3,3,3,
@@ -247,8 +247,8 @@
 3,3,3,3,3,3,3,1,0,0,1,1,1,1,0,0,0,1,1,3,3,3,3,3,1,0,1,0,0,0,1,1,3,3,3,3,3,3,3,3,3,3,3,3,3,3,3,3,1,1,0,0,0,0,0,0,0,0,0,0,0,1,1,3,3,3,3,3,3,3,3,3,3,3,3,3,3,3,3,3,
 3,3,3,3,3,3,3,1,0,0,1,1,1,0,0,0,0,1,3,3,3,3,3,3,1,0,0,0,0,0,1,1,1,3,3,3,3,3,3,3,3,3,3,3,3,1,1,1,1,1,0,0,0,0,1,0,0,0,0,0,0,0,1,3,3,3,3,3,3,3,3,3,3,3,3,3,3,3,3,3,
 3,3,3,3,3,3,1,1,0,0,0,0,0,0,0,0,0,1,3,3,3,3,3,1,1,0,4,0,4,0,0,0,1,1,1,1,1,1,1,3,3,3,3,3,1,1,0,0,0,0,0,0,0,0,0,0,0,0,0,0,0,0,1,1,3,3,3,3,3,3,3,3,3,3,3,3,3,3,3,3,
-3,3,3,3,3,3,1,0,0,0,0,0,0,0,0,0,0,1,3,3,3,3,3,1,0,0,4,0,0,0,0,0,0,4,0,0,1,0,1,1,3,3,3,1,1,0,0,1,0,0,0,0,0,0,0,0,0,0,0,0,0,0,0,1,3,3,3,3,3,3,3,3,3,3,3,3,3,3,3,3,
-3,3,3,3,3,1,1,1,0,0,0,0,0,0,0,0,1,1,3,3,3,3,3,1,1,0,0,0,0,0,0,0,0,0,0,0,0,0,0,1,1,1,1,1,1,0,0,0,0,0,0,0,0,0,0,0,0,1,1,1,1,0,0,1,1,3,3,3,3,3,3,3,3,3,3,3,3,3,3,3,
+3,3,3,3,3,3,1,0,0,0,0,0,0,0,0,0,0,1,3,3,3,3,3,0,0,0,4,0,0,0,0,0,0,4,0,0,1,0,1,1,3,3,3,1,1,0,0,1,0,0,0,0,0,0,0,0,0,0,0,0,0,0,0,1,3,3,3,3,3,3,3,3,3,3,3,3,3,3,3,3,
+3,3,3,3,3,1,1,1,0,0,0,0,0,0,0,0,1,1,3,3,3,3,3,0,0,0,0,0,0,0,0,0,0,0,0,0,0,0,0,1,1,1,1,1,1,0,0,0,0,0,0,0,0,0,0,0,0,1,1,1,1,0,0,1,1,3,3,3,3,3,3,3,3,3,3,3,3,3,3,3,
 3,3,3,3,1,1,0,0,0,0,0,0,0,0,0,0,1,3,3,3,3,3,3,1,4,0,0,0,0,0,0,0,0,0,0,0,0,0,0,1,1,1,1,0,0,0,0,0,1,1,1,0,0,0,0,0,1,1,3,3,1,1,0,0,1,1,3,3,3,3,3,3,3,3,3,3,3,3,3,3,
 3,3,3,3,1,4,0,0,0,0,0,0,0,0,0,0,1,3,3,3,3,3,3,1,1,0,0,0,0,1,1,1,1,0,0,0,0,0,0,0,0,0,0,0,0,0,0,0,1,3,1,1,0,0,0,0,1,3,3,3,3,1,0,0,0,1,1,3,3,3,3,3,3,3,3,3,3,3,3,3,
 3,3,3,3,1,4,0,0,0,0,0,0,0,0,0,1,1,3,3,3,3,3,3,3,1,1,0,0,0,1,3,3,1,0,0,0,0,0,0,0,0,0,0,0,0,0,0,0,1,1,1,0,0,0,0,0,1,3,3,1,1,1,0,0,0,0,1,1,3,3,3,3,3,3,3,3,3,3,3,3,
@@ -372,6 +372,19 @@
     <property name="tooltip" value="Black Oak Farm"/>
    </properties>
   </object>
+  <object id="43" type="on_trigger" x="736" y="1536" width="32" height="64">
+   <properties>
+    <property name="hotspot" value="location"/>
+    <property name="msg" value="Unknown destination"/>
+    <property name="repeat" value="false"/>
+   </properties>
+  </object>
+  <object id="44" type="grassland" x="1056" y="1568" width="128" height="288">
+   <properties>
+    <property name="level" value="9"/>
+    <property name="number" value="2"/>
+   </properties>
+  </object>
  </objectgroup>
  <objectgroup name="enemy">
   <object id="28" type="grassland" x="1216" y="1888" width="576" height="384">
@@ -386,10 +399,10 @@
     <property name="number" value="4,5"/>
    </properties>
   </object>
-  <object id="30" type="grassland" x="800" y="1472" width="384" height="800">
+  <object id="30" type="grassland" x="832" y="1888" width="352" height="384">
    <properties>
     <property name="level" value="9"/>
-    <property name="number" value="5"/>
+    <property name="number" value="3"/>
    </properties>
   </object>
   <object id="31" type="grassland" x="96" y="1760" width="672" height="608">
@@ -398,7 +411,7 @@
     <property name="number" value="6"/>
    </properties>
   </object>
-  <object id="32" type="grassland" x="192" y="992" width="576" height="736">
+  <object id="32" type="grassland" x="192" y="992" width="544" height="736">
    <properties>
     <property name="level" value="9"/>
     <property name="number" value="5"/>
