diff --git a/mods/empyrean_campaign/maps/family_crypt.txt b/mods/empyrean_campaign/maps/family_crypt.txt
index 3454671149c5eebc4d836363680c9b1aeb1d0132..0b56db09d20bb49c403a423439f66814c7d51091 100644
--- a/mods/empyrean_campaign/maps/family_crypt.txt
+++ b/mods/empyrean_campaign/maps/family_crypt.txt
@@ -5,7 +5,7 @@ tilewidth=64
 tileheight=32
 music=music/dungeon_theme.ogg
 tileset=tilesetdefs/tileset_dungeon.txt
-title=Throguar Family Crypt
+title=Family Crypt
 
 [tilesets]
 tileset=../../../../flare-game/tiled/dungeon/tiled_collision.png,64,32,0,0
diff --git a/mods/empyrean_campaign/maps/goblin_camp.txt b/mods/empyrean_campaign/maps/goblin_camp.txt
index 35fe2054f605104ae9758e117b1f4519de21f6c7..4c1c04480e5f404b1b1b4cf72a92ffc1e2d99d60 100644
--- a/mods/empyrean_campaign/maps/goblin_camp.txt
+++ b/mods/empyrean_campaign/maps/goblin_camp.txt
@@ -5,7 +5,7 @@ tilewidth=64
 tileheight=32
 music=music/overworld_theme.ogg
 tileset=tilesetdefs/tileset_grassland.txt
-title=New Grassland Map
+title=Goblin Camp
 
 [tilesets]
 tileset=../../../../flare-game/tiled/grassland/tiled_collision.png,64,32,0,0
@@ -208,3 +208,9 @@ data=
 3,3,3,3,3,3,3,3,3,3,3,3,3,3,3,3,3,3,3,3,3,3,3,3,3,3,3,3,3,3,3,3,3,3,3,3,3,3,3,3,3,3,3,3,3,3,3,3,3,3,3,3,3,3,3,3,3,3,3,3,
 3,3,3,3,3,3,3,3,3,3,3,3,3,3,3,3,3,3,3,3,3,3,3,3,3,3,3,3,3,3,3,3,3,3,3,3,3,3,3,3,3,3,3,3,3,3,3,3,3,3,3,3,3,3,3,3,3,3,3,3
 
+[event]
+# to Stonewood
+type=on_trigger
+location=4,1,4,1
+intermap=maps/stonewood.txt,52,76
+
diff --git a/mods/empyrean_campaign/maps/stonewood.txt b/mods/empyrean_campaign/maps/stonewood.txt
index a9357c041412d0a01b7189feddfac6dcfc1ef5c6..457b6821405de7aaa5ab090180613ebd8f4fc2e8 100644
--- a/mods/empyrean_campaign/maps/stonewood.txt
+++ b/mods/empyrean_campaign/maps/stonewood.txt
@@ -52,8 +52,8 @@ data=
 0,0,0,0,0,0,0,0,0,0,0,0,0,16,17,18,19,16,17,18,19,16,0,0,0,0,0,18,19,16,0,0,0,0,0,0,22,23,20,21,22,23,20,21,22,23,20,21,22,148,183,180,181,182,161,157,23,20,21,22,23,20,21,22,0,0,0,0,0,0,0,22,23,20,21,22,23,0,0,0,23,20,21,22,23,20,21,22,23,20,21,22,23,20,0,0,0,0,0,0,
 0,0,0,0,0,0,0,0,0,0,0,0,0,0,21,22,23,0,21,22,23,20,0,0,0,20,21,22,23,20,0,0,0,0,0,25,26,27,24,25,26,27,24,25,26,27,24,25,26,192,206,198,200,198,200,194,27,24,25,26,27,24,25,26,0,0,0,0,0,0,0,26,27,24,0,0,0,0,0,0,27,24,25,26,27,24,25,26,27,24,25,26,27,24,0,0,0,0,0,0,
 0,0,0,0,0,0,0,0,0,31,28,0,0,0,0,0,0,0,25,26,27,24,25,26,27,24,25,26,27,24,0,0,0,0,28,29,30,31,28,29,30,31,28,29,30,31,28,29,30,159,163,188,189,190,191,150,31,28,29,30,31,28,29,30,31,28,0,0,0,0,0,0,0,0,0,0,0,0,0,0,0,28,29,30,31,28,29,30,31,28,29,30,0,0,0,0,0,0,0,0,
-0,0,0,0,0,0,0,0,18,19,16,17,18,0,0,0,0,0,0,30,31,28,29,30,31,28,29,30,0,0,0,0,0,19,16,17,18,19,16,17,18,19,16,17,18,19,16,17,18,19,144,176,177,178,179,150,19,16,17,18,19,16,17,18,19,16,0,0,0,0,0,0,0,0,0,0,0,0,17,0,0,16,17,18,19,16,17,18,19,16,0,0,0,0,0,0,0,0,0,0,
-0,0,0,0,0,0,0,21,22,32,32,35,35,0,0,0,0,0,0,0,0,0,17,18,19,16,17,18,0,0,0,0,0,0,20,21,22,23,20,21,0,0,0,21,22,23,20,21,22,23,148,180,181,182,183,150,23,20,21,22,23,20,21,22,23,20,0,0,0,0,0,0,0,0,0,0,0,20,21,0,0,20,21,22,23,20,21,22,23,20,0,0,0,0,0,0,0,0,0,0,
+0,0,0,0,0,0,0,0,18,19,16,17,18,0,0,0,0,0,0,30,31,28,29,30,31,28,29,30,0,0,0,0,0,19,16,17,18,19,16,0,0,19,16,17,18,19,16,17,18,19,144,176,177,178,179,150,19,16,17,18,19,16,17,18,19,16,0,0,0,0,0,0,0,0,0,0,0,0,17,0,0,16,17,18,19,16,17,18,19,16,0,0,0,0,0,0,0,0,0,0,
+0,0,0,0,0,0,0,21,22,32,32,35,35,0,0,0,0,0,0,0,0,0,17,18,19,16,17,18,0,0,0,0,0,0,20,21,22,23,20,0,0,0,0,21,22,23,20,21,22,23,148,180,181,182,183,150,23,20,21,22,23,20,21,22,23,20,0,0,0,0,0,0,0,0,0,0,0,20,21,0,0,20,21,22,23,20,21,22,23,20,0,0,0,0,0,0,0,0,0,0,
 0,0,0,0,0,0,0,25,36,0,0,0,238,38,24,25,0,0,0,0,0,0,0,22,23,20,21,22,0,0,0,0,0,0,24,25,26,27,24,0,0,0,0,0,26,27,24,25,26,152,160,184,185,186,187,150,27,24,25,26,27,24,25,26,27,24,0,0,0,0,0,0,0,0,25,26,27,24,25,26,27,24,25,26,27,24,25,26,27,24,0,0,0,0,0,0,0,0,0,0,
 0,0,0,0,0,0,0,29,38,0,0,0,237,37,28,29,30,31,28,0,0,0,0,0,0,0,25,26,0,0,0,0,0,0,28,29,30,31,28,29,0,0,0,0,0,0,28,29,30,144,191,188,189,190,191,165,157,28,29,30,31,28,29,30,31,28,0,0,0,0,0,0,0,28,29,30,31,28,29,30,31,28,29,30,31,28,29,30,31,28,29,0,0,0,0,0,0,0,0,0,
 0,0,0,0,0,0,0,17,37,0,0,0,236,37,16,17,18,19,16,17,18,0,0,0,0,0,0,0,0,0,0,0,0,0,16,17,18,19,16,17,18,0,0,0,0,0,0,0,18,148,179,176,177,178,179,176,150,16,17,18,19,16,17,18,19,16,17,0,0,0,0,0,19,16,17,18,19,16,17,18,19,16,17,18,19,16,17,18,19,16,17,0,0,0,0,0,0,0,0,0,
@@ -61,21 +61,21 @@ data=
 0,0,0,0,0,0,0,0,26,32,32,32,32,27,24,25,26,27,24,25,26,27,0,0,0,0,0,0,0,27,24,0,0,0,0,0,0,0,24,25,26,27,0,0,0,0,0,0,26,144,187,184,185,186,187,166,158,24,25,0,0,0,0,26,27,24,25,26,27,24,25,26,27,24,25,26,0,0,0,0,0,0,25,26,27,24,25,26,27,24,25,0,0,0,0,0,0,0,0,0,
 0,0,0,0,0,0,0,0,0,0,28,29,30,31,0,0,30,31,28,29,30,31,0,0,0,0,0,0,30,31,28,29,0,0,0,0,0,0,0,29,30,31,28,29,0,0,0,0,30,155,167,188,189,190,191,146,31,28,29,0,0,0,0,0,0,28,29,30,31,28,29,30,31,28,29,0,0,0,0,0,0,0,29,30,31,28,29,30,31,28,0,0,0,0,0,0,0,0,0,0,
 0,0,0,0,0,0,0,0,0,0,0,0,0,0,0,0,0,0,0,17,18,19,0,0,0,0,0,17,18,19,16,17,0,0,0,0,0,0,0,0,18,19,16,17,0,0,0,17,18,19,148,176,177,178,179,150,19,16,17,18,19,0,0,0,0,16,17,18,19,16,17,18,19,16,0,0,0,0,0,0,0,0,0,18,19,16,17,18,19,0,0,0,0,0,0,0,0,0,0,0,
-0,0,0,0,0,0,0,0,0,0,0,0,0,0,0,0,0,0,0,21,22,23,20,0,0,0,0,21,22,23,20,21,22,23,0,0,0,0,0,0,22,23,20,21,22,0,0,0,22,23,144,180,181,182,183,165,157,20,21,22,23,20,0,0,0,0,21,22,23,20,21,22,23,20,0,0,0,0,0,0,0,0,0,0,0,20,21,22,0,0,0,0,0,0,0,0,0,0,0,0,
-0,0,0,0,0,0,0,0,0,0,0,0,0,0,0,0,0,0,0,25,26,27,24,0,0,0,0,0,26,27,24,25,26,27,0,0,0,0,0,0,26,27,24,25,26,0,0,0,26,27,148,184,185,186,187,162,158,24,25,26,27,24,25,0,0,0,25,26,27,24,25,26,27,24,0,0,0,0,0,0,0,0,0,0,0,0,0,0,0,0,0,0,0,0,0,0,0,0,0,0,
-0,0,0,0,0,0,0,0,30,31,0,0,0,0,0,0,0,0,0,29,30,31,28,29,30,0,0,0,30,31,28,29,30,31,28,0,0,0,0,0,30,31,28,29,30,0,0,0,0,31,159,163,189,190,162,158,31,28,29,0,0,28,29,30,0,0,0,30,31,28,29,30,31,28,0,0,0,0,0,0,0,0,0,0,0,0,0,0,0,0,0,0,0,0,0,0,0,0,0,0,
-0,0,0,0,0,0,0,17,18,19,16,17,18,19,0,0,0,0,16,17,18,19,16,17,18,19,16,17,18,19,16,17,18,19,16,17,18,19,16,17,18,19,16,17,18,0,0,0,0,19,16,148,177,178,146,18,19,16,17,264,0,16,17,18,0,0,0,0,19,16,17,18,19,0,0,0,0,0,0,0,0,0,0,0,0,0,0,0,0,0,0,0,0,0,0,0,0,0,0,0,
-0,0,0,0,0,0,20,21,22,23,20,21,22,23,20,21,22,23,20,21,22,23,20,21,22,23,20,21,22,23,20,21,22,23,20,21,22,23,20,21,22,23,20,21,22,0,0,0,0,23,20,148,181,182,150,22,23,20,21,22,23,20,21,22,23,0,0,0,0,0,0,0,0,0,0,0,0,0,0,0,0,0,0,0,0,0,0,0,0,0,0,0,0,0,0,0,0,0,0,0,
-0,0,0,0,0,0,24,25,26,27,24,25,26,27,24,25,26,27,24,25,26,27,24,25,26,27,24,25,26,27,24,25,26,27,24,25,26,27,24,25,26,27,24,25,0,0,0,0,0,27,24,148,185,186,161,153,27,24,25,26,27,24,25,26,27,0,0,0,0,0,0,0,0,0,0,0,0,0,0,0,0,0,0,0,0,0,0,0,0,0,0,0,0,0,0,0,0,0,0,0,
+0,0,0,0,0,0,0,0,0,0,0,0,0,0,0,0,0,0,0,21,22,23,20,0,0,0,0,21,22,23,20,21,22,23,0,0,0,0,0,0,22,23,20,21,0,0,0,0,22,23,144,180,181,182,183,165,157,20,21,22,23,20,0,0,0,0,21,22,23,20,21,22,23,20,0,0,0,0,0,0,0,0,0,0,0,20,21,22,0,0,0,0,0,0,0,0,0,0,0,0,
+0,0,0,0,0,0,0,0,0,0,0,0,0,0,0,0,0,0,0,25,26,27,24,0,0,0,0,0,26,27,24,25,26,27,0,0,0,0,0,0,26,27,24,25,0,0,0,0,26,27,148,184,185,186,187,162,158,24,25,26,27,24,25,0,0,0,25,26,27,24,25,26,27,24,0,0,0,0,0,0,0,0,0,0,0,0,0,0,0,0,0,0,0,0,0,0,0,0,0,0,
+0,0,0,0,0,0,0,0,30,31,0,0,0,0,0,0,0,0,0,29,30,31,28,29,30,0,0,0,30,31,28,29,30,31,28,0,0,0,0,0,30,31,28,29,0,0,0,0,0,31,159,163,189,190,162,158,31,28,29,0,0,28,29,30,0,0,0,30,31,28,29,30,31,28,0,0,0,0,0,0,0,0,0,0,0,0,0,0,0,0,0,0,0,0,0,0,0,0,0,0,
+0,0,0,0,0,0,0,17,18,19,16,17,18,19,0,0,0,0,16,17,18,19,16,17,18,19,16,17,18,19,16,17,18,19,16,17,18,19,16,17,18,19,16,17,0,0,0,0,0,19,16,148,177,178,146,18,19,16,17,264,0,16,17,18,0,0,0,0,19,16,17,18,19,0,0,0,0,0,0,0,0,0,0,0,0,0,0,0,0,0,0,0,0,0,0,0,0,0,0,0,
+0,0,0,0,0,0,20,21,22,23,20,21,22,23,20,21,22,23,20,21,22,23,20,21,22,23,20,21,22,23,20,21,22,23,20,21,22,23,20,21,22,23,20,0,0,0,0,0,0,23,20,148,181,182,150,22,23,20,21,22,23,20,21,22,23,0,0,0,0,0,0,0,0,0,0,0,0,0,0,0,0,0,0,0,0,0,0,0,0,0,0,0,0,0,0,0,0,0,0,0,
+0,0,0,0,0,0,24,25,26,27,24,25,26,27,24,25,26,27,24,25,26,27,24,25,26,27,24,25,26,27,24,25,26,27,24,25,26,27,24,25,26,27,0,0,0,0,0,0,0,27,24,148,185,186,161,153,27,24,25,26,27,24,25,26,27,0,0,0,0,0,0,0,0,0,0,0,0,0,0,0,0,0,0,0,0,0,0,0,0,0,0,0,0,0,0,0,0,0,0,0,
 0,0,0,0,0,0,0,29,30,31,28,29,30,31,28,29,30,31,28,29,30,31,28,29,30,31,28,29,30,31,28,29,30,31,28,29,30,31,28,29,30,31,28,0,0,0,0,0,30,31,156,160,189,190,191,161,157,28,29,30,31,28,29,30,31,0,0,0,0,0,0,0,0,0,0,0,0,0,0,0,0,0,0,0,0,0,0,0,0,0,0,0,0,0,0,0,0,0,0,0,
 0,0,0,0,0,0,0,0,0,19,16,17,18,19,16,17,18,19,16,17,18,19,16,17,18,19,16,17,18,19,16,17,18,19,16,17,18,19,16,17,18,19,16,0,0,0,0,0,0,19,159,167,177,178,179,176,150,0,0,0,0,16,17,18,0,0,0,0,0,0,0,0,0,0,0,0,0,0,0,0,0,0,0,0,0,0,0,0,0,0,0,0,0,0,0,0,0,0,0,0,
-0,0,0,0,0,0,0,0,0,23,20,21,22,23,20,21,22,23,20,21,22,23,20,21,22,23,20,21,22,23,20,21,22,23,20,21,22,23,20,21,22,23,20,21,0,0,0,0,0,0,16,159,163,182,183,180,146,0,0,0,0,0,0,0,0,0,0,0,0,0,0,0,0,0,0,0,0,0,0,0,0,0,0,0,0,0,0,0,0,0,0,0,0,0,0,0,0,0,0,0,
-0,0,0,0,0,0,0,0,0,27,24,25,26,27,0,25,26,27,24,25,26,27,24,25,26,27,24,0,0,0,0,0,0,27,24,25,26,27,24,25,26,27,24,25,0,0,0,0,0,0,0,16,148,186,187,184,150,16,0,0,0,0,0,0,0,0,0,0,0,0,0,0,0,0,0,0,0,0,0,0,0,0,0,0,0,0,0,0,0,0,0,0,0,0,0,0,0,0,0,0,
-0,0,0,0,0,0,0,0,30,31,28,29,30,31,0,0,0,31,28,29,30,31,28,29,30,31,28,0,0,0,0,0,0,31,28,29,30,31,28,29,30,31,28,0,0,0,0,0,0,0,0,16,159,167,191,188,165,153,0,0,0,0,0,0,0,0,0,0,0,0,0,0,0,0,0,0,0,0,0,0,0,0,0,0,0,0,0,0,0,0,0,0,0,0,0,0,0,0,0,0,
-0,0,0,0,0,0,0,17,18,19,16,17,18,19,0,0,0,0,16,17,18,19,16,17,18,19,16,17,0,0,0,0,0,19,16,17,18,19,16,17,18,0,0,0,0,0,0,0,0,0,0,0,16,144,179,176,177,150,0,0,0,0,0,0,0,0,0,0,0,0,0,0,0,0,0,0,0,0,0,0,0,0,0,0,0,0,0,0,0,0,0,0,0,0,0,0,0,0,0,0,
-0,0,0,0,0,0,20,21,22,23,20,21,22,23,20,0,0,0,0,0,0,0,0,21,22,23,20,21,0,0,0,0,0,0,20,21,22,23,20,21,22,0,0,0,0,0,0,0,0,0,0,0,16,144,183,180,181,150,0,0,0,0,0,0,0,0,0,0,0,0,0,0,0,0,0,0,0,0,0,0,0,0,0,0,0,0,0,0,0,0,0,0,0,0,0,0,0,0,0,0,
-0,0,0,0,0,0,0,25,26,27,24,25,26,27,24,0,0,0,0,0,0,0,0,25,26,27,24,25,26,0,0,0,0,0,0,25,26,27,24,25,26,0,0,0,0,0,0,0,0,0,0,0,16,144,187,184,185,146,0,0,0,0,0,0,0,0,0,0,0,0,0,0,0,0,0,0,0,0,0,0,0,0,0,0,0,0,0,0,0,0,0,0,0,0,0,0,0,0,0,0,
-0,0,0,0,0,0,0,29,30,31,28,0,0,0,0,0,0,0,0,0,0,0,0,0,30,31,28,29,30,31,28,0,0,0,0,0,0,0,28,29,0,0,0,0,0,0,0,0,0,0,0,0,16,144,191,188,189,150,16,16,0,0,0,0,0,0,0,0,0,0,0,0,0,0,0,0,0,0,0,0,0,0,0,0,0,0,0,0,0,0,0,0,0,0,0,0,0,0,0,0,
+0,0,0,0,0,0,0,0,0,23,20,21,22,23,20,21,22,23,20,21,22,23,20,21,22,23,0,0,0,0,0,21,22,23,20,21,22,23,20,21,22,23,20,0,0,0,0,0,0,0,16,159,163,182,183,180,146,0,0,0,0,0,0,0,0,0,0,0,0,0,0,0,0,0,0,0,0,0,0,0,0,0,0,0,0,0,0,0,0,0,0,0,0,0,0,0,0,0,0,0,
+0,0,0,0,0,0,0,0,0,27,24,25,26,27,0,25,26,27,24,25,26,27,24,25,26,27,24,0,0,0,0,0,0,27,24,25,26,27,24,25,26,27,0,0,0,0,0,0,0,0,0,16,148,186,187,184,150,16,0,0,0,0,0,0,0,0,0,0,0,0,0,0,0,0,0,0,0,0,0,0,0,0,0,0,0,0,0,0,0,0,0,0,0,0,0,0,0,0,0,0,
+0,0,0,0,0,0,0,0,30,31,28,29,30,31,0,0,0,31,28,29,30,31,28,29,30,31,28,0,0,0,0,0,0,31,28,29,30,31,28,29,0,0,0,0,0,0,0,0,0,0,0,16,159,167,191,188,165,153,0,0,0,0,0,0,0,0,0,0,0,0,0,0,0,0,0,0,0,0,0,0,0,0,0,0,0,0,0,0,0,0,0,0,0,0,0,0,0,0,0,0,
+0,0,0,0,0,0,0,17,18,19,16,17,18,19,0,0,0,0,16,17,18,19,16,17,18,19,16,17,0,0,0,0,0,19,16,17,18,19,16,17,0,0,0,0,0,0,0,0,0,0,0,0,16,144,179,176,177,150,0,0,0,0,0,0,0,0,0,0,0,0,0,0,0,0,0,0,0,0,0,0,0,0,0,0,0,0,0,0,0,0,0,0,0,0,0,0,0,0,0,0,
+0,0,0,0,0,0,20,21,22,23,20,21,22,23,20,0,0,0,0,0,0,0,0,21,22,23,20,21,0,0,0,0,0,0,20,21,22,23,20,21,0,0,0,0,0,0,0,0,0,0,0,0,16,144,183,180,181,150,0,0,0,0,0,0,0,0,0,0,0,0,0,0,0,0,0,0,0,0,0,0,0,0,0,0,0,0,0,0,0,0,0,0,0,0,0,0,0,0,0,0,
+0,0,0,0,0,0,0,25,26,27,24,25,26,27,24,0,0,0,0,0,0,0,0,25,26,27,24,25,26,0,0,0,0,0,0,25,26,27,24,0,0,0,0,0,0,0,0,0,0,0,0,0,16,144,187,184,185,146,0,0,0,0,0,0,0,0,0,0,0,0,0,0,0,0,0,0,0,0,0,0,0,0,0,0,0,0,0,0,0,0,0,0,0,0,0,0,0,0,0,0,
+0,0,0,0,0,0,0,29,30,31,28,0,0,0,0,0,0,0,0,0,0,0,0,0,30,31,28,29,30,31,28,0,0,0,0,0,0,0,0,0,0,0,0,0,0,0,0,0,0,0,0,0,16,144,191,188,189,150,16,16,0,0,0,0,0,0,0,0,0,0,0,0,0,0,0,0,0,0,0,0,0,0,0,0,0,0,0,0,0,0,0,0,0,0,0,0,0,0,0,0,
 0,0,0,0,0,0,0,17,18,19,16,17,0,0,0,0,0,0,16,0,0,0,0,0,0,0,0,17,18,19,16,17,0,0,0,0,0,0,0,0,0,0,0,0,0,0,0,0,0,0,0,0,16,159,167,176,177,161,149,153,16,0,0,0,0,0,0,0,0,0,0,0,0,0,0,0,0,0,0,0,0,0,0,0,0,0,0,0,0,0,0,0,0,0,0,0,0,0,0,0,
 0,0,0,0,0,0,0,0,0,23,20,21,22,23,0,0,0,23,20,21,22,0,0,0,0,0,0,21,22,23,20,21,0,0,0,0,0,0,0,0,0,0,0,0,0,0,20,21,22,23,0,0,0,23,148,180,181,182,183,161,157,16,16,0,0,0,0,0,0,0,0,0,0,0,0,0,0,0,0,0,0,0,0,0,0,0,0,0,0,0,0,0,0,0,0,0,0,0,0,0,
 0,0,0,0,0,0,0,0,0,0,24,25,26,27,0,0,26,27,24,25,26,27,0,0,0,0,0,25,26,27,24,25,0,0,0,0,0,0,24,25,26,27,0,0,0,27,24,25,26,27,24,0,0,27,144,184,185,186,187,184,165,149,153,16,0,0,0,0,0,0,0,0,0,0,0,0,0,0,0,0,0,0,0,0,0,0,0,0,0,0,0,0,0,0,0,0,0,0,0,0,
@@ -277,6 +277,12 @@ intermap=maps/salted_field.txt,56,12
 [event]
 # to Family Crypt
 type=on_trigger
-location=12,37,1,1
+location=9,35,4,4
 intermap=maps/family_crypt.txt,31,39
 
+[event]
+# to Goblin Camp
+type=on_trigger
+location=51,77,4,1
+intermap=maps/goblin_camp.txt,5,2
+
diff --git a/mods/empyrean_campaign/npcs/florin.txt b/mods/empyrean_campaign/npcs/florin.txt
index 501355603e1f6362763ce3e9c8c0e03a99bac29e..3896c23b9bd109dff91cafb4de1b8470853bfcc6 100644
--- a/mods/empyrean_campaign/npcs/florin.txt
+++ b/mods/empyrean_campaign/npcs/florin.txt
@@ -15,39 +15,4 @@ vox_intro=soundfx/npcs/male_merchant_02.ogg
 vox_intro=soundfx/npcs/male_merchant_03.ogg
 vox_intro=soundfx/npcs/male_merchant_04.ogg
 
-talker=true
-
-[dialog]
-topic=Introduction
-requires_not_status=florin_intro
-him=Welcome stranger. My name is Florin. Cause no trouble and you may rest here.
-you=It is good to see a friendly face. Where are we?
-set_status=florin_intro
-him=We call this place Exile. It's our tiny foothold on the Surface. Life is short and terrible here, so we try to help the newly arrived.
-
-[dialog]
-topic=Udana
-requires_status=udana_intro
-requires_status=florin_intro
-requires_not_status=florin_udana
-you=Is Udana trustworthy?
-reward_xp=10
-set_status=florin_udana
-him=I don't apologize for her abrasive exterior. Udana is absolutely loyal to anyone who proves their competence.
-
-[dialog]
-topic=Shared Stash
-requires_status=florin_intro
-requires_not_status=florin_stash
-set_status=florin_stash
-him=You can store spare equipment in the Shared Stash next to the spare tent. Take items if you will put them to good use, but try to leave something for your fellow survivors.
-
-[dialog]
-topic=Lost Man
-requires_status=florin_intro
-requires_status=lostman_intro
-requires_not_status=florin_lostman
-you=I saw an old, bearded man who appeared lost. Who is that?
-set_status=florin_lostman
-him=Doesn't sound like anyone who's been through our camp in months.
-
+#talker=true
diff --git a/mods/empyrean_campaign/npcs/lostman.txt b/mods/empyrean_campaign/npcs/lostman.txt
deleted file mode 100644
index 9af8a3aa8d5d377f46b89f50ef1869166ace9fc9..0000000000000000000000000000000000000000
--- a/mods/empyrean_campaign/npcs/lostman.txt
+++ /dev/null
@@ -1,31 +0,0 @@
-name=Lost Man
-
-portrait=male18
-
-talker=true
-
-# animation info
-gfx=animations/npcs/peasant_man1.txt
-
-[dialog]
-requires_not_status=lostman_intro
-him=I am no demon, lord! Please spare me!
-you=I'm not going to harm you. Who are you? Are you lost?
-set_status=lostman_intro
-him=I ... don't recall. That's the trouble here on the surface. Things just slip the mind.
-
-[dialog]
-topic=Forgetting
-requires_status=lostman_intro
-requires_not_status=lostman_forget
-you=There are things I'd rather not remember.
-set_status=lostman_forget
-reward_xp=10
-him=That sounds sad. I wish I could remember. It was all I had left.
-
-[dialog]
-topic=Forgetting
-requires_status=lostman_forget
-you=There are things I'd rather not remember.
-him=That sounds sad. I wish I could remember. It was all I had left.
-
diff --git a/mods/empyrean_campaign/npcs/udana.txt b/mods/empyrean_campaign/npcs/udana.txt
index bce07eedffce770b3dfcf0e512ae9f6316492686..1ac9836619adbba6b635d834fbb3c0a99b2006a1 100644
--- a/mods/empyrean_campaign/npcs/udana.txt
+++ b/mods/empyrean_campaign/npcs/udana.txt
@@ -15,35 +15,4 @@ vox_intro=soundfx/npcs/female_merchant_02.ogg
 vox_intro=soundfx/npcs/female_merchant_03.ogg
 vox_intro=soundfx/npcs/female_merchant_04.ogg
 
-talker=true
-
-[dialog]
-topic=Introduction
-requires_not_status=udana_intro
-her=I'm Udana. I was a union smith in Empyrean. Supplies are thin here but I can spare a few pieces.
-you=Thanks Udana. I'm not sure yet where here is. My name is ...
-set_status=udana_intro
-her=Stop. I'd rather not know. Exiles like you show up every few days and don't last long.
-
-[dialog]
-topic=Florin
-requires_not_status=udana_florin
-requires_status=florin_intro
-requires_status=udana_intro
-you=Is Florin trustworthy?
-her=Florin is a decent person. That's rare anywhere, much less down here on the surface.
-reward_xp=10
-set_status=udana_florin
-her=If you tell him I said that I will break your arms.
-
-[dialog]
-topic=Equipment
-requires_status=udana_intro
-requires_not_status=ore_search
-set_status=ore_search
-her=I live to work with steel. There's never enough material here. I've exhausted the ore in the mineshaft. It's too dangerous to go deeper in, past the breach.
-
-[dialog]
-topic=Equipment
-requires_status=ore_search
-her=Yeah. I wish we had better equipment here too. Why don't you talk to the monsters deep down in the mineshaft? Best case scenario, they'll just eat your face and we'll lose the gear I already sold you.
+#talker=true
diff --git a/tiled/empyrean_campaign/family_crypt.tmx b/tiled/empyrean_campaign/family_crypt.tmx
index 50cf4f2be5a786f6ff8679054ae658a1207ed83e..9bdf561c06184c16feebbe8701bb935f06753e90 100644
--- a/tiled/empyrean_campaign/family_crypt.tmx
+++ b/tiled/empyrean_campaign/family_crypt.tmx
@@ -3,7 +3,7 @@
  <properties>
   <property name="music" value="music/dungeon_theme.ogg"/>
   <property name="tileset" value="tilesetdefs/tileset_dungeon.txt"/>
-  <property name="title" value="Throguar Family Crypt"/>
+  <property name="title" value="Family Crypt"/>
  </properties>
  <tileset firstgid="1" name="collision" tilewidth="64" tileheight="32">
   <image source="../dungeon/tiled_collision.png" width="960" height="32"/>
diff --git a/tiled/empyrean_campaign/goblin_camp.tmx b/tiled/empyrean_campaign/goblin_camp.tmx
index 19f713569806e6fa5708ef4a2486aeed944f6a2a..2f0800db53b24b0577c5cd1f0662caec92a342c2 100644
--- a/tiled/empyrean_campaign/goblin_camp.tmx
+++ b/tiled/empyrean_campaign/goblin_camp.tmx
@@ -3,7 +3,7 @@
  <properties>
   <property name="music" value="music/overworld_theme.ogg"/>
   <property name="tileset" value="tilesetdefs/tileset_grassland.txt"/>
-  <property name="title" value="New Grassland Map"/>
+  <property name="title" value="Goblin Camp"/>
  </properties>
  <tileset firstgid="1" name="collision" tilewidth="64" tileheight="32">
   <image source="../grassland/tiled_collision.png" width="960" height="32"/>
@@ -221,4 +221,11 @@
 3,3,3,3,3,3,3,3,3,3,3,3,3,3,3,3,3,3,3,3,3,3,3,3,3,3,3,3,3,3,3,3,3,3,3,3,3,3,3,3,3,3,3,3,3,3,3,3,3,3,3,3,3,3,3,3,3,3,3,3
 </data>
  </layer>
+ <objectgroup name="event" width="60" height="60">
+  <object name="to Stonewood" type="on_trigger" x="128" y="32" width="128" height="32">
+   <properties>
+    <property name="intermap" value="maps/stonewood.txt,52,76"/>
+   </properties>
+  </object>
+ </objectgroup>
 </map>
diff --git a/tiled/empyrean_campaign/hyperspace.tmx b/tiled/empyrean_campaign/hyperspace.tmx
index 92f2e30ff2665fbc03a1a78faf7b8d0b966ad1ab..66f53f274ec1787bac6abd9358d04fd231b4f149 100644
--- a/tiled/empyrean_campaign/hyperspace.tmx
+++ b/tiled/empyrean_campaign/hyperspace.tmx
@@ -162,7 +162,7 @@
 3,3,3,3,3,3,3,3,3,3,3,3,3,3,3,3,3,3,3,3,3,3,3,3,3,3,3,3,3,3,3,3,3,3,3,3,3,3,3,3
 </data>
  </layer>
- <objectgroup name="event" width="40" height="40">
+ <objectgroup name="event" width="40" height="40" visible="0">
   <object type="on_trigger" x="288" y="288" width="64" height="64">
    <properties>
     <property name="intermap" value="maps/exile.txt,16,20"/>
diff --git a/tiled/empyrean_campaign/salted_field.tmx b/tiled/empyrean_campaign/salted_field.tmx
index e90e1756ad9804e04e324040bd4461bee052b245..f456bd9d6954e2f124e4773e5b8debed5f09dbd6 100644
--- a/tiled/empyrean_campaign/salted_field.tmx
+++ b/tiled/empyrean_campaign/salted_field.tmx
@@ -227,7 +227,7 @@
     <property name="intermap" value="maps/exile.txt,35,33"/>
    </properties>
   </object>
-  <object name="to Stonewood" type="intermap" x="1824" y="352" width="32" height="128">
+  <object name="to Stonewood" type="on_trigger" x="1824" y="352" width="32" height="128">
    <properties>
     <property name="intermap" value="maps/stonewood.txt,2,8"/>
    </properties>
diff --git a/tiled/empyrean_campaign/stonewood.tmx b/tiled/empyrean_campaign/stonewood.tmx
index ffdf0d3b3f9badcf1f1818808f8ed4488fe2135e..cbc37772b9ddce2673885c98832798d76eae247f 100644
--- a/tiled/empyrean_campaign/stonewood.tmx
+++ b/tiled/empyrean_campaign/stonewood.tmx
@@ -64,8 +64,8 @@
 0,0,0,0,0,0,0,0,0,0,0,0,0,16,17,18,19,16,17,18,19,16,0,0,0,0,0,18,19,16,0,0,0,0,0,0,22,23,20,21,22,23,20,21,22,23,20,21,22,148,183,180,181,182,161,157,23,20,21,22,23,20,21,22,0,0,0,0,0,0,0,22,23,20,21,22,23,0,0,0,23,20,21,22,23,20,21,22,23,20,21,22,23,20,0,0,0,0,0,0,
 0,0,0,0,0,0,0,0,0,0,0,0,0,0,21,22,23,0,21,22,23,20,0,0,0,20,21,22,23,20,0,0,0,0,0,25,26,27,24,25,26,27,24,25,26,27,24,25,26,192,206,198,200,198,200,194,27,24,25,26,27,24,25,26,0,0,0,0,0,0,0,26,27,24,0,0,0,0,0,0,27,24,25,26,27,24,25,26,27,24,25,26,27,24,0,0,0,0,0,0,
 0,0,0,0,0,0,0,0,0,31,28,0,0,0,0,0,0,0,25,26,27,24,25,26,27,24,25,26,27,24,0,0,0,0,28,29,30,31,28,29,30,31,28,29,30,31,28,29,30,159,163,188,189,190,191,150,31,28,29,30,31,28,29,30,31,28,0,0,0,0,0,0,0,0,0,0,0,0,0,0,0,28,29,30,31,28,29,30,31,28,29,30,0,0,0,0,0,0,0,0,
-0,0,0,0,0,0,0,0,18,19,16,17,18,0,0,0,0,0,0,30,31,28,29,30,31,28,29,30,0,0,0,0,0,19,16,17,18,19,16,17,18,19,16,17,18,19,16,17,18,19,144,176,177,178,179,150,19,16,17,18,19,16,17,18,19,16,0,0,0,0,0,0,0,0,0,0,0,0,17,0,0,16,17,18,19,16,17,18,19,16,0,0,0,0,0,0,0,0,0,0,
-0,0,0,0,0,0,0,21,22,32,32,35,35,0,0,0,0,0,0,0,0,0,17,18,19,16,17,18,0,0,0,0,0,0,20,21,22,23,20,21,0,0,0,21,22,23,20,21,22,23,148,180,181,182,183,150,23,20,21,22,23,20,21,22,23,20,0,0,0,0,0,0,0,0,0,0,0,20,21,0,0,20,21,22,23,20,21,22,23,20,0,0,0,0,0,0,0,0,0,0,
+0,0,0,0,0,0,0,0,18,19,16,17,18,0,0,0,0,0,0,30,31,28,29,30,31,28,29,30,0,0,0,0,0,19,16,17,18,19,16,0,0,19,16,17,18,19,16,17,18,19,144,176,177,178,179,150,19,16,17,18,19,16,17,18,19,16,0,0,0,0,0,0,0,0,0,0,0,0,17,0,0,16,17,18,19,16,17,18,19,16,0,0,0,0,0,0,0,0,0,0,
+0,0,0,0,0,0,0,21,22,32,32,35,35,0,0,0,0,0,0,0,0,0,17,18,19,16,17,18,0,0,0,0,0,0,20,21,22,23,20,0,0,0,0,21,22,23,20,21,22,23,148,180,181,182,183,150,23,20,21,22,23,20,21,22,23,20,0,0,0,0,0,0,0,0,0,0,0,20,21,0,0,20,21,22,23,20,21,22,23,20,0,0,0,0,0,0,0,0,0,0,
 0,0,0,0,0,0,0,25,36,0,0,0,238,38,24,25,0,0,0,0,0,0,0,22,23,20,21,22,0,0,0,0,0,0,24,25,26,27,24,0,0,0,0,0,26,27,24,25,26,152,160,184,185,186,187,150,27,24,25,26,27,24,25,26,27,24,0,0,0,0,0,0,0,0,25,26,27,24,25,26,27,24,25,26,27,24,25,26,27,24,0,0,0,0,0,0,0,0,0,0,
 0,0,0,0,0,0,0,29,38,0,0,0,237,37,28,29,30,31,28,0,0,0,0,0,0,0,25,26,0,0,0,0,0,0,28,29,30,31,28,29,0,0,0,0,0,0,28,29,30,144,191,188,189,190,191,165,157,28,29,30,31,28,29,30,31,28,0,0,0,0,0,0,0,28,29,30,31,28,29,30,31,28,29,30,31,28,29,30,31,28,29,0,0,0,0,0,0,0,0,0,
 0,0,0,0,0,0,0,17,37,0,0,0,236,37,16,17,18,19,16,17,18,0,0,0,0,0,0,0,0,0,0,0,0,0,16,17,18,19,16,17,18,0,0,0,0,0,0,0,18,148,179,176,177,178,179,176,150,16,17,18,19,16,17,18,19,16,17,0,0,0,0,0,19,16,17,18,19,16,17,18,19,16,17,18,19,16,17,18,19,16,17,0,0,0,0,0,0,0,0,0,
@@ -73,21 +73,21 @@
 0,0,0,0,0,0,0,0,26,32,32,32,32,27,24,25,26,27,24,25,26,27,0,0,0,0,0,0,0,27,24,0,0,0,0,0,0,0,24,25,26,27,0,0,0,0,0,0,26,144,187,184,185,186,187,166,158,24,25,0,0,0,0,26,27,24,25,26,27,24,25,26,27,24,25,26,0,0,0,0,0,0,25,26,27,24,25,26,27,24,25,0,0,0,0,0,0,0,0,0,
 0,0,0,0,0,0,0,0,0,0,28,29,30,31,0,0,30,31,28,29,30,31,0,0,0,0,0,0,30,31,28,29,0,0,0,0,0,0,0,29,30,31,28,29,0,0,0,0,30,155,167,188,189,190,191,146,31,28,29,0,0,0,0,0,0,28,29,30,31,28,29,30,31,28,29,0,0,0,0,0,0,0,29,30,31,28,29,30,31,28,0,0,0,0,0,0,0,0,0,0,
 0,0,0,0,0,0,0,0,0,0,0,0,0,0,0,0,0,0,0,17,18,19,0,0,0,0,0,17,18,19,16,17,0,0,0,0,0,0,0,0,18,19,16,17,0,0,0,17,18,19,148,176,177,178,179,150,19,16,17,18,19,0,0,0,0,16,17,18,19,16,17,18,19,16,0,0,0,0,0,0,0,0,0,18,19,16,17,18,19,0,0,0,0,0,0,0,0,0,0,0,
-0,0,0,0,0,0,0,0,0,0,0,0,0,0,0,0,0,0,0,21,22,23,20,0,0,0,0,21,22,23,20,21,22,23,0,0,0,0,0,0,22,23,20,21,22,0,0,0,22,23,144,180,181,182,183,165,157,20,21,22,23,20,0,0,0,0,21,22,23,20,21,22,23,20,0,0,0,0,0,0,0,0,0,0,0,20,21,22,0,0,0,0,0,0,0,0,0,0,0,0,
-0,0,0,0,0,0,0,0,0,0,0,0,0,0,0,0,0,0,0,25,26,27,24,0,0,0,0,0,26,27,24,25,26,27,0,0,0,0,0,0,26,27,24,25,26,0,0,0,26,27,148,184,185,186,187,162,158,24,25,26,27,24,25,0,0,0,25,26,27,24,25,26,27,24,0,0,0,0,0,0,0,0,0,0,0,0,0,0,0,0,0,0,0,0,0,0,0,0,0,0,
-0,0,0,0,0,0,0,0,30,31,0,0,0,0,0,0,0,0,0,29,30,31,28,29,30,0,0,0,30,31,28,29,30,31,28,0,0,0,0,0,30,31,28,29,30,0,0,0,0,31,159,163,189,190,162,158,31,28,29,0,0,28,29,30,0,0,0,30,31,28,29,30,31,28,0,0,0,0,0,0,0,0,0,0,0,0,0,0,0,0,0,0,0,0,0,0,0,0,0,0,
-0,0,0,0,0,0,0,17,18,19,16,17,18,19,0,0,0,0,16,17,18,19,16,17,18,19,16,17,18,19,16,17,18,19,16,17,18,19,16,17,18,19,16,17,18,0,0,0,0,19,16,148,177,178,146,18,19,16,17,264,0,16,17,18,0,0,0,0,19,16,17,18,19,0,0,0,0,0,0,0,0,0,0,0,0,0,0,0,0,0,0,0,0,0,0,0,0,0,0,0,
-0,0,0,0,0,0,20,21,22,23,20,21,22,23,20,21,22,23,20,21,22,23,20,21,22,23,20,21,22,23,20,21,22,23,20,21,22,23,20,21,22,23,20,21,22,0,0,0,0,23,20,148,181,182,150,22,23,20,21,22,23,20,21,22,23,0,0,0,0,0,0,0,0,0,0,0,0,0,0,0,0,0,0,0,0,0,0,0,0,0,0,0,0,0,0,0,0,0,0,0,
-0,0,0,0,0,0,24,25,26,27,24,25,26,27,24,25,26,27,24,25,26,27,24,25,26,27,24,25,26,27,24,25,26,27,24,25,26,27,24,25,26,27,24,25,0,0,0,0,0,27,24,148,185,186,161,153,27,24,25,26,27,24,25,26,27,0,0,0,0,0,0,0,0,0,0,0,0,0,0,0,0,0,0,0,0,0,0,0,0,0,0,0,0,0,0,0,0,0,0,0,
+0,0,0,0,0,0,0,0,0,0,0,0,0,0,0,0,0,0,0,21,22,23,20,0,0,0,0,21,22,23,20,21,22,23,0,0,0,0,0,0,22,23,20,21,0,0,0,0,22,23,144,180,181,182,183,165,157,20,21,22,23,20,0,0,0,0,21,22,23,20,21,22,23,20,0,0,0,0,0,0,0,0,0,0,0,20,21,22,0,0,0,0,0,0,0,0,0,0,0,0,
+0,0,0,0,0,0,0,0,0,0,0,0,0,0,0,0,0,0,0,25,26,27,24,0,0,0,0,0,26,27,24,25,26,27,0,0,0,0,0,0,26,27,24,25,0,0,0,0,26,27,148,184,185,186,187,162,158,24,25,26,27,24,25,0,0,0,25,26,27,24,25,26,27,24,0,0,0,0,0,0,0,0,0,0,0,0,0,0,0,0,0,0,0,0,0,0,0,0,0,0,
+0,0,0,0,0,0,0,0,30,31,0,0,0,0,0,0,0,0,0,29,30,31,28,29,30,0,0,0,30,31,28,29,30,31,28,0,0,0,0,0,30,31,28,29,0,0,0,0,0,31,159,163,189,190,162,158,31,28,29,0,0,28,29,30,0,0,0,30,31,28,29,30,31,28,0,0,0,0,0,0,0,0,0,0,0,0,0,0,0,0,0,0,0,0,0,0,0,0,0,0,
+0,0,0,0,0,0,0,17,18,19,16,17,18,19,0,0,0,0,16,17,18,19,16,17,18,19,16,17,18,19,16,17,18,19,16,17,18,19,16,17,18,19,16,17,0,0,0,0,0,19,16,148,177,178,146,18,19,16,17,264,0,16,17,18,0,0,0,0,19,16,17,18,19,0,0,0,0,0,0,0,0,0,0,0,0,0,0,0,0,0,0,0,0,0,0,0,0,0,0,0,
+0,0,0,0,0,0,20,21,22,23,20,21,22,23,20,21,22,23,20,21,22,23,20,21,22,23,20,21,22,23,20,21,22,23,20,21,22,23,20,21,22,23,20,0,0,0,0,0,0,23,20,148,181,182,150,22,23,20,21,22,23,20,21,22,23,0,0,0,0,0,0,0,0,0,0,0,0,0,0,0,0,0,0,0,0,0,0,0,0,0,0,0,0,0,0,0,0,0,0,0,
+0,0,0,0,0,0,24,25,26,27,24,25,26,27,24,25,26,27,24,25,26,27,24,25,26,27,24,25,26,27,24,25,26,27,24,25,26,27,24,25,26,27,0,0,0,0,0,0,0,27,24,148,185,186,161,153,27,24,25,26,27,24,25,26,27,0,0,0,0,0,0,0,0,0,0,0,0,0,0,0,0,0,0,0,0,0,0,0,0,0,0,0,0,0,0,0,0,0,0,0,
 0,0,0,0,0,0,0,29,30,31,28,29,30,31,28,29,30,31,28,29,30,31,28,29,30,31,28,29,30,31,28,29,30,31,28,29,30,31,28,29,30,31,28,0,0,0,0,0,30,31,156,160,189,190,191,161,157,28,29,30,31,28,29,30,31,0,0,0,0,0,0,0,0,0,0,0,0,0,0,0,0,0,0,0,0,0,0,0,0,0,0,0,0,0,0,0,0,0,0,0,
 0,0,0,0,0,0,0,0,0,19,16,17,18,19,16,17,18,19,16,17,18,19,16,17,18,19,16,17,18,19,16,17,18,19,16,17,18,19,16,17,18,19,16,0,0,0,0,0,0,19,159,167,177,178,179,176,150,0,0,0,0,16,17,18,0,0,0,0,0,0,0,0,0,0,0,0,0,0,0,0,0,0,0,0,0,0,0,0,0,0,0,0,0,0,0,0,0,0,0,0,
-0,0,0,0,0,0,0,0,0,23,20,21,22,23,20,21,22,23,20,21,22,23,20,21,22,23,20,21,22,23,20,21,22,23,20,21,22,23,20,21,22,23,20,21,0,0,0,0,0,0,16,159,163,182,183,180,146,0,0,0,0,0,0,0,0,0,0,0,0,0,0,0,0,0,0,0,0,0,0,0,0,0,0,0,0,0,0,0,0,0,0,0,0,0,0,0,0,0,0,0,
-0,0,0,0,0,0,0,0,0,27,24,25,26,27,0,25,26,27,24,25,26,27,24,25,26,27,24,0,0,0,0,0,0,27,24,25,26,27,24,25,26,27,24,25,0,0,0,0,0,0,0,16,148,186,187,184,150,16,0,0,0,0,0,0,0,0,0,0,0,0,0,0,0,0,0,0,0,0,0,0,0,0,0,0,0,0,0,0,0,0,0,0,0,0,0,0,0,0,0,0,
-0,0,0,0,0,0,0,0,30,31,28,29,30,31,0,0,0,31,28,29,30,31,28,29,30,31,28,0,0,0,0,0,0,31,28,29,30,31,28,29,30,31,28,0,0,0,0,0,0,0,0,16,159,167,191,188,165,153,0,0,0,0,0,0,0,0,0,0,0,0,0,0,0,0,0,0,0,0,0,0,0,0,0,0,0,0,0,0,0,0,0,0,0,0,0,0,0,0,0,0,
-0,0,0,0,0,0,0,17,18,19,16,17,18,19,0,0,0,0,16,17,18,19,16,17,18,19,16,17,0,0,0,0,0,19,16,17,18,19,16,17,18,0,0,0,0,0,0,0,0,0,0,0,16,144,179,176,177,150,0,0,0,0,0,0,0,0,0,0,0,0,0,0,0,0,0,0,0,0,0,0,0,0,0,0,0,0,0,0,0,0,0,0,0,0,0,0,0,0,0,0,
-0,0,0,0,0,0,20,21,22,23,20,21,22,23,20,0,0,0,0,0,0,0,0,21,22,23,20,21,0,0,0,0,0,0,20,21,22,23,20,21,22,0,0,0,0,0,0,0,0,0,0,0,16,144,183,180,181,150,0,0,0,0,0,0,0,0,0,0,0,0,0,0,0,0,0,0,0,0,0,0,0,0,0,0,0,0,0,0,0,0,0,0,0,0,0,0,0,0,0,0,
-0,0,0,0,0,0,0,25,26,27,24,25,26,27,24,0,0,0,0,0,0,0,0,25,26,27,24,25,26,0,0,0,0,0,0,25,26,27,24,25,26,0,0,0,0,0,0,0,0,0,0,0,16,144,187,184,185,146,0,0,0,0,0,0,0,0,0,0,0,0,0,0,0,0,0,0,0,0,0,0,0,0,0,0,0,0,0,0,0,0,0,0,0,0,0,0,0,0,0,0,
-0,0,0,0,0,0,0,29,30,31,28,0,0,0,0,0,0,0,0,0,0,0,0,0,30,31,28,29,30,31,28,0,0,0,0,0,0,0,28,29,0,0,0,0,0,0,0,0,0,0,0,0,16,144,191,188,189,150,16,16,0,0,0,0,0,0,0,0,0,0,0,0,0,0,0,0,0,0,0,0,0,0,0,0,0,0,0,0,0,0,0,0,0,0,0,0,0,0,0,0,
+0,0,0,0,0,0,0,0,0,23,20,21,22,23,20,21,22,23,20,21,22,23,20,21,22,23,0,0,0,0,0,21,22,23,20,21,22,23,20,21,22,23,20,0,0,0,0,0,0,0,16,159,163,182,183,180,146,0,0,0,0,0,0,0,0,0,0,0,0,0,0,0,0,0,0,0,0,0,0,0,0,0,0,0,0,0,0,0,0,0,0,0,0,0,0,0,0,0,0,0,
+0,0,0,0,0,0,0,0,0,27,24,25,26,27,0,25,26,27,24,25,26,27,24,25,26,27,24,0,0,0,0,0,0,27,24,25,26,27,24,25,26,27,0,0,0,0,0,0,0,0,0,16,148,186,187,184,150,16,0,0,0,0,0,0,0,0,0,0,0,0,0,0,0,0,0,0,0,0,0,0,0,0,0,0,0,0,0,0,0,0,0,0,0,0,0,0,0,0,0,0,
+0,0,0,0,0,0,0,0,30,31,28,29,30,31,0,0,0,31,28,29,30,31,28,29,30,31,28,0,0,0,0,0,0,31,28,29,30,31,28,29,0,0,0,0,0,0,0,0,0,0,0,16,159,167,191,188,165,153,0,0,0,0,0,0,0,0,0,0,0,0,0,0,0,0,0,0,0,0,0,0,0,0,0,0,0,0,0,0,0,0,0,0,0,0,0,0,0,0,0,0,
+0,0,0,0,0,0,0,17,18,19,16,17,18,19,0,0,0,0,16,17,18,19,16,17,18,19,16,17,0,0,0,0,0,19,16,17,18,19,16,17,0,0,0,0,0,0,0,0,0,0,0,0,16,144,179,176,177,150,0,0,0,0,0,0,0,0,0,0,0,0,0,0,0,0,0,0,0,0,0,0,0,0,0,0,0,0,0,0,0,0,0,0,0,0,0,0,0,0,0,0,
+0,0,0,0,0,0,20,21,22,23,20,21,22,23,20,0,0,0,0,0,0,0,0,21,22,23,20,21,0,0,0,0,0,0,20,21,22,23,20,21,0,0,0,0,0,0,0,0,0,0,0,0,16,144,183,180,181,150,0,0,0,0,0,0,0,0,0,0,0,0,0,0,0,0,0,0,0,0,0,0,0,0,0,0,0,0,0,0,0,0,0,0,0,0,0,0,0,0,0,0,
+0,0,0,0,0,0,0,25,26,27,24,25,26,27,24,0,0,0,0,0,0,0,0,25,26,27,24,25,26,0,0,0,0,0,0,25,26,27,24,0,0,0,0,0,0,0,0,0,0,0,0,0,16,144,187,184,185,146,0,0,0,0,0,0,0,0,0,0,0,0,0,0,0,0,0,0,0,0,0,0,0,0,0,0,0,0,0,0,0,0,0,0,0,0,0,0,0,0,0,0,
+0,0,0,0,0,0,0,29,30,31,28,0,0,0,0,0,0,0,0,0,0,0,0,0,30,31,28,29,30,31,28,0,0,0,0,0,0,0,0,0,0,0,0,0,0,0,0,0,0,0,0,0,16,144,191,188,189,150,16,16,0,0,0,0,0,0,0,0,0,0,0,0,0,0,0,0,0,0,0,0,0,0,0,0,0,0,0,0,0,0,0,0,0,0,0,0,0,0,0,0,
 0,0,0,0,0,0,0,17,18,19,16,17,0,0,0,0,0,0,16,0,0,0,0,0,0,0,0,17,18,19,16,17,0,0,0,0,0,0,0,0,0,0,0,0,0,0,0,0,0,0,0,0,16,159,167,176,177,161,149,153,16,0,0,0,0,0,0,0,0,0,0,0,0,0,0,0,0,0,0,0,0,0,0,0,0,0,0,0,0,0,0,0,0,0,0,0,0,0,0,0,
 0,0,0,0,0,0,0,0,0,23,20,21,22,23,0,0,0,23,20,21,22,0,0,0,0,0,0,21,22,23,20,21,0,0,0,0,0,0,0,0,0,0,0,0,0,0,20,21,22,23,0,0,0,23,148,180,181,182,183,161,157,16,16,0,0,0,0,0,0,0,0,0,0,0,0,0,0,0,0,0,0,0,0,0,0,0,0,0,0,0,0,0,0,0,0,0,0,0,0,0,
 0,0,0,0,0,0,0,0,0,0,24,25,26,27,0,0,26,27,24,25,26,27,0,0,0,0,0,25,26,27,24,25,0,0,0,0,0,0,24,25,26,27,0,0,0,27,24,25,26,27,24,0,0,27,144,184,185,186,187,184,165,149,153,16,0,0,0,0,0,0,0,0,0,0,0,0,0,0,0,0,0,0,0,0,0,0,0,0,0,0,0,0,0,0,0,0,0,0,0,0,
@@ -281,16 +281,21 @@
 3,3,3,3,3,3,3,3,3,3,3,3,3,3,3,3,3,3,3,3,3,3,3,3,3,3,3,3,3,3,3,3,3,3,3,3,3,3,3,3,3,3,3,3,3,3,3,3,3,3,3,3,3,3,3,3,3,3,3,3,3,3,3,3,3,3,3,3,3,3,3,3,3,3,3,3,3,3,3,3,3,3,3,3,3,3,3,3,3,3,3,3,3,3,3,3,3,3,3,3
 </data>
  </layer>
- <objectgroup name="event" width="100" height="80" visible="0">
+ <objectgroup name="event" width="100" height="80">
   <object name="to Salted Field" type="on_trigger" x="32" y="192" width="32" height="128">
    <properties>
     <property name="intermap" value="maps/salted_field.txt,56,12"/>
    </properties>
   </object>
-  <object name="to Family Crypt" type="on_trigger" x="384" y="1184" width="32" height="32">
+  <object name="to Family Crypt" type="on_trigger" x="288" y="1120" width="128" height="128">
    <properties>
     <property name="intermap" value="maps/family_crypt.txt,31,39"/>
    </properties>
   </object>
+  <object name="to Goblin Camp" type="on_trigger" x="1632" y="2464" width="128" height="32">
+   <properties>
+    <property name="intermap" value="maps/goblin_camp.txt,5,2"/>
+   </properties>
+  </object>
  </objectgroup>
 </map>
