diff --git a/mods/empyrean_campaign/maps/perdition_mines.txt b/mods/empyrean_campaign/maps/perdition_mines.txt
index dd8dd3822a7d7ea97ef6c841a78edcd4829a57c8..ad24b635306dfe2141cf4d81cd2cf5599a77fa99 100644
--- a/mods/empyrean_campaign/maps/perdition_mines.txt
+++ b/mods/empyrean_campaign/maps/perdition_mines.txt
@@ -62,7 +62,7 @@ data=
 0,0,0,0,0,0,0,0,0,0,0,0,0,0,0,0,0,0,0,0,0,0,0,0,0,0,0,0,0,0,0,0,0,0,0,0,0,0,0,0,0,0,0,0,0,0,0,0,0,0,0,0,0,0,0,0,
 0,0,0,0,0,0,0,0,0,0,0,0,0,0,0,0,76,69,69,77,0,0,0,0,0,0,0,0,0,0,0,0,0,0,0,0,0,0,0,0,0,0,0,0,0,0,0,0,0,0,0,0,0,0,0,0,
 0,0,0,0,0,0,0,0,0,0,0,0,0,0,0,72,115,0,0,85,109,69,73,0,0,0,0,0,0,0,0,0,0,0,0,0,0,0,0,0,0,0,0,0,0,0,0,0,0,0,0,0,0,0,0,0,
-0,0,0,0,0,0,0,0,0,0,0,0,0,0,0,68,0,0,0,0,0,0,85,69,73,0,0,0,0,0,0,0,0,0,0,0,0,0,72,69,73,0,0,0,0,0,0,0,0,0,0,0,0,0,0,0,
+0,0,0,0,0,0,0,0,0,0,0,0,0,0,0,68,0,163,0,0,0,0,85,69,73,0,0,0,0,0,0,0,0,0,0,0,0,0,72,69,73,0,0,0,0,0,0,0,0,0,0,0,0,0,0,0,
 0,0,0,0,0,0,0,0,0,0,0,0,0,0,0,96,0,0,0,0,147,0,0,0,85,73,0,0,0,0,0,0,0,0,0,98,69,113,103,0,81,77,0,0,0,0,0,0,0,0,0,0,0,0,0,0,
 0,0,0,0,0,0,0,0,0,0,0,0,0,0,0,64,0,0,0,130,0,0,0,0,0,66,0,0,0,0,0,0,0,0,102,84,0,0,0,0,0,85,73,0,0,0,0,0,0,0,0,0,0,0,0,0,
 0,0,0,0,0,0,0,0,0,0,0,0,0,0,0,100,0,0,0,130,0,0,0,0,0,70,0,0,0,0,0,0,0,0,68,132,0,0,0,0,0,0,81,73,0,0,0,0,0,0,0,0,0,0,0,0,
@@ -89,7 +89,7 @@ data=
 0,0,0,0,0,0,0,0,0,0,0,0,0,0,0,108,0,0,0,0,0,0,0,0,0,0,0,66,0,0,0,0,0,0,0,64,0,145,0,0,0,0,0,0,0,0,66,0,0,0,0,0,0,0,0,0,
 0,0,0,0,0,0,0,0,0,0,0,0,0,0,0,64,0,0,149,0,0,0,0,0,0,0,82,74,0,0,0,0,0,0,0,108,0,0,0,0,0,0,0,0,0,0,70,0,0,0,0,0,0,0,0,0,
 0,0,0,0,0,0,0,0,0,0,0,0,0,0,72,115,0,0,0,0,0,0,0,0,0,86,74,0,0,0,0,0,0,0,0,64,133,0,0,0,0,0,0,0,0,86,78,0,0,0,0,0,0,0,0,0,
-0,0,0,0,0,0,0,0,0,0,0,0,0,0,68,0,0,0,0,0,0,0,0,0,0,66,0,0,0,0,0,0,0,0,0,75,83,0,0,0,0,0,0,0,0,70,0,0,0,0,0,0,0,0,0,0,
+0,0,0,0,0,0,0,0,0,0,0,0,0,0,68,0,162,0,0,0,0,0,0,0,0,66,0,0,0,0,0,0,0,0,0,75,83,0,0,0,0,0,0,0,0,70,0,0,0,0,0,0,0,0,0,0,
 0,0,0,0,0,0,0,0,0,0,0,0,0,0,64,135,0,0,0,0,0,0,0,86,71,78,0,0,0,0,0,0,0,0,0,0,64,134,0,0,0,0,0,0,0,66,0,0,0,0,0,0,0,0,0,0,
 0,0,0,0,0,0,0,0,0,0,0,0,0,0,75,87,0,0,0,0,0,0,86,78,0,0,0,0,0,0,0,0,0,0,0,0,75,87,0,0,0,0,0,0,0,66,0,0,0,0,0,0,0,0,0,0,
 0,0,0,0,0,0,0,0,0,0,0,0,0,0,0,79,71,87,0,0,0,0,70,0,0,0,0,0,0,0,0,0,0,0,0,0,0,79,71,87,0,0,0,0,0,70,0,0,0,0,0,0,0,0,0,0,
@@ -104,7 +104,7 @@ data=
 3,3,3,3,3,3,3,3,3,3,3,3,3,3,3,3,3,3,3,3,3,3,3,3,3,3,3,3,3,3,3,3,3,3,3,3,3,3,3,3,3,3,3,3,3,3,3,3,3,3,3,3,3,3,3,3,
 3,3,3,3,3,3,3,3,3,3,3,3,3,3,3,3,1,1,1,1,1,3,3,3,3,3,3,3,3,3,3,3,3,3,3,3,3,3,3,3,3,3,3,3,3,3,3,3,3,3,3,3,3,3,3,3,
 3,3,3,3,3,3,3,3,3,3,3,3,3,3,3,1,1,0,0,1,1,1,1,1,3,3,3,3,3,3,3,3,3,3,3,3,3,3,3,3,3,3,3,3,3,3,3,3,3,3,3,3,3,3,3,3,
-3,3,3,3,3,3,3,3,3,3,3,3,3,3,3,1,0,0,0,0,0,0,1,1,1,3,3,3,3,3,3,3,3,3,3,3,3,3,1,1,1,3,3,3,3,3,3,3,3,3,3,3,3,3,3,3,
+3,3,3,3,3,3,3,3,3,3,3,3,3,3,3,1,0,4,0,0,0,0,1,1,1,3,3,3,3,3,3,3,3,3,3,3,3,3,1,1,1,3,3,3,3,3,3,3,3,3,3,3,3,3,3,3,
 3,3,3,3,3,3,3,3,3,3,3,3,3,3,3,1,0,0,0,0,4,0,0,0,1,1,3,3,3,3,3,3,3,3,3,1,1,1,1,0,1,1,3,3,3,3,3,3,3,3,3,3,3,3,3,3,
 3,3,3,3,3,3,3,3,3,3,3,3,3,3,3,1,0,0,0,4,0,0,0,0,0,1,3,3,3,3,3,3,3,3,1,1,0,0,0,0,0,1,1,3,3,3,3,3,3,3,3,3,3,3,3,3,
 3,3,3,3,3,3,3,3,3,3,3,3,3,3,3,1,0,0,0,4,0,0,0,0,0,1,3,3,3,3,3,3,3,3,1,0,0,0,0,0,0,0,1,1,3,3,3,3,3,3,3,3,3,3,3,3,
@@ -131,7 +131,7 @@ data=
 3,3,3,3,3,3,3,3,3,3,3,3,3,3,3,1,0,0,0,0,0,0,0,0,0,0,0,1,3,3,3,3,3,3,3,1,0,4,0,0,0,0,0,0,0,0,1,3,3,3,3,3,3,3,3,3,
 3,3,3,3,3,3,3,3,3,3,3,3,3,3,3,1,0,0,1,0,0,0,0,0,0,0,1,1,3,3,3,3,3,3,3,1,0,0,0,0,0,0,0,0,0,0,1,3,3,3,3,3,3,3,3,3,
 3,3,3,3,3,3,3,3,3,3,3,3,3,3,1,1,0,0,0,0,0,0,0,0,0,1,1,3,3,3,3,3,3,3,3,1,0,0,0,0,0,0,0,0,0,1,1,3,3,3,3,3,3,3,3,3,
-3,3,3,3,3,3,3,3,3,3,3,3,3,3,1,0,0,0,0,0,0,0,0,0,0,1,3,3,3,3,3,3,3,3,3,1,1,0,0,0,0,0,0,0,0,1,3,3,3,3,3,3,3,3,3,3,
+3,3,3,3,3,3,3,3,3,3,3,3,3,3,1,0,4,0,0,0,0,0,0,0,0,1,3,3,3,3,3,3,3,3,3,1,1,0,0,0,0,0,0,0,0,1,3,3,3,3,3,3,3,3,3,3,
 3,3,3,3,3,3,3,3,3,3,3,3,3,3,1,0,0,0,0,0,0,0,0,1,1,1,3,3,3,3,3,3,3,3,3,3,1,0,0,0,0,0,0,0,0,1,3,3,3,3,3,3,3,3,3,3,
 3,3,3,3,3,3,3,3,3,3,3,3,3,3,1,1,0,0,0,0,0,0,1,1,3,3,3,3,3,3,3,3,3,3,3,3,1,1,0,0,0,0,0,0,0,1,3,3,3,3,3,3,3,3,3,3,
 3,3,3,3,3,3,3,3,3,3,3,3,3,3,3,1,1,1,0,0,0,0,1,3,3,3,3,3,3,3,3,3,3,3,3,3,3,1,1,1,0,0,0,0,0,1,3,3,3,3,3,3,3,3,3,3,
@@ -230,6 +230,28 @@ type=on_load
 location=38,29,1,1
 soundfx=soundfx/environment/cave_droplets_loop.ogg
 
+[event]
+# Barrel
+type=on_trigger
+location=16,31,1,1
+hotspot=location
+loot=loot/level_1.txt
+mapmod=object,16,31,178
+repeat=false
+soundfx=soundfx/wood_open.ogg
+tooltip=Barrel
+
+[event]
+# Crate
+type=on_trigger
+location=17,4,1,1
+hotspot=location
+loot=loot/level_1.txt
+mapmod=object,17,4,179
+repeat=false
+soundfx=soundfx/wood_open.ogg
+tooltip=Crate
+
 [enemy]
 type=undead
 location=34,5,9,9
diff --git a/tiled/empyrean_campaign/perdition_mines.tmx b/tiled/empyrean_campaign/perdition_mines.tmx
index 6f9b32d67f2d7eea6e88bbaad7cefafd3a7c8760..7b6cf98cdef17fc7a2a44293968f09add9fc592e 100644
--- a/tiled/empyrean_campaign/perdition_mines.tmx
+++ b/tiled/empyrean_campaign/perdition_mines.tmx
@@ -1,5 +1,5 @@
 <?xml version="1.0" encoding="UTF-8"?>
-<map version="1.0" orientation="isometric" renderorder="right-down" width="56" height="38" tilewidth="64" tileheight="32" backgroundcolor="#000000" nextobjectid="21">
+<map version="1.0" orientation="isometric" renderorder="right-down" width="56" height="38" tilewidth="64" tileheight="32" backgroundcolor="#000000" nextobjectid="23">
  <properties>
   <property name="music" value="music/cave_theme.ogg"/>
   <property name="tileset" value="tilesetdefs/tileset_cave.txt"/>
@@ -62,7 +62,7 @@
 0,0,0,0,0,0,0,0,0,0,0,0,0,0,0,0,0,0,0,0,0,0,0,0,0,0,0,0,0,0,0,0,0,0,0,0,0,0,0,0,0,0,0,0,0,0,0,0,0,0,0,0,0,0,0,0,
 0,0,0,0,0,0,0,0,0,0,0,0,0,0,0,0,76,69,69,77,0,0,0,0,0,0,0,0,0,0,0,0,0,0,0,0,0,0,0,0,0,0,0,0,0,0,0,0,0,0,0,0,0,0,0,0,
 0,0,0,0,0,0,0,0,0,0,0,0,0,0,0,72,115,0,0,85,109,69,73,0,0,0,0,0,0,0,0,0,0,0,0,0,0,0,0,0,0,0,0,0,0,0,0,0,0,0,0,0,0,0,0,0,
-0,0,0,0,0,0,0,0,0,0,0,0,0,0,0,68,0,0,0,0,0,0,85,69,73,0,0,0,0,0,0,0,0,0,0,0,0,0,72,69,73,0,0,0,0,0,0,0,0,0,0,0,0,0,0,0,
+0,0,0,0,0,0,0,0,0,0,0,0,0,0,0,68,0,163,0,0,0,0,85,69,73,0,0,0,0,0,0,0,0,0,0,0,0,0,72,69,73,0,0,0,0,0,0,0,0,0,0,0,0,0,0,0,
 0,0,0,0,0,0,0,0,0,0,0,0,0,0,0,96,0,0,0,0,147,0,0,0,85,73,0,0,0,0,0,0,0,0,0,98,69,113,103,0,81,77,0,0,0,0,0,0,0,0,0,0,0,0,0,0,
 0,0,0,0,0,0,0,0,0,0,0,0,0,0,0,64,0,0,0,130,0,0,0,0,0,66,0,0,0,0,0,0,0,0,102,84,0,0,0,0,0,85,73,0,0,0,0,0,0,0,0,0,0,0,0,0,
 0,0,0,0,0,0,0,0,0,0,0,0,0,0,0,100,0,0,0,130,0,0,0,0,0,70,0,0,0,0,0,0,0,0,68,132,0,0,0,0,0,0,81,73,0,0,0,0,0,0,0,0,0,0,0,0,
@@ -89,7 +89,7 @@
 0,0,0,0,0,0,0,0,0,0,0,0,0,0,0,108,0,0,0,0,0,0,0,0,0,0,0,66,0,0,0,0,0,0,0,64,0,145,0,0,0,0,0,0,0,0,66,0,0,0,0,0,0,0,0,0,
 0,0,0,0,0,0,0,0,0,0,0,0,0,0,0,64,0,0,149,0,0,0,0,0,0,0,82,74,0,0,0,0,0,0,0,108,0,0,0,0,0,0,0,0,0,0,70,0,0,0,0,0,0,0,0,0,
 0,0,0,0,0,0,0,0,0,0,0,0,0,0,72,115,0,0,0,0,0,0,0,0,0,86,74,0,0,0,0,0,0,0,0,64,133,0,0,0,0,0,0,0,0,86,78,0,0,0,0,0,0,0,0,0,
-0,0,0,0,0,0,0,0,0,0,0,0,0,0,68,0,0,0,0,0,0,0,0,0,0,66,0,0,0,0,0,0,0,0,0,75,83,0,0,0,0,0,0,0,0,70,0,0,0,0,0,0,0,0,0,0,
+0,0,0,0,0,0,0,0,0,0,0,0,0,0,68,0,162,0,0,0,0,0,0,0,0,66,0,0,0,0,0,0,0,0,0,75,83,0,0,0,0,0,0,0,0,70,0,0,0,0,0,0,0,0,0,0,
 0,0,0,0,0,0,0,0,0,0,0,0,0,0,64,135,0,0,0,0,0,0,0,86,71,78,0,0,0,0,0,0,0,0,0,0,64,134,0,0,0,0,0,0,0,66,0,0,0,0,0,0,0,0,0,0,
 0,0,0,0,0,0,0,0,0,0,0,0,0,0,75,87,0,0,0,0,0,0,86,78,0,0,0,0,0,0,0,0,0,0,0,0,75,87,0,0,0,0,0,0,0,66,0,0,0,0,0,0,0,0,0,0,
 0,0,0,0,0,0,0,0,0,0,0,0,0,0,0,79,71,87,0,0,0,0,70,0,0,0,0,0,0,0,0,0,0,0,0,0,0,79,71,87,0,0,0,0,0,70,0,0,0,0,0,0,0,0,0,0,
@@ -98,13 +98,13 @@
 0,0,0,0,0,0,0,0,0,0,0,0,0,0,0,0,0,0,0,0,0,0,0,0,0,0,0,0,0,0,0,0,0,0,0,0,0,0,0,0,0,0,0,0,0,0,0,0,0,0,0,0,0,0,0,0
 </data>
  </layer>
- <layer name="collision" width="56" height="38" visible="0">
+ <layer name="collision" width="56" height="38">
   <data encoding="csv">
 3,3,3,3,3,3,3,3,3,3,3,3,3,3,3,3,3,3,3,3,3,3,3,3,3,3,3,3,3,3,3,3,3,3,3,3,3,3,3,3,3,3,3,3,3,3,3,3,3,3,3,3,3,3,3,3,
 3,3,3,3,3,3,3,3,3,3,3,3,3,3,3,3,3,3,3,3,3,3,3,3,3,3,3,3,3,3,3,3,3,3,3,3,3,3,3,3,3,3,3,3,3,3,3,3,3,3,3,3,3,3,3,3,
 3,3,3,3,3,3,3,3,3,3,3,3,3,3,3,3,1,1,1,1,1,3,3,3,3,3,3,3,3,3,3,3,3,3,3,3,3,3,3,3,3,3,3,3,3,3,3,3,3,3,3,3,3,3,3,3,
 3,3,3,3,3,3,3,3,3,3,3,3,3,3,3,1,1,0,0,1,1,1,1,1,3,3,3,3,3,3,3,3,3,3,3,3,3,3,3,3,3,3,3,3,3,3,3,3,3,3,3,3,3,3,3,3,
-3,3,3,3,3,3,3,3,3,3,3,3,3,3,3,1,0,0,0,0,0,0,1,1,1,3,3,3,3,3,3,3,3,3,3,3,3,3,1,1,1,3,3,3,3,3,3,3,3,3,3,3,3,3,3,3,
+3,3,3,3,3,3,3,3,3,3,3,3,3,3,3,1,0,4,0,0,0,0,1,1,1,3,3,3,3,3,3,3,3,3,3,3,3,3,1,1,1,3,3,3,3,3,3,3,3,3,3,3,3,3,3,3,
 3,3,3,3,3,3,3,3,3,3,3,3,3,3,3,1,0,0,0,0,4,0,0,0,1,1,3,3,3,3,3,3,3,3,3,1,1,1,1,0,1,1,3,3,3,3,3,3,3,3,3,3,3,3,3,3,
 3,3,3,3,3,3,3,3,3,3,3,3,3,3,3,1,0,0,0,4,0,0,0,0,0,1,3,3,3,3,3,3,3,3,1,1,0,0,0,0,0,1,1,3,3,3,3,3,3,3,3,3,3,3,3,3,
 3,3,3,3,3,3,3,3,3,3,3,3,3,3,3,1,0,0,0,4,0,0,0,0,0,1,3,3,3,3,3,3,3,3,1,0,0,0,0,0,0,0,1,1,3,3,3,3,3,3,3,3,3,3,3,3,
@@ -131,7 +131,7 @@
 3,3,3,3,3,3,3,3,3,3,3,3,3,3,3,1,0,0,0,0,0,0,0,0,0,0,0,1,3,3,3,3,3,3,3,1,0,4,0,0,0,0,0,0,0,0,1,3,3,3,3,3,3,3,3,3,
 3,3,3,3,3,3,3,3,3,3,3,3,3,3,3,1,0,0,1,0,0,0,0,0,0,0,1,1,3,3,3,3,3,3,3,1,0,0,0,0,0,0,0,0,0,0,1,3,3,3,3,3,3,3,3,3,
 3,3,3,3,3,3,3,3,3,3,3,3,3,3,1,1,0,0,0,0,0,0,0,0,0,1,1,3,3,3,3,3,3,3,3,1,0,0,0,0,0,0,0,0,0,1,1,3,3,3,3,3,3,3,3,3,
-3,3,3,3,3,3,3,3,3,3,3,3,3,3,1,0,0,0,0,0,0,0,0,0,0,1,3,3,3,3,3,3,3,3,3,1,1,0,0,0,0,0,0,0,0,1,3,3,3,3,3,3,3,3,3,3,
+3,3,3,3,3,3,3,3,3,3,3,3,3,3,1,0,4,0,0,0,0,0,0,0,0,1,3,3,3,3,3,3,3,3,3,1,1,0,0,0,0,0,0,0,0,1,3,3,3,3,3,3,3,3,3,3,
 3,3,3,3,3,3,3,3,3,3,3,3,3,3,1,0,0,0,0,0,0,0,0,1,1,1,3,3,3,3,3,3,3,3,3,3,1,0,0,0,0,0,0,0,0,1,3,3,3,3,3,3,3,3,3,3,
 3,3,3,3,3,3,3,3,3,3,3,3,3,3,1,1,0,0,0,0,0,0,1,1,3,3,3,3,3,3,3,3,3,3,3,3,1,1,0,0,0,0,0,0,0,1,3,3,3,3,3,3,3,3,3,3,
 3,3,3,3,3,3,3,3,3,3,3,3,3,3,3,1,1,1,0,0,0,0,1,3,3,3,3,3,3,3,3,3,3,3,3,3,3,1,1,1,0,0,0,0,0,1,3,3,3,3,3,3,3,3,3,3,
@@ -220,6 +220,26 @@
     <property name="soundfx" value="soundfx/environment/cave_droplets_loop.ogg"/>
    </properties>
   </object>
+  <object id="21" name="Barrel" type="on_trigger" x="512" y="992" width="32" height="32">
+   <properties>
+    <property name="hotspot" value="location"/>
+    <property name="loot" value="loot/level_1.txt"/>
+    <property name="mapmod" value="object,16,31,178"/>
+    <property name="repeat" value="false"/>
+    <property name="soundfx" value="soundfx/wood_open.ogg"/>
+    <property name="tooltip" value="Barrel"/>
+   </properties>
+  </object>
+  <object id="22" name="Crate" type="on_trigger" x="544" y="128" width="32" height="32">
+   <properties>
+    <property name="hotspot" value="location"/>
+    <property name="loot" value="loot/level_1.txt"/>
+    <property name="mapmod" value="object,17,4,179"/>
+    <property name="repeat" value="false"/>
+    <property name="soundfx" value="soundfx/wood_open.ogg"/>
+    <property name="tooltip" value="Crate"/>
+   </properties>
+  </object>
  </objectgroup>
  <objectgroup name="enemy" visible="0">
   <object id="2" type="undead" x="1088" y="160" width="288" height="288">
