diff --git a/mods/empyrean_campaign/maps/merrimead_swamp.txt b/mods/empyrean_campaign/maps/merrimead_swamp.txt
index 33701daeeee973d80c0147b45b8ab92cf4f6418d..e3b6e0ccd05693ee000453c125148ce9fa909367 100644
--- a/mods/empyrean_campaign/maps/merrimead_swamp.txt
+++ b/mods/empyrean_campaign/maps/merrimead_swamp.txt
@@ -4,6 +4,7 @@ height=80
 tilewidth=64
 tileheight=32
 orientation=isometric
+background_color=0,0,0,255
 hero_pos=3,17
 music=music/overworld_theme.ogg
 parallax_layers=maps/parallax/rain.txt
@@ -117,14 +118,14 @@ data=
 0,0,0,0,60,53,49,53,53,53,61,0,0,0,0,0,0,0,0,0,0,56,64,0,0,0,0,0,0,0,0,69,61,0,0,0,0,0,0,0,0,0,0,0,0,0,0,0,0,0,0,0,0,0,0,0,0,0,0,0,0,0,0,0,0,0,0,0,0,0,0,0,0,0,0,0,0,0,0,0,
 0,0,0,56,68,0,0,0,0,0,65,49,53,57,0,0,0,0,0,0,60,64,0,0,0,0,0,0,0,0,0,0,65,61,0,0,0,0,0,0,0,0,0,0,0,0,0,0,0,0,0,0,0,0,0,0,0,0,0,0,0,0,0,0,0,56,53,49,49,53,61,0,0,0,0,0,0,0,0,0,
 0,0,0,48,0,243,0,0,254,0,0,0,0,69,61,0,0,0,0,56,64,119,241,0,0,0,0,0,0,0,0,0,252,65,61,0,0,0,0,0,0,0,0,0,0,0,0,0,0,0,0,0,0,0,0,0,0,0,0,0,0,0,60,53,49,68,0,252,0,127,65,53,53,49,49,49,53,53,49,49,
-0,0,0,48,0,0,0,0,0,0,0,0,250,0,65,49,57,0,60,68,0,0,0,0,0,0,0,0,0,0,0,0,0,0,65,61,0,0,0,0,0,0,0,0,0,0,0,0,0,0,0,0,0,0,0,0,0,0,0,0,0,56,64,113,143,0,0,0,0,0,0,0,0,254,0,110,111,0,250,92,
-0,0,56,68,0,0,0,0,0,112,0,0,0,0,0,0,69,53,68,0,254,0,0,0,0,0,0,0,0,0,0,0,0,0,0,50,0,0,0,0,0,0,0,0,0,0,0,0,0,0,0,0,0,0,0,0,0,0,0,0,0,52,0,0,0,0,0,0,0,0,0,0,122,0,0,0,0,125,0,92,
-0,0,52,0,254,0,0,0,0,0,0,0,0,0,0,0,0,253,0,112,0,0,124,0,0,0,0,0,0,0,0,0,0,0,0,50,0,0,0,0,0,0,0,0,0,0,0,0,0,0,0,0,0,0,0,0,0,0,0,0,0,63,51,55,51,67,0,0,0,0,0,0,0,0,0,0,0,0,0,92,
-0,0,64,0,0,0,0,0,0,0,0,0,0,117,0,0,0,0,0,0,0,0,0,0,0,0,0,114,0,0,0,0,0,0,0,50,0,0,0,0,0,0,0,0,0,0,0,0,0,0,0,0,0,0,0,0,0,0,0,0,0,0,0,0,0,52,0,0,0,0,0,0,0,0,0,0,0,0,0,92,
-0,0,94,0,0,0,122,0,0,247,0,0,0,0,0,0,0,0,0,0,0,0,0,117,0,0,0,0,0,0,0,0,0,0,246,50,0,0,0,0,0,0,0,0,0,0,0,0,0,0,0,0,0,0,0,0,0,0,0,0,0,0,0,0,0,52,123,0,0,0,255,0,0,0,0,70,55,51,55,51,
-0,0,94,0,0,0,0,0,0,0,0,0,120,0,0,0,0,126,0,0,0,0,0,0,0,0,0,0,0,0,0,0,0,0,66,62,0,0,0,0,0,0,0,0,0,0,0,0,0,0,0,0,0,0,0,0,0,0,0,0,0,0,60,49,49,64,0,0,0,119,0,0,70,55,51,62,0,0,0,0,
-0,0,94,0,127,0,0,0,0,0,0,0,0,0,0,115,0,0,0,0,0,0,0,0,0,0,0,121,0,0,0,0,0,66,58,0,0,0,0,0,0,0,0,0,0,0,0,0,0,0,0,0,0,0,60,53,49,53,49,57,0,60,68,0,250,0,0,0,0,0,0,70,62,0,0,0,0,0,0,0,
-0,0,94,0,0,0,0,0,0,0,0,0,0,0,0,0,0,0,0,0,0,0,0,0,0,114,0,0,0,0,0,0,0,54,0,0,0,0,0,0,0,0,0,0,0,0,0,0,0,0,0,0,0,0,48,0,0,0,0,69,53,68,116,0,0,0,0,0,0,66,51,58,0,0,0,0,0,0,0,0,
+0,0,0,48,0,0,0,0,0,0,0,0,250,0,65,49,57,0,60,68,0,0,0,0,0,0,0,0,0,0,0,0,0,0,65,61,0,0,0,0,0,0,0,0,0,0,0,0,0,0,0,0,0,0,0,0,0,0,0,0,0,56,64,113,143,0,0,0,0,0,0,0,0,254,0,110,111,0,250,94,
+0,0,56,68,0,0,0,0,0,112,0,0,0,0,0,0,69,53,68,0,254,0,0,0,0,0,0,0,0,0,0,0,0,0,0,50,0,0,0,0,0,0,0,0,0,0,0,0,0,0,0,0,0,0,0,0,0,0,0,0,0,52,0,0,0,0,0,0,0,0,0,0,122,0,0,0,0,125,0,94,
+0,0,52,0,254,0,0,0,0,0,0,0,0,0,0,0,0,253,0,112,0,0,124,0,0,0,0,0,0,0,0,0,0,0,0,50,0,0,0,0,0,0,0,0,0,0,0,0,0,0,0,0,0,0,0,0,0,0,0,0,0,63,51,55,51,67,0,0,0,0,0,0,0,0,0,0,0,0,0,94,
+0,0,64,0,0,0,0,0,0,0,0,0,0,117,0,0,0,0,0,0,0,0,0,0,0,0,0,114,0,0,0,0,0,0,0,50,0,0,0,0,0,0,0,0,0,0,0,0,0,0,0,0,0,0,0,0,0,0,0,0,0,0,0,0,0,52,0,0,0,0,0,0,0,0,0,0,0,0,0,94,
+0,0,92,0,0,0,122,0,0,247,0,0,0,0,0,0,0,0,0,0,0,0,0,117,0,0,0,0,0,0,0,0,0,0,246,50,0,0,0,0,0,0,0,0,0,0,0,0,0,0,0,0,0,0,0,0,0,0,0,0,0,0,0,0,0,52,123,0,0,0,255,0,0,0,0,70,55,51,55,51,
+0,0,92,0,0,0,0,0,0,0,0,0,120,0,0,0,0,126,0,0,0,0,0,0,0,0,0,0,0,0,0,0,0,0,66,62,0,0,0,0,0,0,0,0,0,0,0,0,0,0,0,0,0,0,0,0,0,0,0,0,0,0,60,49,49,64,0,0,0,119,0,0,70,55,51,62,0,0,0,0,
+0,0,92,0,127,0,0,0,0,0,0,0,0,0,0,115,0,0,0,0,0,0,0,0,0,0,0,121,0,0,0,0,0,66,58,0,0,0,0,0,0,0,0,0,0,0,0,0,0,0,0,0,0,0,60,53,49,53,49,57,0,60,68,0,250,0,0,0,0,0,0,70,62,0,0,0,0,0,0,0,
+0,0,92,0,0,0,0,0,0,0,0,0,0,0,0,0,0,0,0,0,0,0,0,0,0,114,0,0,0,0,0,0,0,54,0,0,0,0,0,0,0,0,0,0,0,0,0,0,0,0,0,0,0,0,48,0,0,0,0,69,53,68,116,0,0,0,0,0,0,66,51,58,0,0,0,0,0,0,0,0,
 0,0,67,0,0,0,0,118,0,0,114,0,0,0,0,0,0,0,119,0,0,244,0,0,0,0,0,0,0,0,0,0,0,54,0,0,0,0,0,0,0,0,0,0,0,0,0,0,0,0,0,0,0,56,64,112,0,249,0,0,0,0,0,0,0,0,122,0,0,54,0,0,0,0,0,0,0,0,0,0,
 0,0,48,0,0,0,0,0,0,0,0,0,0,120,0,0,0,0,0,0,0,0,0,0,119,0,0,0,0,0,0,0,0,54,0,0,0,0,0,0,0,0,0,0,0,0,0,0,0,0,0,0,0,52,0,0,0,0,0,0,0,0,0,127,0,0,0,0,66,62,0,0,0,0,0,0,0,0,0,0,
 0,0,59,67,253,0,0,0,0,0,0,0,0,0,0,0,0,0,0,0,0,116,0,0,0,0,0,0,0,0,0,0,0,69,57,0,0,0,0,0,0,0,0,0,0,0,0,0,0,0,0,0,0,52,0,254,0,0,0,0,0,0,0,0,0,0,0,70,62,0,0,0,0,0,0,0,0,0,0,0,
diff --git a/tiled/empyrean_campaign/merrimead_swamp.tmx b/tiled/empyrean_campaign/merrimead_swamp.tmx
index 904bd0759b7d0216a451558ea045e6fc597ba718..f5847fc9061f9a1d9cf5b1f0fc3784bee211ce51 100644
--- a/tiled/empyrean_campaign/merrimead_swamp.tmx
+++ b/tiled/empyrean_campaign/merrimead_swamp.tmx
@@ -1,5 +1,5 @@
 <?xml version="1.0" encoding="UTF-8"?>
-<map version="1.0" tiledversion="1.0.2" orientation="isometric" renderorder="right-down" width="80" height="80" tilewidth="64" tileheight="32" backgroundcolor="#000000" nextobjectid="50">
+<map version="1.0" tiledversion="1.1.5" orientation="isometric" renderorder="right-down" width="80" height="80" tilewidth="64" tileheight="32" infinite="0" backgroundcolor="#000000" nextobjectid="50">
  <properties>
   <property name="hero_pos" value="3,17"/>
   <property name="music" value="music/overworld_theme.ogg"/>
@@ -128,14 +128,14 @@
 0,0,0,0,60,53,49,53,53,53,61,0,0,0,0,0,0,0,0,0,0,56,64,0,0,0,0,0,0,0,0,69,61,0,0,0,0,0,0,0,0,0,0,0,0,0,0,0,0,0,0,0,0,0,0,0,0,0,0,0,0,0,0,0,0,0,0,0,0,0,0,0,0,0,0,0,0,0,0,0,
 0,0,0,56,68,0,0,0,0,0,65,49,53,57,0,0,0,0,0,0,60,64,0,0,0,0,0,0,0,0,0,0,65,61,0,0,0,0,0,0,0,0,0,0,0,0,0,0,0,0,0,0,0,0,0,0,0,0,0,0,0,0,0,0,0,56,53,49,49,53,61,0,0,0,0,0,0,0,0,0,
 0,0,0,48,0,243,0,0,254,0,0,0,0,69,61,0,0,0,0,56,64,119,241,0,0,0,0,0,0,0,0,0,252,65,61,0,0,0,0,0,0,0,0,0,0,0,0,0,0,0,0,0,0,0,0,0,0,0,0,0,0,0,60,53,49,68,0,252,0,127,65,53,53,49,49,49,53,53,49,49,
-0,0,0,48,0,0,0,0,0,0,0,0,250,0,65,49,57,0,60,68,0,0,0,0,0,0,0,0,0,0,0,0,0,0,65,61,0,0,0,0,0,0,0,0,0,0,0,0,0,0,0,0,0,0,0,0,0,0,0,0,0,56,64,113,143,0,0,0,0,0,0,0,0,254,0,110,111,0,250,92,
-0,0,56,68,0,0,0,0,0,112,0,0,0,0,0,0,69,53,68,0,254,0,0,0,0,0,0,0,0,0,0,0,0,0,0,50,0,0,0,0,0,0,0,0,0,0,0,0,0,0,0,0,0,0,0,0,0,0,0,0,0,52,0,0,0,0,0,0,0,0,0,0,122,0,0,0,0,125,0,92,
-0,0,52,0,254,0,0,0,0,0,0,0,0,0,0,0,0,253,0,112,0,0,124,0,0,0,0,0,0,0,0,0,0,0,0,50,0,0,0,0,0,0,0,0,0,0,0,0,0,0,0,0,0,0,0,0,0,0,0,0,0,63,51,55,51,67,0,0,0,0,0,0,0,0,0,0,0,0,0,92,
-0,0,64,0,0,0,0,0,0,0,0,0,0,117,0,0,0,0,0,0,0,0,0,0,0,0,0,114,0,0,0,0,0,0,0,50,0,0,0,0,0,0,0,0,0,0,0,0,0,0,0,0,0,0,0,0,0,0,0,0,0,0,0,0,0,52,0,0,0,0,0,0,0,0,0,0,0,0,0,92,
-0,0,94,0,0,0,122,0,0,247,0,0,0,0,0,0,0,0,0,0,0,0,0,117,0,0,0,0,0,0,0,0,0,0,246,50,0,0,0,0,0,0,0,0,0,0,0,0,0,0,0,0,0,0,0,0,0,0,0,0,0,0,0,0,0,52,123,0,0,0,255,0,0,0,0,70,55,51,55,51,
-0,0,94,0,0,0,0,0,0,0,0,0,120,0,0,0,0,126,0,0,0,0,0,0,0,0,0,0,0,0,0,0,0,0,66,62,0,0,0,0,0,0,0,0,0,0,0,0,0,0,0,0,0,0,0,0,0,0,0,0,0,0,60,49,49,64,0,0,0,119,0,0,70,55,51,62,0,0,0,0,
-0,0,94,0,127,0,0,0,0,0,0,0,0,0,0,115,0,0,0,0,0,0,0,0,0,0,0,121,0,0,0,0,0,66,58,0,0,0,0,0,0,0,0,0,0,0,0,0,0,0,0,0,0,0,60,53,49,53,49,57,0,60,68,0,250,0,0,0,0,0,0,70,62,0,0,0,0,0,0,0,
-0,0,94,0,0,0,0,0,0,0,0,0,0,0,0,0,0,0,0,0,0,0,0,0,0,114,0,0,0,0,0,0,0,54,0,0,0,0,0,0,0,0,0,0,0,0,0,0,0,0,0,0,0,0,48,0,0,0,0,69,53,68,116,0,0,0,0,0,0,66,51,58,0,0,0,0,0,0,0,0,
+0,0,0,48,0,0,0,0,0,0,0,0,250,0,65,49,57,0,60,68,0,0,0,0,0,0,0,0,0,0,0,0,0,0,65,61,0,0,0,0,0,0,0,0,0,0,0,0,0,0,0,0,0,0,0,0,0,0,0,0,0,56,64,113,143,0,0,0,0,0,0,0,0,254,0,110,111,0,250,94,
+0,0,56,68,0,0,0,0,0,112,0,0,0,0,0,0,69,53,68,0,254,0,0,0,0,0,0,0,0,0,0,0,0,0,0,50,0,0,0,0,0,0,0,0,0,0,0,0,0,0,0,0,0,0,0,0,0,0,0,0,0,52,0,0,0,0,0,0,0,0,0,0,122,0,0,0,0,125,0,94,
+0,0,52,0,254,0,0,0,0,0,0,0,0,0,0,0,0,253,0,112,0,0,124,0,0,0,0,0,0,0,0,0,0,0,0,50,0,0,0,0,0,0,0,0,0,0,0,0,0,0,0,0,0,0,0,0,0,0,0,0,0,63,51,55,51,67,0,0,0,0,0,0,0,0,0,0,0,0,0,94,
+0,0,64,0,0,0,0,0,0,0,0,0,0,117,0,0,0,0,0,0,0,0,0,0,0,0,0,114,0,0,0,0,0,0,0,50,0,0,0,0,0,0,0,0,0,0,0,0,0,0,0,0,0,0,0,0,0,0,0,0,0,0,0,0,0,52,0,0,0,0,0,0,0,0,0,0,0,0,0,94,
+0,0,92,0,0,0,122,0,0,247,0,0,0,0,0,0,0,0,0,0,0,0,0,117,0,0,0,0,0,0,0,0,0,0,246,50,0,0,0,0,0,0,0,0,0,0,0,0,0,0,0,0,0,0,0,0,0,0,0,0,0,0,0,0,0,52,123,0,0,0,255,0,0,0,0,70,55,51,55,51,
+0,0,92,0,0,0,0,0,0,0,0,0,120,0,0,0,0,126,0,0,0,0,0,0,0,0,0,0,0,0,0,0,0,0,66,62,0,0,0,0,0,0,0,0,0,0,0,0,0,0,0,0,0,0,0,0,0,0,0,0,0,0,60,49,49,64,0,0,0,119,0,0,70,55,51,62,0,0,0,0,
+0,0,92,0,127,0,0,0,0,0,0,0,0,0,0,115,0,0,0,0,0,0,0,0,0,0,0,121,0,0,0,0,0,66,58,0,0,0,0,0,0,0,0,0,0,0,0,0,0,0,0,0,0,0,60,53,49,53,49,57,0,60,68,0,250,0,0,0,0,0,0,70,62,0,0,0,0,0,0,0,
+0,0,92,0,0,0,0,0,0,0,0,0,0,0,0,0,0,0,0,0,0,0,0,0,0,114,0,0,0,0,0,0,0,54,0,0,0,0,0,0,0,0,0,0,0,0,0,0,0,0,0,0,0,0,48,0,0,0,0,69,53,68,116,0,0,0,0,0,0,66,51,58,0,0,0,0,0,0,0,0,
 0,0,67,0,0,0,0,118,0,0,114,0,0,0,0,0,0,0,119,0,0,244,0,0,0,0,0,0,0,0,0,0,0,54,0,0,0,0,0,0,0,0,0,0,0,0,0,0,0,0,0,0,0,56,64,112,0,249,0,0,0,0,0,0,0,0,122,0,0,54,0,0,0,0,0,0,0,0,0,0,
 0,0,48,0,0,0,0,0,0,0,0,0,0,120,0,0,0,0,0,0,0,0,0,0,119,0,0,0,0,0,0,0,0,54,0,0,0,0,0,0,0,0,0,0,0,0,0,0,0,0,0,0,0,52,0,0,0,0,0,0,0,0,0,127,0,0,0,0,66,62,0,0,0,0,0,0,0,0,0,0,
 0,0,59,67,253,0,0,0,0,0,0,0,0,0,0,0,0,0,0,0,0,116,0,0,0,0,0,0,0,0,0,0,0,69,57,0,0,0,0,0,0,0,0,0,0,0,0,0,0,0,0,0,0,52,0,254,0,0,0,0,0,0,0,0,0,0,0,70,62,0,0,0,0,0,0,0,0,0,0,0,
