diff --git a/mods/empyrean_campaign/enemies/lvl12_nishi.txt b/mods/empyrean_campaign/enemies/lvl12_nishi.txt
new file mode 100644
index 0000000000000000000000000000000000000000..b5f90c8bbaf36caf1e348dd034379bb621065d72
--- /dev/null
+++ b/mods/empyrean_campaign/enemies/lvl12_nishi.txt
@@ -0,0 +1,39 @@
+INCLUDE enemies/base/wyvern_fire.txt
+
+name=Nishi
+level=12
+categories=nishi
+xp=8192
+
+# combat stats
+stat=hp,1340
+speed=6.1
+turn_delay=200ms
+chance_pursue=15
+
+power=melee,164,5
+power=ranged,173,60
+
+stat=accuracy,150
+stat=avoidance,80
+stat=poise,43
+
+stat=dmg_melee_min,200
+stat=dmg_melee_max,205
+stat=dmg_ment_min,195
+stat=dmg_ment_max,205
+stat=absorb_min,11
+stat=absorb_max,12
+
+vulnerable=fire,50
+vulnerable=ice,125
+
+cooldown=1275ms
+
+# wizard's tower entrance key
+quest_loot=emp_wizard1_init,emp_wizard1_key,1022
+
+# loot
+loot_count=5,7
+loot=loot/level_12.txt
+
diff --git a/mods/empyrean_campaign/items/categories/quest.txt b/mods/empyrean_campaign/items/categories/quest.txt
index 017b6dcf001d60cb763e2fa9d4e5451607a1ce29..0d758fa2d8f0405aafb7f23fe7a6055a5651375b 100644
--- a/mods/empyrean_campaign/items/categories/quest.txt
+++ b/mods/empyrean_campaign/items/categories/quest.txt
@@ -214,6 +214,15 @@ item_type=book
 pickup_status=emp_mog_note5
 book=books/mog_5.txt
 
+[item]
+id=1022
+name=Wizard's Tower Entrance Key
+INCLUDE items/base/misc/key.txt
+quest_item=true
+quality=unique
+item_type=key
+pickup_status=emp_wizard1_key
+
 ### Main quest items
 [item]
 id=1100
diff --git a/mods/empyrean_campaign/maps/wizards_tower_1.txt b/mods/empyrean_campaign/maps/wizards_tower_1.txt
index 4ab02b8210f86204c1ff3a2cfec9be77f4378ab4..3ff8f7724083e18e7d281884e898765f5cc7c15f 100644
--- a/mods/empyrean_campaign/maps/wizards_tower_1.txt
+++ b/mods/empyrean_campaign/maps/wizards_tower_1.txt
@@ -166,20 +166,20 @@ data=
 0,0,0,0,0,0,0,0,0,0,0,0,0,0,0,0,0,0,0,0,0,0,0,0,0,0,0,0,0,0,0,0,0,0,0,0,0,0,64,282,283,82,0,0,0,0,0,0,0,68,0,0,0,0,121,0,0,0,0,0,0,0,0,0,0,0,0,0,0,0,0,0,0,0,70,0,0,76,71,83,83,88,0,0,0,0,91,83,83,83,83,83,83,83,95,0,0,0,0,0,
 0,0,0,0,0,0,0,0,0,0,0,0,0,0,0,0,0,0,0,0,0,0,0,0,0,0,0,0,0,0,0,0,0,0,0,0,0,77,73,0,0,90,94,0,0,0,0,0,0,98,0,0,0,0,122,0,0,0,0,0,0,0,0,0,0,0,0,0,0,0,0,0,0,0,82,0,0,0,0,0,0,80,0,0,0,0,82,0,0,0,0,0,0,0,0,0,0,0,0,0,
 0,0,0,0,0,0,0,0,0,0,0,0,0,0,0,0,0,0,0,0,0,0,0,0,0,0,0,0,0,0,0,0,0,0,0,0,0,64,0,0,0,0,82,0,0,0,0,0,0,68,0,0,0,0,122,0,0,0,0,0,0,0,0,0,0,0,0,0,0,0,0,0,0,0,82,0,0,0,0,0,0,68,0,0,0,0,82,0,0,0,0,0,0,0,0,0,0,0,0,0,
-0,0,0,0,0,0,0,0,0,0,0,0,0,0,0,0,0,0,0,0,0,0,0,0,0,0,0,0,0,0,0,0,0,77,65,107,65,73,167,0,0,0,90,81,107,65,99,69,107,73,0,0,0,0,122,0,0,130,118,0,0,0,0,0,0,0,0,0,0,120,128,0,0,0,82,0,0,0,0,0,0,96,0,0,0,0,82,0,0,0,0,0,0,0,0,0,0,0,0,0,
-0,0,0,0,0,0,0,0,0,0,0,0,0,0,0,0,0,0,0,0,0,0,0,0,0,0,0,0,0,0,0,0,0,68,0,0,0,0,0,0,0,0,0,0,0,0,0,0,0,0,0,0,0,0,122,0,0,119,151,0,0,0,0,0,0,0,0,0,0,151,119,0,0,0,82,0,0,0,0,0,0,102,0,0,0,0,82,0,0,0,0,0,0,0,0,0,0,0,0,0,
-0,0,0,0,0,0,0,0,0,0,0,0,0,0,0,0,0,0,0,0,0,0,0,0,0,0,0,0,0,0,0,0,0,102,0,150,0,0,0,0,0,0,0,0,0,195,0,195,0,0,0,0,0,0,122,0,0,0,0,0,0,0,0,0,0,0,0,0,0,0,0,0,0,0,82,0,0,0,0,0,0,108,0,0,0,0,82,0,0,0,0,0,0,0,0,0,0,0,0,0,
-0,0,0,0,0,0,0,0,0,0,0,0,0,0,0,0,0,0,0,0,0,0,0,0,0,0,0,0,0,0,0,0,0,68,0,0,0,0,0,0,0,0,0,0,0,194,0,194,0,0,0,0,0,0,122,0,0,0,0,0,0,0,0,0,0,0,0,0,0,0,0,0,0,0,82,0,0,0,0,0,0,68,0,0,0,0,82,0,0,0,0,0,0,0,0,0,0,0,0,0,
-0,77,69,103,65,101,107,101,101,107,101,69,103,69,78,0,0,0,0,0,0,0,0,0,0,0,0,0,0,77,65,69,65,73,0,0,0,0,0,0,0,0,0,0,0,0,0,0,0,0,0,0,0,0,119,0,0,0,0,0,0,0,0,0,0,0,0,0,0,0,0,0,0,0,90,81,78,0,0,77,69,73,0,0,0,0,90,81,65,65,78,0,0,0,0,0,0,0,0,0,
+0,0,0,0,0,0,0,0,0,0,0,0,0,0,0,0,0,0,0,0,0,0,0,0,0,0,0,0,0,0,0,0,0,77,65,107,65,73,167,0,0,0,90,81,107,65,99,69,107,73,0,0,0,0,126,123,123,130,118,0,0,0,0,0,0,0,0,0,0,120,128,0,0,0,82,0,0,0,0,0,0,96,0,0,0,0,82,0,0,0,0,0,0,0,0,0,0,0,0,0,
+0,0,0,0,0,0,0,0,0,0,0,0,0,0,0,0,0,0,0,0,0,0,0,0,0,0,0,0,0,0,0,0,0,68,0,0,0,0,0,0,0,0,0,0,0,0,0,0,0,0,0,0,0,0,0,0,0,119,151,0,0,0,0,0,0,0,0,0,0,151,119,0,0,0,82,0,0,0,0,0,0,102,0,0,0,0,82,0,0,0,0,0,0,0,0,0,0,0,0,0,
+0,0,0,0,0,0,0,0,0,0,0,0,0,0,0,0,0,0,0,0,0,0,0,0,0,0,0,0,0,0,0,0,0,102,0,150,0,0,0,0,0,0,0,0,0,195,0,195,0,0,0,0,0,0,0,0,0,0,0,0,0,0,0,0,0,0,0,0,0,0,0,0,0,0,82,0,0,0,0,0,0,108,0,0,0,0,82,0,0,0,0,0,0,0,0,0,0,0,0,0,
+0,0,0,0,0,0,0,0,0,0,0,0,0,0,0,0,0,0,0,0,0,0,0,0,0,0,0,0,0,0,0,0,0,68,0,0,0,0,0,0,0,0,0,0,0,194,0,194,0,0,0,0,0,0,0,0,0,0,0,0,0,0,0,0,0,0,0,0,0,0,0,0,0,0,82,0,0,0,0,0,0,68,0,0,0,0,82,0,0,0,0,0,0,0,0,0,0,0,0,0,
+0,77,69,103,65,101,107,101,101,107,101,69,103,69,78,0,0,0,0,0,0,0,0,0,0,0,0,0,0,77,65,69,65,73,0,0,0,0,0,0,0,0,0,0,0,0,0,0,0,0,0,0,0,0,0,0,0,0,0,0,0,0,0,0,0,0,0,0,0,0,0,0,0,0,90,81,78,0,0,77,69,73,0,0,0,0,90,81,65,65,78,0,0,0,0,0,0,0,0,0,
 0,68,0,0,0,0,0,0,0,0,0,0,0,0,70,0,0,0,0,0,0,0,0,0,0,0,0,0,0,68,0,0,0,0,0,0,0,0,0,0,0,0,0,0,0,0,0,0,0,0,0,0,0,0,0,0,0,0,0,0,0,0,0,0,0,0,0,0,0,0,0,0,0,0,0,0,74,65,69,73,167,150,0,0,0,0,0,0,0,0,70,0,0,0,0,0,0,0,0,0,
 0,106,0,0,0,0,0,0,0,151,135,151,0,0,82,0,0,0,0,0,0,0,0,0,0,0,0,0,0,64,0,0,0,0,0,0,0,0,0,0,0,0,0,0,0,0,0,0,0,0,0,0,0,0,0,0,0,0,0,0,0,0,0,0,0,0,0,0,0,0,0,0,0,0,0,0,0,0,281,0,0,0,0,0,0,0,0,0,0,0,82,0,0,0,0,0,0,0,0,0,
 0,64,0,136,0,0,0,136,0,0,0,0,0,0,82,0,0,0,0,0,0,0,0,0,0,0,0,0,0,64,0,0,0,0,0,0,0,0,0,0,0,0,0,0,0,0,0,0,0,0,0,0,0,0,0,0,0,0,0,0,0,0,0,0,0,0,0,0,0,0,0,0,0,0,0,0,0,0,280,0,0,0,0,0,0,0,0,0,111,0,82,0,0,0,0,0,0,0,0,0,
 0,102,0,0,0,136,0,0,0,0,0,0,0,0,82,0,0,0,0,0,0,0,0,0,0,0,0,0,0,64,285,0,0,0,0,0,0,0,0,0,0,0,0,0,0,0,0,0,0,0,0,0,0,0,0,0,0,0,0,0,0,0,0,0,0,0,0,0,0,0,0,0,0,0,0,0,91,83,83,88,0,0,0,0,0,0,0,0,0,0,82,0,0,0,0,0,0,0,0,0,
-0,68,0,136,0,0,0,136,0,164,0,0,0,0,82,0,0,0,0,0,0,0,0,0,0,0,0,0,0,76,71,83,83,88,0,0,0,0,0,0,0,0,0,0,0,0,0,0,0,0,0,0,0,0,121,0,0,0,0,0,0,0,0,0,0,0,0,0,0,0,0,0,0,0,91,83,95,0,0,92,83,88,0,0,0,0,0,0,0,0,82,0,0,0,0,0,0,0,0,0,
-0,68,0,0,0,136,0,0,0,146,180,0,0,0,82,0,0,0,0,0,0,0,0,0,0,0,0,0,0,0,0,0,0,80,0,0,0,0,0,0,0,0,0,0,0,201,0,201,0,0,0,0,0,0,122,0,0,0,0,0,0,0,0,0,0,0,0,0,0,0,0,0,0,0,82,0,0,0,0,0,0,80,0,0,0,0,0,0,0,0,82,0,0,0,0,0,0,0,0,0,
-0,98,0,0,0,0,0,0,0,0,0,0,0,0,82,0,0,0,0,0,0,0,0,0,0,0,0,0,0,0,0,0,0,102,0,150,0,0,0,0,0,0,0,0,0,200,0,200,0,0,0,0,0,0,122,0,0,0,0,0,0,0,0,0,0,0,0,0,0,0,0,0,0,0,82,0,0,0,0,0,0,104,0,0,111,0,0,0,111,0,82,0,0,0,0,0,0,0,0,0,
-0,68,0,0,0,0,0,0,0,0,0,0,0,0,90,81,109,107,65,107,103,65,78,0,0,0,0,0,0,0,0,0,0,64,0,0,0,0,0,0,0,0,0,0,0,0,0,0,0,0,0,0,0,0,122,0,0,121,151,0,0,0,0,0,0,0,0,0,0,151,121,0,0,0,82,0,0,0,0,0,0,64,0,0,0,0,0,0,0,0,82,0,0,0,0,0,0,0,0,0,
-0,102,0,0,0,0,0,0,0,0,0,0,0,0,0,0,0,0,0,0,0,0,70,0,0,0,0,0,0,0,0,0,0,76,71,83,83,88,167,0,0,0,91,83,83,83,83,83,83,88,0,0,0,0,122,0,0,130,118,0,0,0,0,0,0,0,0,0,0,120,128,0,0,0,82,0,0,0,0,0,0,76,71,83,83,83,83,83,83,83,95,0,0,0,0,0,0,0,0,0,
+0,68,0,136,0,0,0,136,0,164,0,0,0,0,82,0,0,0,0,0,0,0,0,0,0,0,0,0,0,76,71,83,83,88,0,0,0,0,0,0,0,0,0,0,0,0,0,0,0,0,0,0,0,0,0,0,0,0,0,0,0,0,0,0,0,0,0,0,0,0,0,0,0,0,91,83,95,0,0,92,83,88,0,0,0,0,0,0,0,0,82,0,0,0,0,0,0,0,0,0,
+0,68,0,0,0,136,0,0,0,146,180,0,0,0,82,0,0,0,0,0,0,0,0,0,0,0,0,0,0,0,0,0,0,80,0,0,0,0,0,0,0,0,0,0,0,201,0,201,0,0,0,0,0,0,0,0,0,0,0,0,0,0,0,0,0,0,0,0,0,0,0,0,0,0,82,0,0,0,0,0,0,80,0,0,0,0,0,0,0,0,82,0,0,0,0,0,0,0,0,0,
+0,98,0,0,0,0,0,0,0,0,0,0,0,0,82,0,0,0,0,0,0,0,0,0,0,0,0,0,0,0,0,0,0,102,0,150,0,0,0,0,0,0,0,0,0,200,0,200,0,0,0,0,0,0,0,0,0,0,0,0,0,0,0,0,0,0,0,0,0,0,0,0,0,0,82,0,0,0,0,0,0,104,0,0,111,0,0,0,111,0,82,0,0,0,0,0,0,0,0,0,
+0,68,0,0,0,0,0,0,0,0,0,0,0,0,90,81,109,107,65,107,103,65,78,0,0,0,0,0,0,0,0,0,0,64,0,0,0,0,0,0,0,0,0,0,0,0,0,0,0,0,0,0,0,0,0,0,0,121,151,0,0,0,0,0,0,0,0,0,0,151,121,0,0,0,82,0,0,0,0,0,0,64,0,0,0,0,0,0,0,0,82,0,0,0,0,0,0,0,0,0,
+0,102,0,0,0,0,0,0,0,0,0,0,0,0,0,0,0,0,0,0,0,0,70,0,0,0,0,0,0,0,0,0,0,76,71,83,83,88,167,0,0,0,91,83,83,83,83,83,83,88,0,0,0,0,127,123,123,130,118,0,0,0,0,0,0,0,0,0,0,120,128,0,0,0,82,0,0,0,0,0,0,76,71,83,83,83,83,83,83,83,95,0,0,0,0,0,0,0,0,0,
 0,64,0,0,0,0,0,0,0,0,0,0,0,0,0,0,0,0,0,0,0,0,82,0,0,0,0,0,0,0,0,0,0,0,0,0,0,80,0,0,0,0,82,0,0,0,0,0,0,80,0,0,0,0,122,0,0,0,0,0,0,0,0,0,0,0,0,0,0,0,0,0,0,0,82,0,0,0,0,0,0,0,0,0,0,0,0,0,0,0,0,0,0,0,0,0,0,0,0,0,
 0,106,0,0,0,0,0,0,0,0,0,0,0,0,0,0,0,0,0,0,0,0,82,0,0,0,0,0,0,0,0,0,0,0,0,0,0,76,72,0,0,91,95,0,0,0,0,0,0,64,0,0,0,0,122,0,0,0,0,0,0,0,0,0,0,0,0,0,0,0,0,0,0,0,82,0,0,0,0,0,0,0,0,0,0,0,0,0,0,0,0,0,0,0,0,0,0,0,0,0,
 0,68,0,0,0,0,0,0,0,0,0,0,0,0,0,0,0,0,0,0,0,0,82,0,0,0,0,0,0,0,0,0,0,0,0,0,0,0,64,0,0,82,0,0,0,0,0,0,0,104,0,0,0,0,119,0,0,0,0,0,0,0,0,0,0,0,0,0,0,0,0,0,0,0,82,0,0,0,0,0,0,0,0,0,0,0,0,0,0,0,0,0,0,0,0,0,0,0,0,0,
@@ -270,20 +270,20 @@ data=
 3,3,3,3,3,3,3,3,3,3,3,3,3,3,3,3,3,3,3,3,3,3,3,3,3,3,3,3,3,3,3,3,3,3,3,3,3,3,1,1,1,1,3,3,3,3,3,3,3,1,0,0,0,0,4,0,0,0,0,0,0,0,0,0,0,0,0,0,0,0,0,0,0,0,1,3,3,1,1,1,1,1,0,0,0,0,1,1,1,1,1,1,1,1,1,3,3,3,3,3,
 3,3,3,3,3,3,3,3,3,3,3,3,3,3,3,3,3,3,3,3,3,3,3,3,3,3,3,3,3,3,3,3,3,3,3,3,3,1,1,0,0,1,1,3,3,3,3,3,3,1,0,0,0,0,4,0,0,0,0,0,0,0,0,0,0,0,0,0,0,0,0,0,0,0,1,3,3,3,3,3,3,1,0,0,0,0,1,3,3,3,3,3,3,3,3,3,3,3,3,3,
 3,3,3,3,3,3,3,3,3,3,3,3,3,3,3,3,3,3,3,3,3,3,3,3,3,3,3,3,3,3,3,3,3,3,3,3,3,1,0,0,0,0,1,3,3,3,3,3,3,1,0,0,0,0,4,0,0,0,0,0,0,0,0,0,0,0,0,0,0,0,0,0,0,0,1,3,3,3,3,3,3,1,0,0,0,0,1,3,3,3,3,3,3,3,3,3,3,3,3,3,
-3,3,3,3,3,3,3,3,3,3,3,3,3,3,3,3,3,3,3,3,3,3,3,3,3,3,3,3,3,3,3,3,3,1,1,1,1,1,4,0,0,0,1,1,1,1,1,1,1,1,0,0,0,0,4,0,0,3,2,0,0,0,0,0,0,0,0,0,0,2,3,0,0,0,1,3,3,3,3,3,3,1,0,0,0,0,1,3,3,3,3,3,3,3,3,3,3,3,3,3,
-3,3,3,3,3,3,3,3,3,3,3,3,3,3,3,3,3,3,3,3,3,3,3,3,3,3,3,3,3,3,3,3,3,1,0,0,0,0,0,0,0,0,0,0,0,0,0,0,0,0,0,0,0,0,4,0,0,2,4,0,0,0,2,2,2,2,0,0,0,4,2,0,0,0,1,3,3,3,3,3,3,1,0,0,0,0,1,3,3,3,3,3,3,3,3,3,3,3,3,3,
-3,3,3,3,3,3,3,3,3,3,3,3,3,3,3,3,3,3,3,3,3,3,3,3,3,3,3,3,3,3,3,3,3,1,0,4,0,0,0,0,0,0,0,0,0,4,0,4,0,0,0,0,0,0,4,0,0,0,0,0,0,0,2,4,4,2,0,0,0,0,0,0,0,0,1,3,3,3,3,3,3,1,0,0,0,0,1,3,3,3,3,3,3,3,3,3,3,3,3,3,
-3,3,3,3,3,3,3,3,3,3,3,3,3,3,3,3,3,3,3,3,3,3,3,3,3,3,3,3,3,3,3,3,3,1,0,0,0,0,0,0,0,0,0,0,0,4,0,4,0,0,0,0,0,0,4,0,0,0,0,0,0,0,2,4,4,2,0,0,0,0,0,0,0,0,1,3,3,3,3,3,3,1,0,0,0,0,1,3,3,3,3,3,3,3,3,3,3,3,3,3,
-3,1,1,1,1,1,1,1,1,1,1,1,1,1,1,3,3,3,3,3,3,3,3,3,3,3,3,3,3,1,1,1,1,1,0,0,0,0,0,0,0,0,0,0,0,0,0,0,0,0,0,0,0,0,4,0,0,0,0,0,0,0,2,4,4,2,0,0,0,0,0,0,0,0,1,1,1,3,3,1,1,1,0,0,0,0,1,1,1,1,1,3,3,3,3,3,3,3,3,3,
+3,3,3,3,3,3,3,3,3,3,3,3,3,3,3,3,3,3,3,3,3,3,3,3,3,3,3,3,3,3,3,3,3,1,1,1,1,1,4,0,0,0,1,1,1,1,1,1,1,1,0,0,0,0,4,4,4,3,2,0,0,0,0,0,0,0,0,0,0,2,3,0,0,0,1,3,3,3,3,3,3,1,0,0,0,0,1,3,3,3,3,3,3,3,3,3,3,3,3,3,
+3,3,3,3,3,3,3,3,3,3,3,3,3,3,3,3,3,3,3,3,3,3,3,3,3,3,3,3,3,3,3,3,3,1,0,0,0,0,0,0,0,0,0,0,0,0,0,0,0,0,0,0,0,0,0,0,0,2,4,0,0,0,2,2,2,2,0,0,0,4,2,0,0,0,1,3,3,3,3,3,3,1,0,0,0,0,1,3,3,3,3,3,3,3,3,3,3,3,3,3,
+3,3,3,3,3,3,3,3,3,3,3,3,3,3,3,3,3,3,3,3,3,3,3,3,3,3,3,3,3,3,3,3,3,1,0,4,0,0,0,0,0,0,0,0,0,4,0,4,0,0,0,0,0,0,0,0,0,0,0,0,0,0,2,4,4,2,0,0,0,0,0,0,0,0,1,3,3,3,3,3,3,1,0,0,0,0,1,3,3,3,3,3,3,3,3,3,3,3,3,3,
+3,3,3,3,3,3,3,3,3,3,3,3,3,3,3,3,3,3,3,3,3,3,3,3,3,3,3,3,3,3,3,3,3,1,0,0,0,0,0,0,0,0,0,0,0,4,0,4,0,0,0,0,0,0,0,0,0,0,0,0,0,0,2,4,4,2,0,0,0,0,0,0,0,0,1,3,3,3,3,3,3,1,0,0,0,0,1,3,3,3,3,3,3,3,3,3,3,3,3,3,
+3,1,1,1,1,1,1,1,1,1,1,1,1,1,1,3,3,3,3,3,3,3,3,3,3,3,3,3,3,1,1,1,1,1,0,0,0,0,0,0,0,0,0,0,0,0,0,0,0,0,0,0,0,0,0,0,0,0,0,0,0,0,2,4,4,2,0,0,0,0,0,0,0,0,1,1,1,3,3,1,1,1,0,0,0,0,1,1,1,1,1,3,3,3,3,3,3,3,3,3,
 3,1,0,0,0,0,0,0,0,0,0,0,0,0,1,3,3,3,3,3,3,3,3,3,3,3,3,3,3,1,1,1,1,1,0,0,0,0,0,0,0,0,0,0,0,0,0,0,0,0,0,0,0,0,0,0,0,0,2,2,2,2,2,2,2,2,2,2,2,2,0,0,0,0,0,0,1,1,1,1,4,4,0,0,0,0,0,0,0,0,1,3,3,3,3,3,3,3,3,3,
 3,1,0,0,0,0,0,0,0,4,4,4,0,0,1,3,3,3,3,3,3,3,3,3,3,3,3,3,3,1,1,3,3,0,0,0,0,0,0,0,0,0,0,0,0,0,0,0,0,0,0,0,0,0,0,0,0,0,2,4,4,4,2,0,0,2,4,4,4,2,0,0,0,0,0,0,0,1,1,0,0,0,0,0,0,0,0,0,0,0,1,3,3,3,3,3,3,3,3,3,
 3,1,0,4,0,0,0,4,0,0,0,0,0,0,1,3,3,3,3,3,3,3,3,3,3,3,3,3,3,1,1,3,3,0,0,0,0,0,0,0,0,0,0,0,0,0,0,0,0,0,0,0,0,0,0,0,0,0,2,4,4,4,2,0,0,2,4,4,4,2,0,0,0,0,0,0,0,1,1,0,0,0,0,0,0,0,0,0,1,0,1,3,3,3,3,3,3,3,3,3,
 3,1,0,0,0,4,0,0,0,0,0,0,0,0,1,3,3,3,3,3,3,3,3,3,3,3,3,3,3,1,1,1,1,1,0,0,0,0,0,0,0,0,0,0,0,0,0,0,0,0,0,0,0,0,0,0,0,0,2,2,2,2,2,2,2,2,2,2,2,2,0,0,0,0,0,0,1,1,1,1,0,0,0,0,0,0,0,0,0,0,1,3,3,3,3,3,3,3,3,3,
-3,1,0,4,0,0,0,4,0,4,0,0,0,0,1,3,3,3,3,3,3,3,3,3,3,3,3,3,3,1,1,1,1,1,0,0,0,0,0,0,0,0,0,0,0,0,0,0,0,0,0,0,0,0,4,0,0,0,0,0,0,0,2,4,4,2,0,0,0,0,0,0,0,0,1,1,1,3,3,1,1,1,0,0,0,0,0,0,0,0,1,3,3,3,3,3,3,3,3,3,
-3,1,0,0,0,4,0,0,0,4,0,0,0,0,1,3,3,3,3,3,3,3,3,3,3,3,3,3,3,3,3,3,3,1,0,0,0,0,0,0,0,0,0,0,0,4,0,4,0,0,0,0,0,0,4,0,0,0,0,0,0,0,2,4,4,2,0,0,0,0,0,0,0,0,1,3,3,3,3,3,3,1,0,0,0,0,0,0,0,0,1,3,3,3,3,3,3,3,3,3,
-3,1,0,0,0,0,0,0,0,0,0,0,0,0,1,3,3,3,3,3,3,3,3,3,3,3,3,3,3,3,3,3,3,1,0,4,0,0,0,0,0,0,0,0,0,4,0,4,0,0,0,0,0,0,4,0,0,0,0,0,0,0,2,4,4,2,0,0,0,0,0,0,0,0,1,3,3,3,3,3,3,1,0,0,1,0,0,0,1,0,1,3,3,3,3,3,3,3,3,3,
-3,1,0,0,0,0,0,0,0,0,0,0,0,0,1,1,1,1,1,1,1,1,1,3,3,3,3,3,3,3,3,3,3,1,0,0,0,0,0,0,0,0,0,0,0,0,0,0,0,0,0,0,0,0,4,0,0,2,4,0,0,0,2,2,2,2,0,0,0,4,2,0,0,0,1,3,3,3,3,3,3,1,0,0,0,0,0,0,0,0,1,3,3,3,3,3,3,3,3,3,
-3,1,0,0,0,0,0,0,0,0,0,0,0,0,0,0,0,0,0,0,0,0,1,3,3,3,3,3,3,3,3,3,3,1,1,1,1,1,4,0,0,0,1,1,1,1,1,1,1,1,0,0,0,0,4,0,0,3,2,0,0,0,0,0,0,0,0,0,0,2,3,0,0,0,1,3,3,3,3,3,3,1,1,1,1,1,1,1,1,1,1,3,3,3,3,3,3,3,3,3,
+3,1,0,4,0,0,0,4,0,4,0,0,0,0,1,3,3,3,3,3,3,3,3,3,3,3,3,3,3,1,1,1,1,1,0,0,0,0,0,0,0,0,0,0,0,0,0,0,0,0,0,0,0,0,0,0,0,0,0,0,0,0,2,4,4,2,0,0,0,0,0,0,0,0,1,1,1,3,3,1,1,1,0,0,0,0,0,0,0,0,1,3,3,3,3,3,3,3,3,3,
+3,1,0,0,0,4,0,0,0,4,0,0,0,0,1,3,3,3,3,3,3,3,3,3,3,3,3,3,3,3,3,3,3,1,0,0,0,0,0,0,0,0,0,0,0,4,0,4,0,0,0,0,0,0,0,0,0,0,0,0,0,0,2,4,4,2,0,0,0,0,0,0,0,0,1,3,3,3,3,3,3,1,0,0,0,0,0,0,0,0,1,3,3,3,3,3,3,3,3,3,
+3,1,0,0,0,0,0,0,0,0,0,0,0,0,1,3,3,3,3,3,3,3,3,3,3,3,3,3,3,3,3,3,3,1,0,4,0,0,0,0,0,0,0,0,0,4,0,4,0,0,0,0,0,0,0,0,0,0,0,0,0,0,2,4,4,2,0,0,0,0,0,0,0,0,1,3,3,3,3,3,3,1,0,0,1,0,0,0,1,0,1,3,3,3,3,3,3,3,3,3,
+3,1,0,0,0,0,0,0,0,0,0,0,0,0,1,1,1,1,1,1,1,1,1,3,3,3,3,3,3,3,3,3,3,1,0,0,0,0,0,0,0,0,0,0,0,0,0,0,0,0,0,0,0,0,0,0,0,2,4,0,0,0,2,2,2,2,0,0,0,4,2,0,0,0,1,3,3,3,3,3,3,1,0,0,0,0,0,0,0,0,1,3,3,3,3,3,3,3,3,3,
+3,1,0,0,0,0,0,0,0,0,0,0,0,0,0,0,0,0,0,0,0,0,1,3,3,3,3,3,3,3,3,3,3,1,1,1,1,1,4,0,0,0,1,1,1,1,1,1,1,1,0,0,0,0,4,4,4,3,2,0,0,0,0,0,0,0,0,0,0,2,3,0,0,0,1,3,3,3,3,3,3,1,1,1,1,1,1,1,1,1,1,3,3,3,3,3,3,3,3,3,
 3,1,0,0,0,0,0,0,0,0,0,0,0,0,0,0,0,0,0,0,0,0,1,3,3,3,3,3,3,3,3,3,3,3,3,3,3,1,0,0,0,0,1,3,3,3,3,3,3,1,0,0,0,0,4,0,0,0,0,0,0,0,0,0,0,0,0,0,0,0,0,0,0,0,1,3,3,3,3,3,3,3,3,3,3,3,3,3,3,3,3,3,3,3,3,3,3,3,3,3,
 3,1,0,0,0,0,0,0,0,0,0,0,0,0,0,0,0,0,0,0,0,0,1,3,3,3,3,3,3,3,3,3,3,3,3,3,3,1,1,0,0,1,1,3,3,3,3,3,3,1,0,0,0,0,4,0,0,0,0,0,0,0,0,0,0,0,0,0,0,0,0,0,0,0,1,3,3,3,3,3,3,3,3,3,3,3,3,3,3,3,3,3,3,3,3,3,3,3,3,3,
 3,1,0,0,0,0,0,0,0,0,0,0,0,0,0,0,0,0,0,0,0,0,1,3,3,3,3,3,3,3,3,3,3,3,3,3,3,3,1,1,1,1,3,3,3,3,3,3,3,1,0,0,0,0,4,0,0,0,0,0,0,0,0,0,0,0,0,0,0,0,0,0,0,0,1,3,3,3,3,3,3,3,3,3,3,3,3,3,3,3,3,3,3,3,3,3,3,3,3,3,
@@ -439,7 +439,7 @@ soundfx=soundfx/wood_open.ogg
 tooltip=Treasure Chest
 
 [event]
-# Reset statuses
+# Reset switch statuses
 type=event
 location=28,39,1,1
 activate=on_load
@@ -556,6 +556,59 @@ location=58,64,1,1
 activate=on_load
 soundfx=soundfx/environment/open_fire_loop.ogg
 
+[event]
+# spawn Nishi
+type=event
+location=58,41,16,14
+activate=on_trigger
+power=207
+power_path=64,48
+repeat=false
+requires_status=emp_wizard1_switch1b,emp_wizard1_switch2b
+shakycam=2s
+spawn=nishi,64,48
+
+[event]
+# Unlock Door
+type=event
+location=48,32,1,1
+activate=on_trigger
+hotspot=59,35,2,2
+mapmod=collision,59,35,0;collision,60,35,0;collision,59,36,0;collision,60,36,0;object,59,36,0;object,60,36,0;object,58,35,208;object,61,35,222
+remove_item=1022
+repeat=false
+requires_item=1022
+requires_status=emp_wizard1_key
+set_status=emp_wizard1_door
+soundfx=soundfx/door_open.ogg
+tooltip=Locked Door
+
+[event]
+# Unlock Door (on_load)
+type=event
+location=48,30,1,1
+activate=on_load
+mapmod=collision,59,35,0;collision,60,35,0;collision,59,36,0;collision,60,36,0;object,59,36,0;object,60,36,0;object,58,35,208;object,61,35,222
+repeat=false
+requires_status=emp_wizard1_door
+
+[event]
+# Locked Door
+type=event
+location=59,35,2,2
+activate=on_trigger
+hotspot=location
+msg=This door needs a key to be opened.
+requires_not_status=emp_wizard1_key,emp_wizard1_door
+tooltip=Locked Door
+
+[event]
+type=event
+location=26,40,1,1
+activate=on_load
+requires_not_status=emp_wizard1_init
+set_status=emp_wizard1_init
+
 [enemy]
 type=enemy
 location=28,66,9,4
diff --git a/mods/empyrean_campaign/powers/categories/enemy.txt b/mods/empyrean_campaign/powers/categories/enemy.txt
index 5bf71fcecd42ec0453fc96a168b164382d2a1a77..5b931dbdc2a15427ac8791024397343f0e63534a 100644
--- a/mods/empyrean_campaign/powers/categories/enemy.txt
+++ b/mods/empyrean_campaign/powers/categories/enemy.txt
@@ -735,3 +735,14 @@ modifier_accuracy=multiply,75,0
 count=12
 missile_angle=30
 
+# spawn Nishi: visual effect
+[power]
+id=207
+type=fixed
+#new_state=cast
+animation=animations/powers/thunderstrike.txt
+soundfx=soundfx/powers/thunder.ogg
+use_hazard=true
+lifespan=200ms
+starting_pos=source
+
diff --git a/tiled/dungeon/wizards_tower_1.tmx b/tiled/dungeon/wizards_tower_1.tmx
index 32be4e76384d689f36dccf1436f065059eec34c9..dc457da1d0ba2e6c65f50e76bd6324944b54afb7 100644
--- a/tiled/dungeon/wizards_tower_1.tmx
+++ b/tiled/dungeon/wizards_tower_1.tmx
@@ -1,5 +1,5 @@
 <?xml version="1.0" encoding="UTF-8"?>
-<map version="1.0" orientation="isometric" renderorder="right-down" width="100" height="100" tilewidth="64" tileheight="32" backgroundcolor="#000000" nextobjectid="60">
+<map version="1.0" orientation="isometric" renderorder="right-down" width="100" height="100" tilewidth="64" tileheight="32" backgroundcolor="#000000" nextobjectid="66">
  <properties>
   <property name="hero_pos" value="35,48"/>
   <property name="music" value="music/dungeon_theme.ogg"/>
@@ -178,20 +178,20 @@
 0,0,0,0,0,0,0,0,0,0,0,0,0,0,0,0,0,0,0,0,0,0,0,0,0,0,0,0,0,0,0,0,0,0,0,0,0,0,64,282,283,82,0,0,0,0,0,0,0,68,0,0,0,0,121,0,0,0,0,0,0,0,0,0,0,0,0,0,0,0,0,0,0,0,70,0,0,76,71,83,83,88,0,0,0,0,91,83,83,83,83,83,83,83,95,0,0,0,0,0,
 0,0,0,0,0,0,0,0,0,0,0,0,0,0,0,0,0,0,0,0,0,0,0,0,0,0,0,0,0,0,0,0,0,0,0,0,0,77,73,0,0,90,94,0,0,0,0,0,0,98,0,0,0,0,122,0,0,0,0,0,0,0,0,0,0,0,0,0,0,0,0,0,0,0,82,0,0,0,0,0,0,80,0,0,0,0,82,0,0,0,0,0,0,0,0,0,0,0,0,0,
 0,0,0,0,0,0,0,0,0,0,0,0,0,0,0,0,0,0,0,0,0,0,0,0,0,0,0,0,0,0,0,0,0,0,0,0,0,64,0,0,0,0,82,0,0,0,0,0,0,68,0,0,0,0,122,0,0,0,0,0,0,0,0,0,0,0,0,0,0,0,0,0,0,0,82,0,0,0,0,0,0,68,0,0,0,0,82,0,0,0,0,0,0,0,0,0,0,0,0,0,
-0,0,0,0,0,0,0,0,0,0,0,0,0,0,0,0,0,0,0,0,0,0,0,0,0,0,0,0,0,0,0,0,0,77,65,107,65,73,167,0,0,0,90,81,107,65,99,69,107,73,0,0,0,0,122,0,0,130,118,0,0,0,0,0,0,0,0,0,0,120,128,0,0,0,82,0,0,0,0,0,0,96,0,0,0,0,82,0,0,0,0,0,0,0,0,0,0,0,0,0,
-0,0,0,0,0,0,0,0,0,0,0,0,0,0,0,0,0,0,0,0,0,0,0,0,0,0,0,0,0,0,0,0,0,68,0,0,0,0,0,0,0,0,0,0,0,0,0,0,0,0,0,0,0,0,122,0,0,119,151,0,0,0,0,0,0,0,0,0,0,151,119,0,0,0,82,0,0,0,0,0,0,102,0,0,0,0,82,0,0,0,0,0,0,0,0,0,0,0,0,0,
-0,0,0,0,0,0,0,0,0,0,0,0,0,0,0,0,0,0,0,0,0,0,0,0,0,0,0,0,0,0,0,0,0,102,0,150,0,0,0,0,0,0,0,0,0,195,0,195,0,0,0,0,0,0,122,0,0,0,0,0,0,0,0,0,0,0,0,0,0,0,0,0,0,0,82,0,0,0,0,0,0,108,0,0,0,0,82,0,0,0,0,0,0,0,0,0,0,0,0,0,
-0,0,0,0,0,0,0,0,0,0,0,0,0,0,0,0,0,0,0,0,0,0,0,0,0,0,0,0,0,0,0,0,0,68,0,0,0,0,0,0,0,0,0,0,0,194,0,194,0,0,0,0,0,0,122,0,0,0,0,0,0,0,0,0,0,0,0,0,0,0,0,0,0,0,82,0,0,0,0,0,0,68,0,0,0,0,82,0,0,0,0,0,0,0,0,0,0,0,0,0,
-0,77,69,103,65,101,107,101,101,107,101,69,103,69,78,0,0,0,0,0,0,0,0,0,0,0,0,0,0,77,65,69,65,73,0,0,0,0,0,0,0,0,0,0,0,0,0,0,0,0,0,0,0,0,119,0,0,0,0,0,0,0,0,0,0,0,0,0,0,0,0,0,0,0,90,81,78,0,0,77,69,73,0,0,0,0,90,81,65,65,78,0,0,0,0,0,0,0,0,0,
+0,0,0,0,0,0,0,0,0,0,0,0,0,0,0,0,0,0,0,0,0,0,0,0,0,0,0,0,0,0,0,0,0,77,65,107,65,73,167,0,0,0,90,81,107,65,99,69,107,73,0,0,0,0,126,123,123,130,118,0,0,0,0,0,0,0,0,0,0,120,128,0,0,0,82,0,0,0,0,0,0,96,0,0,0,0,82,0,0,0,0,0,0,0,0,0,0,0,0,0,
+0,0,0,0,0,0,0,0,0,0,0,0,0,0,0,0,0,0,0,0,0,0,0,0,0,0,0,0,0,0,0,0,0,68,0,0,0,0,0,0,0,0,0,0,0,0,0,0,0,0,0,0,0,0,0,0,0,119,151,0,0,0,0,0,0,0,0,0,0,151,119,0,0,0,82,0,0,0,0,0,0,102,0,0,0,0,82,0,0,0,0,0,0,0,0,0,0,0,0,0,
+0,0,0,0,0,0,0,0,0,0,0,0,0,0,0,0,0,0,0,0,0,0,0,0,0,0,0,0,0,0,0,0,0,102,0,150,0,0,0,0,0,0,0,0,0,195,0,195,0,0,0,0,0,0,0,0,0,0,0,0,0,0,0,0,0,0,0,0,0,0,0,0,0,0,82,0,0,0,0,0,0,108,0,0,0,0,82,0,0,0,0,0,0,0,0,0,0,0,0,0,
+0,0,0,0,0,0,0,0,0,0,0,0,0,0,0,0,0,0,0,0,0,0,0,0,0,0,0,0,0,0,0,0,0,68,0,0,0,0,0,0,0,0,0,0,0,194,0,194,0,0,0,0,0,0,0,0,0,0,0,0,0,0,0,0,0,0,0,0,0,0,0,0,0,0,82,0,0,0,0,0,0,68,0,0,0,0,82,0,0,0,0,0,0,0,0,0,0,0,0,0,
+0,77,69,103,65,101,107,101,101,107,101,69,103,69,78,0,0,0,0,0,0,0,0,0,0,0,0,0,0,77,65,69,65,73,0,0,0,0,0,0,0,0,0,0,0,0,0,0,0,0,0,0,0,0,0,0,0,0,0,0,0,0,0,0,0,0,0,0,0,0,0,0,0,0,90,81,78,0,0,77,69,73,0,0,0,0,90,81,65,65,78,0,0,0,0,0,0,0,0,0,
 0,68,0,0,0,0,0,0,0,0,0,0,0,0,70,0,0,0,0,0,0,0,0,0,0,0,0,0,0,68,0,0,0,0,0,0,0,0,0,0,0,0,0,0,0,0,0,0,0,0,0,0,0,0,0,0,0,0,0,0,0,0,0,0,0,0,0,0,0,0,0,0,0,0,0,0,74,65,69,73,167,150,0,0,0,0,0,0,0,0,70,0,0,0,0,0,0,0,0,0,
 0,106,0,0,0,0,0,0,0,151,135,151,0,0,82,0,0,0,0,0,0,0,0,0,0,0,0,0,0,64,0,0,0,0,0,0,0,0,0,0,0,0,0,0,0,0,0,0,0,0,0,0,0,0,0,0,0,0,0,0,0,0,0,0,0,0,0,0,0,0,0,0,0,0,0,0,0,0,281,0,0,0,0,0,0,0,0,0,0,0,82,0,0,0,0,0,0,0,0,0,
 0,64,0,136,0,0,0,136,0,0,0,0,0,0,82,0,0,0,0,0,0,0,0,0,0,0,0,0,0,64,0,0,0,0,0,0,0,0,0,0,0,0,0,0,0,0,0,0,0,0,0,0,0,0,0,0,0,0,0,0,0,0,0,0,0,0,0,0,0,0,0,0,0,0,0,0,0,0,280,0,0,0,0,0,0,0,0,0,111,0,82,0,0,0,0,0,0,0,0,0,
 0,102,0,0,0,136,0,0,0,0,0,0,0,0,82,0,0,0,0,0,0,0,0,0,0,0,0,0,0,64,285,0,0,0,0,0,0,0,0,0,0,0,0,0,0,0,0,0,0,0,0,0,0,0,0,0,0,0,0,0,0,0,0,0,0,0,0,0,0,0,0,0,0,0,0,0,91,83,83,88,0,0,0,0,0,0,0,0,0,0,82,0,0,0,0,0,0,0,0,0,
-0,68,0,136,0,0,0,136,0,164,0,0,0,0,82,0,0,0,0,0,0,0,0,0,0,0,0,0,0,76,71,83,83,88,0,0,0,0,0,0,0,0,0,0,0,0,0,0,0,0,0,0,0,0,121,0,0,0,0,0,0,0,0,0,0,0,0,0,0,0,0,0,0,0,91,83,95,0,0,92,83,88,0,0,0,0,0,0,0,0,82,0,0,0,0,0,0,0,0,0,
-0,68,0,0,0,136,0,0,0,146,180,0,0,0,82,0,0,0,0,0,0,0,0,0,0,0,0,0,0,0,0,0,0,80,0,0,0,0,0,0,0,0,0,0,0,201,0,201,0,0,0,0,0,0,122,0,0,0,0,0,0,0,0,0,0,0,0,0,0,0,0,0,0,0,82,0,0,0,0,0,0,80,0,0,0,0,0,0,0,0,82,0,0,0,0,0,0,0,0,0,
-0,98,0,0,0,0,0,0,0,0,0,0,0,0,82,0,0,0,0,0,0,0,0,0,0,0,0,0,0,0,0,0,0,102,0,150,0,0,0,0,0,0,0,0,0,200,0,200,0,0,0,0,0,0,122,0,0,0,0,0,0,0,0,0,0,0,0,0,0,0,0,0,0,0,82,0,0,0,0,0,0,104,0,0,111,0,0,0,111,0,82,0,0,0,0,0,0,0,0,0,
-0,68,0,0,0,0,0,0,0,0,0,0,0,0,90,81,109,107,65,107,103,65,78,0,0,0,0,0,0,0,0,0,0,64,0,0,0,0,0,0,0,0,0,0,0,0,0,0,0,0,0,0,0,0,122,0,0,121,151,0,0,0,0,0,0,0,0,0,0,151,121,0,0,0,82,0,0,0,0,0,0,64,0,0,0,0,0,0,0,0,82,0,0,0,0,0,0,0,0,0,
-0,102,0,0,0,0,0,0,0,0,0,0,0,0,0,0,0,0,0,0,0,0,70,0,0,0,0,0,0,0,0,0,0,76,71,83,83,88,167,0,0,0,91,83,83,83,83,83,83,88,0,0,0,0,122,0,0,130,118,0,0,0,0,0,0,0,0,0,0,120,128,0,0,0,82,0,0,0,0,0,0,76,71,83,83,83,83,83,83,83,95,0,0,0,0,0,0,0,0,0,
+0,68,0,136,0,0,0,136,0,164,0,0,0,0,82,0,0,0,0,0,0,0,0,0,0,0,0,0,0,76,71,83,83,88,0,0,0,0,0,0,0,0,0,0,0,0,0,0,0,0,0,0,0,0,0,0,0,0,0,0,0,0,0,0,0,0,0,0,0,0,0,0,0,0,91,83,95,0,0,92,83,88,0,0,0,0,0,0,0,0,82,0,0,0,0,0,0,0,0,0,
+0,68,0,0,0,136,0,0,0,146,180,0,0,0,82,0,0,0,0,0,0,0,0,0,0,0,0,0,0,0,0,0,0,80,0,0,0,0,0,0,0,0,0,0,0,201,0,201,0,0,0,0,0,0,0,0,0,0,0,0,0,0,0,0,0,0,0,0,0,0,0,0,0,0,82,0,0,0,0,0,0,80,0,0,0,0,0,0,0,0,82,0,0,0,0,0,0,0,0,0,
+0,98,0,0,0,0,0,0,0,0,0,0,0,0,82,0,0,0,0,0,0,0,0,0,0,0,0,0,0,0,0,0,0,102,0,150,0,0,0,0,0,0,0,0,0,200,0,200,0,0,0,0,0,0,0,0,0,0,0,0,0,0,0,0,0,0,0,0,0,0,0,0,0,0,82,0,0,0,0,0,0,104,0,0,111,0,0,0,111,0,82,0,0,0,0,0,0,0,0,0,
+0,68,0,0,0,0,0,0,0,0,0,0,0,0,90,81,109,107,65,107,103,65,78,0,0,0,0,0,0,0,0,0,0,64,0,0,0,0,0,0,0,0,0,0,0,0,0,0,0,0,0,0,0,0,0,0,0,121,151,0,0,0,0,0,0,0,0,0,0,151,121,0,0,0,82,0,0,0,0,0,0,64,0,0,0,0,0,0,0,0,82,0,0,0,0,0,0,0,0,0,
+0,102,0,0,0,0,0,0,0,0,0,0,0,0,0,0,0,0,0,0,0,0,70,0,0,0,0,0,0,0,0,0,0,76,71,83,83,88,167,0,0,0,91,83,83,83,83,83,83,88,0,0,0,0,127,123,123,130,118,0,0,0,0,0,0,0,0,0,0,120,128,0,0,0,82,0,0,0,0,0,0,76,71,83,83,83,83,83,83,83,95,0,0,0,0,0,0,0,0,0,
 0,64,0,0,0,0,0,0,0,0,0,0,0,0,0,0,0,0,0,0,0,0,82,0,0,0,0,0,0,0,0,0,0,0,0,0,0,80,0,0,0,0,82,0,0,0,0,0,0,80,0,0,0,0,122,0,0,0,0,0,0,0,0,0,0,0,0,0,0,0,0,0,0,0,82,0,0,0,0,0,0,0,0,0,0,0,0,0,0,0,0,0,0,0,0,0,0,0,0,0,
 0,106,0,0,0,0,0,0,0,0,0,0,0,0,0,0,0,0,0,0,0,0,82,0,0,0,0,0,0,0,0,0,0,0,0,0,0,76,72,0,0,91,95,0,0,0,0,0,0,64,0,0,0,0,122,0,0,0,0,0,0,0,0,0,0,0,0,0,0,0,0,0,0,0,82,0,0,0,0,0,0,0,0,0,0,0,0,0,0,0,0,0,0,0,0,0,0,0,0,0,
 0,68,0,0,0,0,0,0,0,0,0,0,0,0,0,0,0,0,0,0,0,0,82,0,0,0,0,0,0,0,0,0,0,0,0,0,0,0,64,0,0,82,0,0,0,0,0,0,0,104,0,0,0,0,119,0,0,0,0,0,0,0,0,0,0,0,0,0,0,0,0,0,0,0,82,0,0,0,0,0,0,0,0,0,0,0,0,0,0,0,0,0,0,0,0,0,0,0,0,0,
@@ -282,20 +282,20 @@
 3,3,3,3,3,3,3,3,3,3,3,3,3,3,3,3,3,3,3,3,3,3,3,3,3,3,3,3,3,3,3,3,3,3,3,3,3,3,1,1,1,1,3,3,3,3,3,3,3,1,0,0,0,0,4,0,0,0,0,0,0,0,0,0,0,0,0,0,0,0,0,0,0,0,1,3,3,1,1,1,1,1,0,0,0,0,1,1,1,1,1,1,1,1,1,3,3,3,3,3,
 3,3,3,3,3,3,3,3,3,3,3,3,3,3,3,3,3,3,3,3,3,3,3,3,3,3,3,3,3,3,3,3,3,3,3,3,3,1,1,0,0,1,1,3,3,3,3,3,3,1,0,0,0,0,4,0,0,0,0,0,0,0,0,0,0,0,0,0,0,0,0,0,0,0,1,3,3,3,3,3,3,1,0,0,0,0,1,3,3,3,3,3,3,3,3,3,3,3,3,3,
 3,3,3,3,3,3,3,3,3,3,3,3,3,3,3,3,3,3,3,3,3,3,3,3,3,3,3,3,3,3,3,3,3,3,3,3,3,1,0,0,0,0,1,3,3,3,3,3,3,1,0,0,0,0,4,0,0,0,0,0,0,0,0,0,0,0,0,0,0,0,0,0,0,0,1,3,3,3,3,3,3,1,0,0,0,0,1,3,3,3,3,3,3,3,3,3,3,3,3,3,
-3,3,3,3,3,3,3,3,3,3,3,3,3,3,3,3,3,3,3,3,3,3,3,3,3,3,3,3,3,3,3,3,3,1,1,1,1,1,4,0,0,0,1,1,1,1,1,1,1,1,0,0,0,0,4,0,0,3,2,0,0,0,0,0,0,0,0,0,0,2,3,0,0,0,1,3,3,3,3,3,3,1,0,0,0,0,1,3,3,3,3,3,3,3,3,3,3,3,3,3,
-3,3,3,3,3,3,3,3,3,3,3,3,3,3,3,3,3,3,3,3,3,3,3,3,3,3,3,3,3,3,3,3,3,1,0,0,0,0,0,0,0,0,0,0,0,0,0,0,0,0,0,0,0,0,4,0,0,2,4,0,0,0,2,2,2,2,0,0,0,4,2,0,0,0,1,3,3,3,3,3,3,1,0,0,0,0,1,3,3,3,3,3,3,3,3,3,3,3,3,3,
-3,3,3,3,3,3,3,3,3,3,3,3,3,3,3,3,3,3,3,3,3,3,3,3,3,3,3,3,3,3,3,3,3,1,0,4,0,0,0,0,0,0,0,0,0,4,0,4,0,0,0,0,0,0,4,0,0,0,0,0,0,0,2,4,4,2,0,0,0,0,0,0,0,0,1,3,3,3,3,3,3,1,0,0,0,0,1,3,3,3,3,3,3,3,3,3,3,3,3,3,
-3,3,3,3,3,3,3,3,3,3,3,3,3,3,3,3,3,3,3,3,3,3,3,3,3,3,3,3,3,3,3,3,3,1,0,0,0,0,0,0,0,0,0,0,0,4,0,4,0,0,0,0,0,0,4,0,0,0,0,0,0,0,2,4,4,2,0,0,0,0,0,0,0,0,1,3,3,3,3,3,3,1,0,0,0,0,1,3,3,3,3,3,3,3,3,3,3,3,3,3,
-3,1,1,1,1,1,1,1,1,1,1,1,1,1,1,3,3,3,3,3,3,3,3,3,3,3,3,3,3,1,1,1,1,1,0,0,0,0,0,0,0,0,0,0,0,0,0,0,0,0,0,0,0,0,4,0,0,0,0,0,0,0,2,4,4,2,0,0,0,0,0,0,0,0,1,1,1,3,3,1,1,1,0,0,0,0,1,1,1,1,1,3,3,3,3,3,3,3,3,3,
+3,3,3,3,3,3,3,3,3,3,3,3,3,3,3,3,3,3,3,3,3,3,3,3,3,3,3,3,3,3,3,3,3,1,1,1,1,1,4,0,0,0,1,1,1,1,1,1,1,1,0,0,0,0,4,4,4,3,2,0,0,0,0,0,0,0,0,0,0,2,3,0,0,0,1,3,3,3,3,3,3,1,0,0,0,0,1,3,3,3,3,3,3,3,3,3,3,3,3,3,
+3,3,3,3,3,3,3,3,3,3,3,3,3,3,3,3,3,3,3,3,3,3,3,3,3,3,3,3,3,3,3,3,3,1,0,0,0,0,0,0,0,0,0,0,0,0,0,0,0,0,0,0,0,0,0,0,0,2,4,0,0,0,2,2,2,2,0,0,0,4,2,0,0,0,1,3,3,3,3,3,3,1,0,0,0,0,1,3,3,3,3,3,3,3,3,3,3,3,3,3,
+3,3,3,3,3,3,3,3,3,3,3,3,3,3,3,3,3,3,3,3,3,3,3,3,3,3,3,3,3,3,3,3,3,1,0,4,0,0,0,0,0,0,0,0,0,4,0,4,0,0,0,0,0,0,0,0,0,0,0,0,0,0,2,4,4,2,0,0,0,0,0,0,0,0,1,3,3,3,3,3,3,1,0,0,0,0,1,3,3,3,3,3,3,3,3,3,3,3,3,3,
+3,3,3,3,3,3,3,3,3,3,3,3,3,3,3,3,3,3,3,3,3,3,3,3,3,3,3,3,3,3,3,3,3,1,0,0,0,0,0,0,0,0,0,0,0,4,0,4,0,0,0,0,0,0,0,0,0,0,0,0,0,0,2,4,4,2,0,0,0,0,0,0,0,0,1,3,3,3,3,3,3,1,0,0,0,0,1,3,3,3,3,3,3,3,3,3,3,3,3,3,
+3,1,1,1,1,1,1,1,1,1,1,1,1,1,1,3,3,3,3,3,3,3,3,3,3,3,3,3,3,1,1,1,1,1,0,0,0,0,0,0,0,0,0,0,0,0,0,0,0,0,0,0,0,0,0,0,0,0,0,0,0,0,2,4,4,2,0,0,0,0,0,0,0,0,1,1,1,3,3,1,1,1,0,0,0,0,1,1,1,1,1,3,3,3,3,3,3,3,3,3,
 3,1,0,0,0,0,0,0,0,0,0,0,0,0,1,3,3,3,3,3,3,3,3,3,3,3,3,3,3,1,1,1,1,1,0,0,0,0,0,0,0,0,0,0,0,0,0,0,0,0,0,0,0,0,0,0,0,0,2,2,2,2,2,2,2,2,2,2,2,2,0,0,0,0,0,0,1,1,1,1,4,4,0,0,0,0,0,0,0,0,1,3,3,3,3,3,3,3,3,3,
 3,1,0,0,0,0,0,0,0,4,4,4,0,0,1,3,3,3,3,3,3,3,3,3,3,3,3,3,3,1,1,3,3,0,0,0,0,0,0,0,0,0,0,0,0,0,0,0,0,0,0,0,0,0,0,0,0,0,2,4,4,4,2,0,0,2,4,4,4,2,0,0,0,0,0,0,0,1,1,0,0,0,0,0,0,0,0,0,0,0,1,3,3,3,3,3,3,3,3,3,
 3,1,0,4,0,0,0,4,0,0,0,0,0,0,1,3,3,3,3,3,3,3,3,3,3,3,3,3,3,1,1,3,3,0,0,0,0,0,0,0,0,0,0,0,0,0,0,0,0,0,0,0,0,0,0,0,0,0,2,4,4,4,2,0,0,2,4,4,4,2,0,0,0,0,0,0,0,1,1,0,0,0,0,0,0,0,0,0,1,0,1,3,3,3,3,3,3,3,3,3,
 3,1,0,0,0,4,0,0,0,0,0,0,0,0,1,3,3,3,3,3,3,3,3,3,3,3,3,3,3,1,1,1,1,1,0,0,0,0,0,0,0,0,0,0,0,0,0,0,0,0,0,0,0,0,0,0,0,0,2,2,2,2,2,2,2,2,2,2,2,2,0,0,0,0,0,0,1,1,1,1,0,0,0,0,0,0,0,0,0,0,1,3,3,3,3,3,3,3,3,3,
-3,1,0,4,0,0,0,4,0,4,0,0,0,0,1,3,3,3,3,3,3,3,3,3,3,3,3,3,3,1,1,1,1,1,0,0,0,0,0,0,0,0,0,0,0,0,0,0,0,0,0,0,0,0,4,0,0,0,0,0,0,0,2,4,4,2,0,0,0,0,0,0,0,0,1,1,1,3,3,1,1,1,0,0,0,0,0,0,0,0,1,3,3,3,3,3,3,3,3,3,
-3,1,0,0,0,4,0,0,0,4,0,0,0,0,1,3,3,3,3,3,3,3,3,3,3,3,3,3,3,3,3,3,3,1,0,0,0,0,0,0,0,0,0,0,0,4,0,4,0,0,0,0,0,0,4,0,0,0,0,0,0,0,2,4,4,2,0,0,0,0,0,0,0,0,1,3,3,3,3,3,3,1,0,0,0,0,0,0,0,0,1,3,3,3,3,3,3,3,3,3,
-3,1,0,0,0,0,0,0,0,0,0,0,0,0,1,3,3,3,3,3,3,3,3,3,3,3,3,3,3,3,3,3,3,1,0,4,0,0,0,0,0,0,0,0,0,4,0,4,0,0,0,0,0,0,4,0,0,0,0,0,0,0,2,4,4,2,0,0,0,0,0,0,0,0,1,3,3,3,3,3,3,1,0,0,1,0,0,0,1,0,1,3,3,3,3,3,3,3,3,3,
-3,1,0,0,0,0,0,0,0,0,0,0,0,0,1,1,1,1,1,1,1,1,1,3,3,3,3,3,3,3,3,3,3,1,0,0,0,0,0,0,0,0,0,0,0,0,0,0,0,0,0,0,0,0,4,0,0,2,4,0,0,0,2,2,2,2,0,0,0,4,2,0,0,0,1,3,3,3,3,3,3,1,0,0,0,0,0,0,0,0,1,3,3,3,3,3,3,3,3,3,
-3,1,0,0,0,0,0,0,0,0,0,0,0,0,0,0,0,0,0,0,0,0,1,3,3,3,3,3,3,3,3,3,3,1,1,1,1,1,4,0,0,0,1,1,1,1,1,1,1,1,0,0,0,0,4,0,0,3,2,0,0,0,0,0,0,0,0,0,0,2,3,0,0,0,1,3,3,3,3,3,3,1,1,1,1,1,1,1,1,1,1,3,3,3,3,3,3,3,3,3,
+3,1,0,4,0,0,0,4,0,4,0,0,0,0,1,3,3,3,3,3,3,3,3,3,3,3,3,3,3,1,1,1,1,1,0,0,0,0,0,0,0,0,0,0,0,0,0,0,0,0,0,0,0,0,0,0,0,0,0,0,0,0,2,4,4,2,0,0,0,0,0,0,0,0,1,1,1,3,3,1,1,1,0,0,0,0,0,0,0,0,1,3,3,3,3,3,3,3,3,3,
+3,1,0,0,0,4,0,0,0,4,0,0,0,0,1,3,3,3,3,3,3,3,3,3,3,3,3,3,3,3,3,3,3,1,0,0,0,0,0,0,0,0,0,0,0,4,0,4,0,0,0,0,0,0,0,0,0,0,0,0,0,0,2,4,4,2,0,0,0,0,0,0,0,0,1,3,3,3,3,3,3,1,0,0,0,0,0,0,0,0,1,3,3,3,3,3,3,3,3,3,
+3,1,0,0,0,0,0,0,0,0,0,0,0,0,1,3,3,3,3,3,3,3,3,3,3,3,3,3,3,3,3,3,3,1,0,4,0,0,0,0,0,0,0,0,0,4,0,4,0,0,0,0,0,0,0,0,0,0,0,0,0,0,2,4,4,2,0,0,0,0,0,0,0,0,1,3,3,3,3,3,3,1,0,0,1,0,0,0,1,0,1,3,3,3,3,3,3,3,3,3,
+3,1,0,0,0,0,0,0,0,0,0,0,0,0,1,1,1,1,1,1,1,1,1,3,3,3,3,3,3,3,3,3,3,1,0,0,0,0,0,0,0,0,0,0,0,0,0,0,0,0,0,0,0,0,0,0,0,2,4,0,0,0,2,2,2,2,0,0,0,4,2,0,0,0,1,3,3,3,3,3,3,1,0,0,0,0,0,0,0,0,1,3,3,3,3,3,3,3,3,3,
+3,1,0,0,0,0,0,0,0,0,0,0,0,0,0,0,0,0,0,0,0,0,1,3,3,3,3,3,3,3,3,3,3,1,1,1,1,1,4,0,0,0,1,1,1,1,1,1,1,1,0,0,0,0,4,4,4,3,2,0,0,0,0,0,0,0,0,0,0,2,3,0,0,0,1,3,3,3,3,3,3,1,1,1,1,1,1,1,1,1,1,3,3,3,3,3,3,3,3,3,
 3,1,0,0,0,0,0,0,0,0,0,0,0,0,0,0,0,0,0,0,0,0,1,3,3,3,3,3,3,3,3,3,3,3,3,3,3,1,0,0,0,0,1,3,3,3,3,3,3,1,0,0,0,0,4,0,0,0,0,0,0,0,0,0,0,0,0,0,0,0,0,0,0,0,1,3,3,3,3,3,3,3,3,3,3,3,3,3,3,3,3,3,3,3,3,3,3,3,3,3,
 3,1,0,0,0,0,0,0,0,0,0,0,0,0,0,0,0,0,0,0,0,0,1,3,3,3,3,3,3,3,3,3,3,3,3,3,3,1,1,0,0,1,1,3,3,3,3,3,3,1,0,0,0,0,4,0,0,0,0,0,0,0,0,0,0,0,0,0,0,0,0,0,0,0,1,3,3,3,3,3,3,3,3,3,3,3,3,3,3,3,3,3,3,3,3,3,3,3,3,3,
 3,1,0,0,0,0,0,0,0,0,0,0,0,0,0,0,0,0,0,0,0,0,1,3,3,3,3,3,3,3,3,3,3,3,3,3,3,3,1,1,1,1,3,3,3,3,3,3,3,1,0,0,0,0,4,0,0,0,0,0,0,0,0,0,0,0,0,0,0,0,0,0,0,0,1,3,3,3,3,3,3,3,3,3,3,3,3,3,3,3,3,3,3,3,3,3,3,3,3,3,
@@ -443,7 +443,7 @@
     <property name="tooltip" value="Treasure Chest"/>
    </properties>
   </object>
-  <object id="44" name="Reset statuses" type="event" x="896" y="1248" width="32" height="32">
+  <object id="44" name="Reset switch statuses" type="event" x="896" y="1248" width="32" height="32">
    <properties>
     <property name="activate" value="on_load"/>
     <property name="repeat" value="false"/>
@@ -546,6 +546,55 @@
     <property name="soundfx" value="soundfx/environment/open_fire_loop.ogg"/>
    </properties>
   </object>
+  <object id="60" name="spawn Nishi" type="event" x="1856" y="1312" width="512" height="448">
+   <properties>
+    <property name="activate" value="on_trigger"/>
+    <property name="power" value="207"/>
+    <property name="power_path" value="64,48"/>
+    <property name="repeat" value="false"/>
+    <property name="requires_status" value="emp_wizard1_switch1b,emp_wizard1_switch2b"/>
+    <property name="shakycam" value="2s"/>
+    <property name="spawn" value="nishi,64,48"/>
+   </properties>
+  </object>
+  <object id="61" name="Unlock Door" type="event" x="1536" y="1024" width="32" height="32">
+   <properties>
+    <property name="activate" value="on_trigger"/>
+    <property name="hotspot" value="59,35,2,2"/>
+    <property name="mapmod" value="collision,59,35,0;collision,60,35,0;collision,59,36,0;collision,60,36,0;object,59,36,0;object,60,36,0;object,58,35,208;object,61,35,222"/>
+    <property name="remove_item" value="1022"/>
+    <property name="repeat" value="false"/>
+    <property name="requires_item" value="1022"/>
+    <property name="requires_status" value="emp_wizard1_key"/>
+    <property name="set_status" value="emp_wizard1_door"/>
+    <property name="soundfx" value="soundfx/door_open.ogg"/>
+    <property name="tooltip" value="Locked Door"/>
+   </properties>
+  </object>
+  <object id="63" name="Unlock Door (on_load)" type="event" x="1536" y="960" width="32" height="32">
+   <properties>
+    <property name="activate" value="on_load"/>
+    <property name="mapmod" value="collision,59,35,0;collision,60,35,0;collision,59,36,0;collision,60,36,0;object,59,36,0;object,60,36,0;object,58,35,208;object,61,35,222"/>
+    <property name="repeat" value="false"/>
+    <property name="requires_status" value="emp_wizard1_door"/>
+   </properties>
+  </object>
+  <object id="64" name="Locked Door" type="event" x="1888" y="1120" width="64" height="64">
+   <properties>
+    <property name="activate" value="on_trigger"/>
+    <property name="hotspot" value="location"/>
+    <property name="msg" value="This door needs a key to be opened."/>
+    <property name="requires_not_status" value="emp_wizard1_key,emp_wizard1_door"/>
+    <property name="tooltip" value="Locked Door"/>
+   </properties>
+  </object>
+  <object id="65" type="event" x="832" y="1280" width="32" height="32">
+   <properties>
+    <property name="activate" value="on_load"/>
+    <property name="requires_not_status" value="emp_wizard1_init"/>
+    <property name="set_status" value="emp_wizard1_init"/>
+   </properties>
+  </object>
  </objectgroup>
  <objectgroup name="enemy">
   <object id="10" type="enemy" x="896" y="2112" width="288" height="128">
