diff --git a/mods/empyrean_campaign/maps/mog_caverns.txt b/mods/empyrean_campaign/maps/mog_caverns.txt
index 6e58ea1bd2e63995a98c17e3231e046ea59eefe3..4da3a4f427c732ad81e18550d82bd6c24c18918a 100644
--- a/mods/empyrean_campaign/maps/mog_caverns.txt
+++ b/mods/empyrean_campaign/maps/mog_caverns.txt
@@ -4,6 +4,7 @@ height=80
 tilewidth=64
 tileheight=32
 orientation=isometric
+background_color=0,0,0,255
 hero_pos=56,66
 music=music/cave_theme.ogg
 tileset=tilesetdefs/tileset_cave.txt
@@ -114,9 +115,9 @@ data=
 0,0,0,0,0,72,80,135,0,0,0,0,0,0,0,0,0,0,0,0,0,0,0,0,0,0,0,0,0,0,0,0,0,0,0,134,82,116,0,0,0,0,129,0,0,0,0,0,0,0,0,0,0,129,129,0,0,0,70,0,
 0,0,0,0,0,64,132,0,0,0,0,0,0,0,0,0,0,0,0,0,0,0,0,0,0,0,144,0,0,0,0,0,0,0,0,151,119,115,0,0,0,0,0,0,0,0,0,0,0,0,0,0,0,0,0,0,0,0,70,0,
 0,0,0,0,0,96,0,0,0,0,0,0,0,146,149,0,0,0,0,0,0,0,0,0,0,0,152,0,0,0,0,0,0,0,0,0,0,134,0,0,0,0,0,0,0,0,0,0,0,0,0,0,0,0,0,0,0,82,78,0,
-0,0,0,0,76,99,0,0,0,0,132,0,0,0,0,152,0,0,0,0,0,0,0,0,0,0,0,0,0,0,0,0,0,0,0,0,0,0,0,0,0,0,0,0,0,0,0,0,0,0,0,0,0,0,0,0,82,74,0,0,
-0,0,0,0,104,0,0,0,110,0,0,0,0,0,0,0,0,0,0,0,0,0,0,0,0,133,0,0,0,0,0,0,0,0,0,0,0,0,0,0,0,0,0,0,0,0,0,0,0,0,0,0,0,0,0,82,78,0,0,0,
-0,0,0,114,99,0,0,0,0,0,0,0,0,82,67,120,0,0,0,0,0,0,0,0,148,0,0,0,0,0,0,0,0,0,0,0,0,0,0,0,0,0,0,0,0,0,0,0,0,0,0,0,0,0,0,66,0,0,0,0,
+0,0,0,0,76,99,0,0,0,0,132,0,0,0,0,152,0,0,0,0,0,0,0,0,0,0,0,0,0,0,0,0,0,0,0,0,0,0,0,0,0,0,0,0,224,0,0,0,0,0,0,0,0,0,0,0,82,74,0,0,
+0,0,0,0,104,0,0,0,110,0,0,0,0,0,0,0,0,0,0,0,0,0,0,0,0,133,0,0,0,0,0,0,0,0,0,0,0,0,0,0,0,0,0,0,232,0,0,0,0,0,0,0,0,0,0,82,78,0,0,0,
+0,0,0,114,99,0,0,0,0,0,0,0,0,82,67,120,0,0,0,0,0,0,0,0,148,0,0,0,0,0,0,0,0,0,0,0,0,0,0,0,0,0,0,0,225,0,0,0,0,0,0,0,0,0,0,66,0,0,0,0,
 0,0,0,64,0,0,0,0,0,0,134,0,0,66,0,64,0,0,82,67,83,0,0,132,134,0,0,0,0,0,0,0,0,0,0,0,0,0,0,0,0,0,0,0,132,133,133,135,0,0,152,0,0,0,0,70,0,0,0,0,
 0,0,0,100,0,0,0,0,0,133,0,0,0,81,97,99,0,0,66,0,96,0,0,0,0,0,0,0,0,0,0,0,0,0,0,0,0,0,0,0,0,0,0,135,150,0,0,135,134,0,151,0,0,0,0,85,73,0,0,0,
 0,0,0,64,151,0,0,0,0,0,0,0,0,0,0,0,0,0,121,101,80,0,0,133,0,0,0,0,0,0,0,0,0,0,0,0,0,0,0,0,0,134,133,0,0,0,135,0,134,0,0,0,0,0,0,0,70,0,0,0,
@@ -132,7 +133,7 @@ data=
 0,0,0,0,112,134,0,117,99,0,0,0,0,0,110,0,0,0,134,111,0,0,0,0,0,0,0,0,0,0,0,0,132,0,133,111,0,133,0,0,0,0,0,0,0,134,135,0,0,134,0,0,0,117,73,0,0,0,0,0,
 0,0,0,0,75,118,0,146,144,0,0,0,0,0,0,0,0,0,0,0,0,0,0,0,135,0,134,0,0,0,0,0,0,0,0,151,0,0,132,0,0,0,0,0,0,134,0,0,0,111,0,0,0,0,106,0,0,0,0,0,
 0,0,0,0,0,112,0,0,153,0,0,0,0,0,0,0,0,0,0,0,0,0,0,0,0,0,0,0,0,0,0,134,132,0,0,0,0,0,0,0,135,0,0,0,163,135,135,146,0,0,0,0,0,0,70,0,0,0,0,0,
-0,0,0,0,0,79,120,0,147,0,0,0,0,0,0,0,0,0,0,0,0,0,0,0,0,0,133,0,0,0,0,0,146,0,0,0,0,0,134,0,0,151,0,82,116,0,152,0,0,0,0,0,0,0,70,0,0,0,0,0,
+0,0,0,0,0,79,120,0,147,0,0,0,0,0,0,0,0,0,0,0,0,0,0,0,0,0,227,234,235,230,238,226,153,0,0,0,0,0,134,0,0,151,0,82,116,0,152,0,0,0,0,0,0,0,70,0,0,0,0,0,
 0,0,0,0,0,0,75,67,67,71,67,87,144,0,0,0,0,0,0,0,0,0,0,0,0,132,0,0,0,0,0,135,0,152,0,0,0,0,0,0,0,0,0,121,115,0,135,0,0,0,0,0,0,0,70,0,0,0,0,0,
 0,0,0,0,0,0,0,0,0,0,0,79,116,146,111,132,0,0,0,110,133,0,86,67,67,120,0,134,0,0,0,0,0,149,0,0,0,0,0,135,0,0,146,144,0,133,135,0,0,0,0,0,0,0,66,0,0,0,0,0,
 0,0,0,0,0,0,0,0,0,0,0,0,112,144,135,0,0,0,0,150,0,0,66,0,0,75,67,120,0,0,0,0,0,0,0,0,0,0,0,0,0,0,0,0,0,0,0,0,0,0,0,0,0,0,66,0,0,0,0,0,
@@ -198,9 +199,9 @@ data=
 3,3,3,3,3,1,1,0,0,0,0,0,0,0,0,0,0,0,0,0,0,0,2,2,2,2,0,0,0,0,0,0,0,2,2,0,1,1,0,2,2,0,4,0,0,0,0,0,0,0,0,0,0,4,4,0,0,0,1,3,
 3,3,3,3,3,1,0,0,0,0,0,0,2,2,0,0,0,0,0,0,0,2,2,4,4,2,4,0,0,0,0,0,2,2,2,4,1,1,2,2,2,2,0,0,0,0,0,0,0,0,0,0,0,0,0,0,0,0,1,3,
 3,3,3,3,3,1,0,0,0,0,0,2,2,4,1,0,0,0,0,0,0,2,4,4,4,4,4,0,0,0,0,0,2,4,4,2,2,2,2,4,4,2,2,0,0,0,0,0,0,0,0,0,0,0,0,0,0,1,1,3,
-3,3,3,3,1,1,0,0,0,0,2,2,4,4,2,4,2,0,0,0,2,2,4,4,4,2,2,0,0,0,0,2,2,4,4,4,4,4,4,4,4,4,2,2,2,2,0,0,0,0,0,0,0,0,0,0,1,1,3,3,
-3,3,3,3,1,0,0,0,1,0,2,4,4,4,4,4,2,2,2,2,2,4,4,4,2,2,0,0,0,0,0,2,2,4,4,4,4,4,4,4,4,4,4,4,4,2,2,2,0,0,0,0,0,0,0,1,1,3,3,3,
-3,3,3,1,1,0,0,0,0,0,2,4,4,1,1,1,4,4,4,4,4,4,4,2,1,0,0,0,0,0,0,0,2,4,4,4,4,4,4,4,4,4,4,2,2,2,2,2,2,0,0,0,0,0,0,1,3,3,3,3,
+3,3,3,3,1,1,0,0,0,0,2,2,4,4,2,4,2,0,0,0,2,2,4,4,4,2,2,0,0,0,0,2,2,4,4,4,4,4,4,4,4,4,2,2,0,2,0,0,0,0,0,0,0,0,0,0,1,1,3,3,
+3,3,3,3,1,0,0,0,1,0,2,4,4,4,4,4,2,2,2,2,2,4,4,4,2,2,0,0,0,0,0,2,2,4,4,4,4,4,4,4,4,4,4,2,0,2,2,2,0,0,0,0,0,0,0,1,1,3,3,3,
+3,3,3,1,1,0,0,0,0,0,2,4,4,1,1,1,4,4,4,4,4,4,4,2,1,0,0,0,0,0,0,0,2,4,4,4,4,4,4,4,4,4,4,2,0,2,2,2,2,0,0,0,0,0,0,1,3,3,3,3,
 3,3,3,1,0,0,0,0,0,2,2,4,4,1,3,1,4,4,1,1,1,4,4,2,0,0,0,0,0,0,0,0,2,4,4,4,4,4,4,4,4,2,2,2,0,0,2,2,2,2,4,0,0,0,0,1,3,3,3,3,
 3,3,3,1,0,0,0,0,0,2,2,4,4,1,1,1,4,4,1,3,1,4,4,2,0,0,0,0,0,0,0,2,2,4,4,4,4,4,4,4,2,2,0,0,4,0,0,2,4,4,4,0,0,0,0,1,1,3,3,3,
 3,3,3,1,4,0,0,0,0,0,2,4,4,4,4,4,4,4,1,1,1,4,2,2,0,0,0,0,2,2,2,2,4,4,4,4,4,4,4,4,2,0,0,0,0,0,0,2,4,4,2,0,0,0,0,0,1,3,3,3,
@@ -215,9 +216,9 @@ data=
 3,3,3,1,1,0,0,1,1,0,0,0,0,0,0,0,0,0,2,2,2,0,0,0,4,2,4,4,4,4,4,4,2,0,0,0,0,0,0,0,0,0,0,0,0,2,4,4,2,0,0,0,0,1,3,3,3,3,3,3,
 3,3,3,3,1,0,0,1,1,0,0,0,0,0,1,0,0,0,2,1,2,0,0,0,0,2,2,4,4,4,4,4,2,0,0,1,0,2,2,2,0,0,0,0,0,2,2,4,2,0,0,0,0,1,1,3,3,3,3,3,
 3,3,3,3,1,1,0,4,4,0,0,0,0,0,0,0,0,0,2,2,0,0,0,0,0,0,2,4,4,4,4,4,2,0,0,4,0,2,2,2,0,0,0,0,0,0,2,4,2,1,0,0,0,0,1,3,3,3,3,3,
-3,3,3,3,3,1,0,0,1,0,0,0,0,0,0,0,0,0,0,0,0,0,0,0,0,0,2,4,4,4,4,2,2,0,0,0,0,0,2,2,2,0,0,0,4,0,2,4,2,2,0,0,0,0,1,3,3,3,3,3,
-3,3,3,3,3,1,1,0,4,0,0,0,0,0,0,0,0,0,0,0,0,0,0,0,0,0,2,2,4,4,4,2,4,0,0,0,0,0,2,4,2,4,0,1,1,0,4,4,4,2,0,0,0,0,1,3,3,3,3,3,
-3,3,3,3,3,3,1,1,1,1,1,1,4,0,0,0,0,0,0,0,0,0,0,0,0,0,0,2,2,4,4,2,2,4,0,0,0,0,2,2,4,2,0,1,1,0,2,4,2,2,0,0,0,0,1,3,3,3,3,3,
+3,3,3,3,3,1,0,0,1,0,0,0,0,0,0,0,0,0,0,0,0,0,0,0,0,0,2,2,2,2,2,2,2,0,0,0,0,0,2,2,2,0,0,0,4,0,2,4,2,2,0,0,0,0,1,3,3,3,3,3,
+3,3,3,3,3,1,1,0,4,0,0,0,0,0,0,0,0,0,0,0,0,0,0,0,0,0,0,0,0,0,0,0,1,0,0,0,0,0,2,4,2,4,0,1,1,0,4,4,4,2,0,0,0,0,1,3,3,3,3,3,
+3,3,3,3,3,3,1,1,1,1,1,1,4,0,0,0,0,0,0,0,0,0,0,0,0,0,0,2,2,2,2,2,2,4,0,0,0,0,2,2,4,2,0,1,1,0,2,4,2,2,0,0,0,0,1,3,3,3,3,3,
 3,3,3,3,3,3,3,3,3,3,3,1,1,4,1,0,0,0,0,1,0,0,1,1,1,1,0,0,2,4,4,4,2,1,0,0,0,0,0,2,2,2,4,4,0,2,2,4,2,0,0,0,0,0,1,3,3,3,3,3,
 3,3,3,3,3,3,3,3,3,3,3,3,1,4,0,0,0,0,0,4,0,0,1,3,3,1,1,1,2,4,4,4,2,2,0,0,0,0,0,0,2,2,2,2,2,2,4,4,2,0,0,0,0,0,1,3,3,3,3,3,
 3,3,3,3,3,3,3,3,3,3,3,3,1,0,0,0,0,0,0,0,0,0,1,3,3,3,3,1,2,4,4,4,2,1,1,1,0,0,0,0,1,4,4,4,4,4,4,4,2,0,0,0,0,1,1,3,3,3,3,3,
@@ -286,10 +287,17 @@ type=event
 location=19,27,1,1
 activate=on_trigger
 hotspot=location
-loot=8,fixed,1,1;1018,fixed,1,1
+loot=8,fixed,1,1
+mapmod=object,32,30,0;collision,32,30,0
+msg=You found another note. Keep following the trail.
+remove_item=1017:1
 repeat=false
 requires_not_status=emp_mog_note2,emp_mog_finish
 requires_status=emp_mog_init
+reward_item=1018:1
+set_status=emp_mog_note2
+shakycam=2s
+soundfx=soundfx/environment/falling_rocks.ogg
 tooltip=Waterlogged Support Beam
 
 [event]
@@ -298,10 +306,14 @@ type=event
 location=44,16,1,1
 activate=on_trigger
 hotspot=location
-loot=1019,fixed,1
+loot=754,fixed,1,2
+msg=You found another note. Keep following the trail.
+remove_item=1018:1
 repeat=false
 requires_not_status=emp_mog_note3,emp_mog_finish
 requires_status=emp_mog_init,emp_mog_note2
+reward_item=1019:1
+set_status=emp_mog_note3
 tooltip=Moldy Rock
 
 [event]
@@ -310,10 +322,14 @@ type=event
 location=23,19,2,3
 activate=on_trigger
 hotspot=location
-loot=1020,fixed,1
+loot=203,fixed,1,1
+msg=You found another note. Keep following the trail.
+remove_item=1019:1
 repeat=false
 requires_not_status=emp_mog_note4,emp_mog_finish
 requires_status=emp_mog_init,emp_mog_note3
+reward_item=1020:1
+set_status=emp_mog_note4
 tooltip=Pile of Bones
 
 [event]
@@ -322,10 +338,14 @@ type=event
 location=49,1,1,1
 activate=on_trigger
 hotspot=location
-loot=1021,fixed,1
+loot=currency,fixed,50,100
+msg=You found another note. Keep following the trail.
+remove_item=1020:1
 repeat=false
 requires_not_status=emp_mog_note5,emp_mog_finish
 requires_status=emp_mog_init,emp_mog_note4
+reward_item=1021:1
+set_status=emp_mog_note5
 tooltip=Blocked Mine Cart
 
 [event]
@@ -335,6 +355,7 @@ location=14,38,1,1
 activate=on_trigger
 hotspot=location
 mapmod=object,11,37,0;collision,11,37,0
+remove_item=1021:1
 repeat=false
 requires_not_status=emp_mog_door1
 requires_status=emp_mog_init,emp_mog_note5
diff --git a/mods/empyrean_campaign/npcs/loren.txt b/mods/empyrean_campaign/npcs/loren.txt
index af9a004f25d33760326844e1ac27791e3f3e5151..a063bfc37173721668bc4e08d3c1f8d22723c995 100644
--- a/mods/empyrean_campaign/npcs/loren.txt
+++ b/mods/empyrean_campaign/npcs/loren.txt
@@ -21,7 +21,7 @@ talker=true
 
 [dialog]
 topic=Talk
-requires_item=1017,1018,1019,1020,1021
+requires_status=emp_mog_init
 requires_not_status=emp_mog_finish
 voice=soundfx/enemies/zombie_phys.ogg
 remove_item=1017,1018,1019,1020,1021
diff --git a/mods/empyrean_campaign/settings.txt b/mods/empyrean_campaign/settings.txt
index 73e83e030fec93fd3fa837aeae1e828934764959..2f6fc23d02f9fc94839d7cd1127160f6af2dd30f 100644
--- a/mods/empyrean_campaign/settings.txt
+++ b/mods/empyrean_campaign/settings.txt
@@ -1,5 +1,5 @@
 description=The new Flare 1.0 campaign
 requires=fantasycore:1.06.03:0
 game=flare-game
-version=1.11.07
+version=1.11.08
 engine_version_min=1.11.46
diff --git a/tiled/empyrean_campaign/mog_caverns.tmx b/tiled/empyrean_campaign/mog_caverns.tmx
index 63ac052114417593ffb4cc35ef69f6d2ce0b43bf..c64f56087d921516b7113ad20ef244187b7c5cd4 100644
--- a/tiled/empyrean_campaign/mog_caverns.tmx
+++ b/tiled/empyrean_campaign/mog_caverns.tmx
@@ -1,5 +1,8 @@
 <?xml version="1.0" encoding="UTF-8"?>
-<map version="1.0" tiledversion="1.0.3" orientation="isometric" renderorder="right-down" width="60" height="80" tilewidth="64" tileheight="32" backgroundcolor="#000000" nextobjectid="58">
+<map version="1.4" tiledversion="1.4.2" orientation="isometric" renderorder="right-down" width="60" height="80" tilewidth="64" tileheight="32" infinite="0" backgroundcolor="#000000" nextlayerid="7" nextobjectid="58">
+ <editorsettings>
+  <export target="../../mods/empyrean_campaign/maps/mog_caverns.txt" format="flare"/>
+ </editorsettings>
  <properties>
   <property name="hero_pos" value="56,66"/>
   <property name="music" value="music/cave_theme.ogg"/>
@@ -19,7 +22,7 @@
   <tileoffset x="0" y="16"/>
   <image source="../cave/tiled_cave_2x2.png" width="256" height="64"/>
  </tileset>
- <layer name="background" width="60" height="80">
+ <layer id="1" name="background" width="60" height="80">
   <data encoding="csv">
 0,0,0,0,0,0,0,0,0,0,0,0,0,0,0,0,0,0,0,0,0,0,0,0,0,0,0,0,0,0,0,0,0,0,0,0,0,0,0,0,0,0,0,0,0,0,0,17,18,19,16,17,57,0,0,0,0,0,0,0,
 0,0,0,0,0,0,0,0,0,0,0,0,0,0,0,0,0,0,0,0,0,0,0,0,0,0,0,0,0,0,0,0,0,0,0,0,22,23,20,21,57,0,0,0,22,23,20,21,22,33,20,21,22,57,0,0,0,0,0,0,
@@ -103,7 +106,7 @@
 0,0,0,0,0,0,0,0,0,0,0,0,0,0,0,0,0,0,0,16,196,217,198,0,0,0,0,0,0,0,0,0,0,0,0,0,0,0,0,0,0,0,0,0,0,0,0,0,0,0,0,0,0,0,0,0,0,0,0,0
 </data>
  </layer>
- <layer name="object" width="60" height="80">
+ <layer id="2" name="object" width="60" height="80">
   <data encoding="csv">
 0,0,0,0,0,0,0,0,0,0,0,0,0,0,0,0,0,0,0,0,0,0,0,0,0,0,0,0,0,0,0,0,0,0,0,0,0,0,0,0,0,0,0,0,0,0,0,72,97,109,113,97,69,73,0,0,0,0,0,0,
 0,0,0,0,0,0,0,0,0,0,0,0,0,0,0,0,0,0,0,0,0,0,0,0,0,0,0,0,0,0,0,0,0,0,0,0,98,69,113,101,113,73,0,0,114,65,65,84,0,130,0,0,0,81,77,0,0,0,0,0,
@@ -117,9 +120,9 @@
 0,0,0,0,0,72,80,135,0,0,0,0,0,0,0,0,0,0,0,0,0,0,0,0,0,0,0,0,0,0,0,0,0,0,0,134,82,116,0,0,0,0,129,0,0,0,0,0,0,0,0,0,0,129,129,0,0,0,70,0,
 0,0,0,0,0,64,132,0,0,0,0,0,0,0,0,0,0,0,0,0,0,0,0,0,0,0,144,0,0,0,0,0,0,0,0,151,119,115,0,0,0,0,0,0,0,0,0,0,0,0,0,0,0,0,0,0,0,0,70,0,
 0,0,0,0,0,96,0,0,0,0,0,0,0,146,149,0,0,0,0,0,0,0,0,0,0,0,152,0,0,0,0,0,0,0,0,0,0,134,0,0,0,0,0,0,0,0,0,0,0,0,0,0,0,0,0,0,0,82,78,0,
-0,0,0,0,76,99,0,0,0,0,132,0,0,0,0,152,0,0,0,0,0,0,0,0,0,0,0,0,0,0,0,0,0,0,0,0,0,0,0,0,0,0,0,0,0,0,0,0,0,0,0,0,0,0,0,0,82,74,0,0,
-0,0,0,0,104,0,0,0,110,0,0,0,0,0,0,0,0,0,0,0,0,0,0,0,0,133,0,0,0,0,0,0,0,0,0,0,0,0,0,0,0,0,0,0,0,0,0,0,0,0,0,0,0,0,0,82,78,0,0,0,
-0,0,0,114,99,0,0,0,0,0,0,0,0,82,67,120,0,0,0,0,0,0,0,0,148,0,0,0,0,0,0,0,0,0,0,0,0,0,0,0,0,0,0,0,0,0,0,0,0,0,0,0,0,0,0,66,0,0,0,0,
+0,0,0,0,76,99,0,0,0,0,132,0,0,0,0,152,0,0,0,0,0,0,0,0,0,0,0,0,0,0,0,0,0,0,0,0,0,0,0,0,0,0,0,0,224,0,0,0,0,0,0,0,0,0,0,0,82,74,0,0,
+0,0,0,0,104,0,0,0,110,0,0,0,0,0,0,0,0,0,0,0,0,0,0,0,0,133,0,0,0,0,0,0,0,0,0,0,0,0,0,0,0,0,0,0,232,0,0,0,0,0,0,0,0,0,0,82,78,0,0,0,
+0,0,0,114,99,0,0,0,0,0,0,0,0,82,67,120,0,0,0,0,0,0,0,0,148,0,0,0,0,0,0,0,0,0,0,0,0,0,0,0,0,0,0,0,225,0,0,0,0,0,0,0,0,0,0,66,0,0,0,0,
 0,0,0,64,0,0,0,0,0,0,134,0,0,66,0,64,0,0,82,67,83,0,0,132,134,0,0,0,0,0,0,0,0,0,0,0,0,0,0,0,0,0,0,0,132,133,133,135,0,0,152,0,0,0,0,70,0,0,0,0,
 0,0,0,100,0,0,0,0,0,133,0,0,0,81,97,99,0,0,66,0,96,0,0,0,0,0,0,0,0,0,0,0,0,0,0,0,0,0,0,0,0,0,0,135,150,0,0,135,134,0,151,0,0,0,0,85,73,0,0,0,
 0,0,0,64,151,0,0,0,0,0,0,0,0,0,0,0,0,0,121,101,80,0,0,133,0,0,0,0,0,0,0,0,0,0,0,0,0,0,0,0,0,134,133,0,0,0,135,0,134,0,0,0,0,0,0,0,70,0,0,0,
@@ -135,7 +138,7 @@
 0,0,0,0,112,134,0,117,99,0,0,0,0,0,110,0,0,0,134,111,0,0,0,0,0,0,0,0,0,0,0,0,132,0,133,111,0,133,0,0,0,0,0,0,0,134,135,0,0,134,0,0,0,117,73,0,0,0,0,0,
 0,0,0,0,75,118,0,146,144,0,0,0,0,0,0,0,0,0,0,0,0,0,0,0,135,0,134,0,0,0,0,0,0,0,0,151,0,0,132,0,0,0,0,0,0,134,0,0,0,111,0,0,0,0,106,0,0,0,0,0,
 0,0,0,0,0,112,0,0,153,0,0,0,0,0,0,0,0,0,0,0,0,0,0,0,0,0,0,0,0,0,0,134,132,0,0,0,0,0,0,0,135,0,0,0,163,135,135,146,0,0,0,0,0,0,70,0,0,0,0,0,
-0,0,0,0,0,79,120,0,147,0,0,0,0,0,0,0,0,0,0,0,0,0,0,0,0,0,133,0,0,0,0,0,146,0,0,0,0,0,134,0,0,151,0,82,116,0,152,0,0,0,0,0,0,0,70,0,0,0,0,0,
+0,0,0,0,0,79,120,0,147,0,0,0,0,0,0,0,0,0,0,0,0,0,0,0,0,0,227,234,235,230,238,226,153,0,0,0,0,0,134,0,0,151,0,82,116,0,152,0,0,0,0,0,0,0,70,0,0,0,0,0,
 0,0,0,0,0,0,75,67,67,71,67,87,144,0,0,0,0,0,0,0,0,0,0,0,0,132,0,0,0,0,0,135,0,152,0,0,0,0,0,0,0,0,0,121,115,0,135,0,0,0,0,0,0,0,70,0,0,0,0,0,
 0,0,0,0,0,0,0,0,0,0,0,79,116,146,111,132,0,0,0,110,133,0,86,67,67,120,0,134,0,0,0,0,0,149,0,0,0,0,0,135,0,0,146,144,0,133,135,0,0,0,0,0,0,0,66,0,0,0,0,0,
 0,0,0,0,0,0,0,0,0,0,0,0,112,144,135,0,0,0,0,150,0,0,66,0,0,75,67,120,0,0,0,0,0,0,0,0,0,0,0,0,0,0,0,0,0,0,0,0,0,0,0,0,0,0,66,0,0,0,0,0,
@@ -187,7 +190,7 @@
 0,0,0,0,0,0,0,0,0,0,0,0,0,0,0,0,0,0,0,100,0,0,0,66,0,0,0,0,0,0,0,0,0,0,0,0,0,0,0,0,0,0,0,0,0,0,0,0,0,0,0,0,0,0,0,0,0,0,0,0
 </data>
  </layer>
- <layer name="collision" width="60" height="80">
+ <layer id="3" name="collision" width="60" height="80">
   <data encoding="csv">
 3,3,3,3,3,3,3,3,3,3,3,3,3,3,3,3,3,3,3,3,3,3,3,3,3,3,3,3,3,3,3,3,3,3,3,3,3,3,3,3,3,3,3,3,3,3,3,1,1,1,1,1,1,1,3,3,3,3,3,3,
 3,3,3,3,3,3,3,3,3,3,3,3,3,3,3,3,3,3,3,3,3,3,3,3,3,3,3,3,3,3,3,3,3,3,3,3,1,1,1,1,1,1,3,3,1,1,1,1,0,4,0,0,0,1,1,3,3,3,3,3,
@@ -201,9 +204,9 @@
 3,3,3,3,3,1,1,0,0,0,0,0,0,0,0,0,0,0,0,0,0,0,2,2,2,2,0,0,0,0,0,0,0,2,2,0,1,1,0,2,2,0,4,0,0,0,0,0,0,0,0,0,0,4,4,0,0,0,1,3,
 3,3,3,3,3,1,0,0,0,0,0,0,2,2,0,0,0,0,0,0,0,2,2,4,4,2,4,0,0,0,0,0,2,2,2,4,1,1,2,2,2,2,0,0,0,0,0,0,0,0,0,0,0,0,0,0,0,0,1,3,
 3,3,3,3,3,1,0,0,0,0,0,2,2,4,1,0,0,0,0,0,0,2,4,4,4,4,4,0,0,0,0,0,2,4,4,2,2,2,2,4,4,2,2,0,0,0,0,0,0,0,0,0,0,0,0,0,0,1,1,3,
-3,3,3,3,1,1,0,0,0,0,2,2,4,4,2,4,2,0,0,0,2,2,4,4,4,2,2,0,0,0,0,2,2,4,4,4,4,4,4,4,4,4,2,2,2,2,0,0,0,0,0,0,0,0,0,0,1,1,3,3,
-3,3,3,3,1,0,0,0,1,0,2,4,4,4,4,4,2,2,2,2,2,4,4,4,2,2,0,0,0,0,0,2,2,4,4,4,4,4,4,4,4,4,4,4,4,2,2,2,0,0,0,0,0,0,0,1,1,3,3,3,
-3,3,3,1,1,0,0,0,0,0,2,4,4,1,1,1,4,4,4,4,4,4,4,2,1,0,0,0,0,0,0,0,2,4,4,4,4,4,4,4,4,4,4,2,2,2,2,2,2,0,0,0,0,0,0,1,3,3,3,3,
+3,3,3,3,1,1,0,0,0,0,2,2,4,4,2,4,2,0,0,0,2,2,4,4,4,2,2,0,0,0,0,2,2,4,4,4,4,4,4,4,4,4,2,2,0,2,0,0,0,0,0,0,0,0,0,0,1,1,3,3,
+3,3,3,3,1,0,0,0,1,0,2,4,4,4,4,4,2,2,2,2,2,4,4,4,2,2,0,0,0,0,0,2,2,4,4,4,4,4,4,4,4,4,4,2,0,2,2,2,0,0,0,0,0,0,0,1,1,3,3,3,
+3,3,3,1,1,0,0,0,0,0,2,4,4,1,1,1,4,4,4,4,4,4,4,2,1,0,0,0,0,0,0,0,2,4,4,4,4,4,4,4,4,4,4,2,0,2,2,2,2,0,0,0,0,0,0,1,3,3,3,3,
 3,3,3,1,0,0,0,0,0,2,2,4,4,1,3,1,4,4,1,1,1,4,4,2,0,0,0,0,0,0,0,0,2,4,4,4,4,4,4,4,4,2,2,2,0,0,2,2,2,2,4,0,0,0,0,1,3,3,3,3,
 3,3,3,1,0,0,0,0,0,2,2,4,4,1,1,1,4,4,1,3,1,4,4,2,0,0,0,0,0,0,0,2,2,4,4,4,4,4,4,4,2,2,0,0,4,0,0,2,4,4,4,0,0,0,0,1,1,3,3,3,
 3,3,3,1,4,0,0,0,0,0,2,4,4,4,4,4,4,4,1,1,1,4,2,2,0,0,0,0,2,2,2,2,4,4,4,4,4,4,4,4,2,0,0,0,0,0,0,2,4,4,2,0,0,0,0,0,1,3,3,3,
@@ -218,9 +221,9 @@
 3,3,3,1,1,0,0,1,1,0,0,0,0,0,0,0,0,0,2,2,2,0,0,0,4,2,4,4,4,4,4,4,2,0,0,0,0,0,0,0,0,0,0,0,0,2,4,4,2,0,0,0,0,1,3,3,3,3,3,3,
 3,3,3,3,1,0,0,1,1,0,0,0,0,0,1,0,0,0,2,1,2,0,0,0,0,2,2,4,4,4,4,4,2,0,0,1,0,2,2,2,0,0,0,0,0,2,2,4,2,0,0,0,0,1,1,3,3,3,3,3,
 3,3,3,3,1,1,0,4,4,0,0,0,0,0,0,0,0,0,2,2,0,0,0,0,0,0,2,4,4,4,4,4,2,0,0,4,0,2,2,2,0,0,0,0,0,0,2,4,2,1,0,0,0,0,1,3,3,3,3,3,
-3,3,3,3,3,1,0,0,1,0,0,0,0,0,0,0,0,0,0,0,0,0,0,0,0,0,2,4,4,4,4,2,2,0,0,0,0,0,2,2,2,0,0,0,4,0,2,4,2,2,0,0,0,0,1,3,3,3,3,3,
-3,3,3,3,3,1,1,0,4,0,0,0,0,0,0,0,0,0,0,0,0,0,0,0,0,0,2,2,4,4,4,2,4,0,0,0,0,0,2,4,2,4,0,1,1,0,4,4,4,2,0,0,0,0,1,3,3,3,3,3,
-3,3,3,3,3,3,1,1,1,1,1,1,4,0,0,0,0,0,0,0,0,0,0,0,0,0,0,2,2,4,4,2,2,4,0,0,0,0,2,2,4,2,0,1,1,0,2,4,2,2,0,0,0,0,1,3,3,3,3,3,
+3,3,3,3,3,1,0,0,1,0,0,0,0,0,0,0,0,0,0,0,0,0,0,0,0,0,2,2,2,2,2,2,2,0,0,0,0,0,2,2,2,0,0,0,4,0,2,4,2,2,0,0,0,0,1,3,3,3,3,3,
+3,3,3,3,3,1,1,0,4,0,0,0,0,0,0,0,0,0,0,0,0,0,0,0,0,0,0,0,0,0,0,0,1,0,0,0,0,0,2,4,2,4,0,1,1,0,4,4,4,2,0,0,0,0,1,3,3,3,3,3,
+3,3,3,3,3,3,1,1,1,1,1,1,4,0,0,0,0,0,0,0,0,0,0,0,0,0,0,2,2,2,2,2,2,4,0,0,0,0,2,2,4,2,0,1,1,0,2,4,2,2,0,0,0,0,1,3,3,3,3,3,
 3,3,3,3,3,3,3,3,3,3,3,1,1,4,1,0,0,0,0,1,0,0,1,1,1,1,0,0,2,4,4,4,2,1,0,0,0,0,0,2,2,2,4,4,0,2,2,4,2,0,0,0,0,0,1,3,3,3,3,3,
 3,3,3,3,3,3,3,3,3,3,3,3,1,4,0,0,0,0,0,4,0,0,1,3,3,1,1,1,2,4,4,4,2,2,0,0,0,0,0,0,2,2,2,2,2,2,4,4,2,0,0,0,0,0,1,3,3,3,3,3,
 3,3,3,3,3,3,3,3,3,3,3,3,1,0,0,0,0,0,0,0,0,0,1,3,3,3,3,1,2,4,4,4,2,1,1,1,0,0,0,0,1,4,4,4,4,4,4,4,2,0,0,0,0,1,1,3,3,3,3,3,
@@ -271,7 +274,7 @@
 3,3,3,3,3,3,3,3,3,3,3,3,3,3,3,3,3,3,3,1,2,4,2,1,3,3,3,3,3,3,3,3,3,3,3,3,3,3,3,3,3,3,3,3,3,3,3,3,3,3,3,3,3,3,3,3,3,3,3,3
 </data>
  </layer>
- <objectgroup name="event">
+ <objectgroup id="4" name="event">
   <object id="3" name="First note chest (Note 1)" type="event" x="1472" y="2016" width="32" height="32">
    <properties>
     <property name="activate" value="on_trigger"/>
@@ -288,10 +291,17 @@
    <properties>
     <property name="activate" value="on_trigger"/>
     <property name="hotspot" value="location"/>
-    <property name="loot" value="8,fixed,1,1;1018,fixed,1,1"/>
+    <property name="loot" value="8,fixed,1,1"/>
+    <property name="mapmod" value="object,32,30,0;collision,32,30,0"/>
+    <property name="msg" value="You found another note. Keep following the trail."/>
+    <property name="remove_item" value="1017:1"/>
     <property name="repeat" value="false"/>
     <property name="requires_not_status" value="emp_mog_note2,emp_mog_finish"/>
     <property name="requires_status" value="emp_mog_init"/>
+    <property name="reward_item" value="1018:1"/>
+    <property name="set_status" value="emp_mog_note2"/>
+    <property name="shakycam" value="2s"/>
+    <property name="soundfx" value="soundfx/environment/falling_rocks.ogg"/>
     <property name="tooltip" value="Waterlogged Support Beam"/>
    </properties>
   </object>
@@ -299,10 +309,14 @@
    <properties>
     <property name="activate" value="on_trigger"/>
     <property name="hotspot" value="location"/>
-    <property name="loot" value="1019,fixed,1"/>
+    <property name="loot" value="754,fixed,1,2"/>
+    <property name="msg" value="You found another note. Keep following the trail."/>
+    <property name="remove_item" value="1018:1"/>
     <property name="repeat" value="false"/>
     <property name="requires_not_status" value="emp_mog_note3,emp_mog_finish"/>
     <property name="requires_status" value="emp_mog_init,emp_mog_note2"/>
+    <property name="reward_item" value="1019:1"/>
+    <property name="set_status" value="emp_mog_note3"/>
     <property name="tooltip" value="Moldy Rock"/>
    </properties>
   </object>
@@ -310,10 +324,14 @@
    <properties>
     <property name="activate" value="on_trigger"/>
     <property name="hotspot" value="location"/>
-    <property name="loot" value="1020,fixed,1"/>
+    <property name="loot" value="203,fixed,1,1"/>
+    <property name="msg" value="You found another note. Keep following the trail."/>
+    <property name="remove_item" value="1019:1"/>
     <property name="repeat" value="false"/>
     <property name="requires_not_status" value="emp_mog_note4,emp_mog_finish"/>
     <property name="requires_status" value="emp_mog_init,emp_mog_note3"/>
+    <property name="reward_item" value="1020:1"/>
+    <property name="set_status" value="emp_mog_note4"/>
     <property name="tooltip" value="Pile of Bones"/>
    </properties>
   </object>
@@ -321,10 +339,14 @@
    <properties>
     <property name="activate" value="on_trigger"/>
     <property name="hotspot" value="location"/>
-    <property name="loot" value="1021,fixed,1"/>
+    <property name="loot" value="currency,fixed,50,100"/>
+    <property name="msg" value="You found another note. Keep following the trail."/>
+    <property name="remove_item" value="1020:1"/>
     <property name="repeat" value="false"/>
     <property name="requires_not_status" value="emp_mog_note5,emp_mog_finish"/>
     <property name="requires_status" value="emp_mog_init,emp_mog_note4"/>
+    <property name="reward_item" value="1021:1"/>
+    <property name="set_status" value="emp_mog_note5"/>
     <property name="tooltip" value="Blocked Mine Cart"/>
    </properties>
   </object>
@@ -333,6 +355,7 @@
     <property name="activate" value="on_trigger"/>
     <property name="hotspot" value="location"/>
     <property name="mapmod" value="object,11,37,0;collision,11,37,0"/>
+    <property name="remove_item" value="1021:1"/>
     <property name="repeat" value="false"/>
     <property name="requires_not_status" value="emp_mog_door1"/>
     <property name="requires_status" value="emp_mog_init,emp_mog_note5"/>
@@ -550,7 +573,7 @@
    </properties>
   </object>
  </objectgroup>
- <objectgroup name="enemy">
+ <objectgroup id="5" name="enemy" visible="0">
   <object id="44" type="enemy" x="512" y="928" width="32" height="32">
    <properties>
     <property name="category" value="mog"/>
@@ -644,7 +667,7 @@
    </properties>
   </object>
  </objectgroup>
- <objectgroup name="npc">
+ <objectgroup id="6" name="npc">
   <object id="15" type="npc" x="320" y="2112" width="32" height="32">
    <properties>
     <property name="filename" value="npcs/loren.txt"/>
