diff --git a/mods/empyrean_testing/maps/book_of_the_dead.txt b/mods/empyrean_testing/maps/book_of_the_dead.txt
new file mode 100644
index 0000000000000000000000000000000000000000..c2ba0d5e5b48e45d9bc453aa0aec92e9c6b3d83a
--- /dev/null
+++ b/mods/empyrean_testing/maps/book_of_the_dead.txt
@@ -0,0 +1,180 @@
+[header]
+width=32
+height=50
+tilewidth=64
+tileheight=32
+music=music/dungeon_theme.ogg
+tileset=tilesetdefs/tileset_dungeon.txt
+title=New Dungeon Map
+
+[tilesets]
+tileset=../../../tiled/dungeon/tiled_collision.png,64,32,0,0
+tileset=../../../tiled/dungeon/tiled_dungeon.png,64,128,0,0
+tileset=../../../tiled/dungeon/set_rules.png,64,32,0,0
+tileset=../../../tiled/dungeon/tiled_dungeon_2x2.png,128,64,0,16
+tileset=../../../tiled/dungeon/door_left.png,64,128,-16,-8
+tileset=../../../tiled/dungeon/door_right.png,64,128,16,-8
+tileset=../../../tiled/dungeon/stairs.png,256,256,0,48
+
+[layer]
+type=background
+data=
+0,0,0,0,0,0,0,0,0,0,0,0,0,0,0,0,0,0,0,0,0,0,0,0,0,0,0,0,0,0,0,0,
+0,0,0,0,0,0,0,0,0,0,0,0,24,21,21,21,21,21,25,49,0,0,0,0,0,0,0,0,0,0,0,0,
+0,0,0,0,0,0,0,0,0,0,0,0,20,16,16,16,16,16,22,49,0,0,0,0,0,0,0,0,0,0,0,0,
+0,0,0,0,0,0,0,0,0,0,0,0,20,16,16,16,16,16,22,49,0,0,0,0,0,0,0,0,0,0,0,0,
+0,0,0,0,0,0,0,0,0,0,0,0,20,16,16,16,16,16,22,49,0,0,0,0,0,0,0,0,0,0,0,0,
+0,0,0,0,0,0,0,0,0,0,0,0,20,16,16,16,16,16,22,49,0,0,0,0,0,0,0,0,0,0,0,0,
+0,0,0,0,0,0,0,0,0,0,0,0,20,16,16,16,16,16,22,49,0,0,0,0,0,0,0,0,0,0,0,0,
+0,0,0,0,0,0,0,0,0,0,0,0,20,16,16,16,16,16,22,49,0,0,0,0,0,0,0,0,0,0,0,0,
+0,0,0,0,0,0,0,0,0,0,0,0,20,16,16,16,16,16,22,49,0,0,0,0,0,0,0,0,0,0,0,0,
+0,0,0,0,0,0,0,0,0,0,0,0,20,16,16,16,16,16,22,49,0,0,0,0,0,0,0,0,0,0,0,0,
+0,0,0,0,0,0,0,0,0,0,0,0,20,16,16,16,16,16,22,49,0,0,0,0,0,0,0,0,0,0,0,0,
+0,0,0,0,0,0,0,0,0,0,0,0,20,16,16,16,16,16,22,49,0,0,0,0,0,0,0,0,0,0,0,0,
+0,0,0,0,0,0,0,0,0,24,21,21,28,16,16,16,16,16,29,21,21,25,49,0,0,0,0,0,0,0,0,0,
+0,0,0,0,0,0,0,24,21,28,16,16,51,51,51,51,51,51,51,16,16,29,21,25,49,0,0,0,0,0,0,0,
+0,0,0,0,0,0,24,28,16,16,51,51,16,16,16,16,16,16,16,51,51,16,16,29,25,49,0,0,0,0,0,0,
+0,0,0,0,0,24,28,16,51,51,16,16,16,16,16,16,16,16,16,16,16,51,51,16,29,25,49,0,0,0,0,0,
+0,0,0,0,24,28,16,51,16,16,16,16,16,16,16,51,16,16,16,16,16,16,16,51,16,29,25,49,0,0,0,0,
+0,0,0,24,28,16,51,16,16,16,16,16,16,16,16,51,16,16,16,16,16,16,16,16,51,16,29,25,49,0,0,0,
+0,0,0,20,16,51,16,16,16,16,16,16,16,16,16,51,16,16,16,16,16,16,16,16,16,51,16,22,49,0,0,0,
+0,0,24,28,16,51,16,16,16,16,16,16,16,16,16,51,16,16,16,16,16,16,16,16,16,51,16,29,25,49,0,0,
+0,0,20,16,51,16,16,16,16,16,16,16,16,16,16,51,16,16,16,16,16,16,16,16,16,16,51,16,22,49,0,0,
+0,0,20,16,51,16,16,16,16,16,16,16,16,16,16,51,16,16,16,16,16,16,16,16,16,16,51,16,22,49,0,0,
+21,21,28,51,16,16,16,16,16,16,16,16,16,16,16,51,16,16,16,16,16,16,16,16,16,16,16,51,29,21,25,49,
+16,16,16,51,16,16,16,16,16,16,16,16,16,16,16,16,16,16,16,16,16,16,16,16,16,16,16,51,16,16,22,49,
+16,16,16,51,16,16,16,16,16,16,16,16,16,16,16,16,16,16,16,16,16,16,16,16,16,16,16,51,16,16,22,49,
+16,16,16,51,16,16,51,51,51,51,51,51,51,16,16,16,16,16,51,51,51,51,51,51,51,16,16,51,16,16,22,49,
+16,16,16,51,16,16,16,16,16,16,16,16,16,16,16,16,16,16,16,16,16,16,16,16,16,16,16,51,16,16,22,49,
+16,16,16,51,16,16,16,16,16,16,16,16,16,16,16,16,16,16,16,16,16,16,16,16,16,16,16,51,16,16,22,49,
+23,23,31,51,16,16,16,16,16,16,16,16,16,16,16,51,16,16,16,16,16,16,16,16,16,16,16,51,30,23,26,49,
+50,50,20,16,51,16,16,16,16,16,16,16,16,16,16,51,16,16,16,16,16,16,16,16,16,16,51,16,22,48,50,0,
+0,0,20,16,51,16,16,16,16,16,16,16,16,16,16,51,16,16,16,16,16,16,16,16,16,16,51,16,22,49,0,0,
+0,0,27,31,16,51,16,16,16,16,16,16,16,16,16,51,16,16,16,16,16,16,16,16,16,51,16,30,26,49,0,0,
+0,0,50,20,16,51,16,16,16,16,16,16,16,16,16,51,16,16,16,16,16,16,16,16,16,51,16,22,48,0,0,0,
+0,0,0,27,31,16,51,16,16,16,16,16,16,16,16,51,16,16,16,16,16,16,16,16,51,16,30,26,49,0,0,0,
+0,0,0,50,27,31,16,51,16,16,16,16,16,16,16,51,16,16,16,16,16,16,16,51,16,30,26,48,0,0,0,0,
+0,0,0,0,50,27,31,16,51,51,16,16,16,16,16,16,16,16,16,16,16,51,51,16,30,26,48,0,0,0,0,0,
+0,0,0,0,0,50,27,31,16,16,51,51,16,16,16,16,16,16,16,51,51,16,16,30,26,48,0,0,0,0,0,0,
+0,0,0,0,0,0,50,27,23,31,16,16,51,51,51,51,51,51,51,16,16,30,23,26,48,0,0,0,0,0,0,0,
+0,0,0,0,0,0,0,50,50,27,23,23,31,16,16,16,16,16,30,23,23,26,48,50,0,0,0,0,0,0,0,0,
+0,0,0,0,0,0,0,0,0,50,50,50,20,16,16,16,16,16,22,48,50,50,0,0,0,0,0,0,0,0,0,0,
+0,0,0,0,0,0,0,0,0,0,0,0,20,16,16,16,16,16,22,49,0,0,0,0,0,0,0,0,0,0,0,0,
+0,0,0,0,0,0,0,0,0,0,0,0,20,16,16,16,16,16,22,49,0,0,0,0,0,0,0,0,0,0,0,0,
+0,0,0,0,0,0,0,0,0,0,0,0,20,16,16,16,16,16,22,49,0,0,0,0,0,0,0,0,0,0,0,0,
+0,0,0,0,0,0,0,0,0,0,0,0,20,16,16,16,16,16,22,49,0,0,0,0,0,0,0,0,0,0,0,0,
+0,0,0,0,0,0,0,0,0,0,0,0,20,16,16,16,16,16,22,49,0,0,0,0,0,0,0,0,0,0,0,0,
+0,0,0,0,0,0,0,0,0,0,0,0,20,16,16,16,16,16,22,49,0,0,0,0,0,0,0,0,0,0,0,0,
+0,0,0,0,0,0,0,0,0,0,0,0,20,16,16,16,16,16,22,49,0,0,0,0,0,0,0,0,0,0,0,0,
+0,0,0,0,0,0,0,0,0,0,0,0,20,16,16,16,16,16,22,49,0,0,0,0,0,0,0,0,0,0,0,0,
+0,0,0,0,0,0,0,0,0,0,0,0,27,23,23,23,23,23,26,49,0,0,0,0,0,0,0,0,0,0,0,0,
+0,0,0,0,0,0,0,0,0,0,0,0,50,50,50,50,50,50,50,0,0,0,0,0,0,0,0,0,0,0,0,0
+
+[layer]
+type=object
+data=
+0,0,0,0,0,0,0,0,0,0,0,0,0,0,0,0,0,0,0,0,0,0,0,0,0,0,0,0,0,0,0,0,
+0,0,0,0,0,0,0,0,0,0,0,0,0,0,0,0,0,0,0,0,0,0,0,0,0,0,0,0,0,0,0,0,
+0,0,0,0,0,0,0,0,0,0,0,0,0,0,0,0,0,0,0,0,0,0,0,0,0,0,0,0,0,0,0,0,
+0,0,0,0,0,0,0,0,0,0,0,0,0,0,0,0,0,0,0,0,0,0,0,0,0,0,0,0,0,0,0,0,
+0,0,0,0,0,0,0,0,0,0,0,0,0,0,0,0,0,0,0,0,0,0,0,0,0,0,0,0,0,0,0,0,
+0,0,0,0,0,0,0,0,0,0,0,0,0,0,284,0,0,0,0,0,0,0,0,0,0,0,0,0,0,0,0,0,
+0,0,0,0,0,0,0,0,0,0,0,0,0,0,0,0,0,0,0,0,0,0,0,0,0,0,0,0,0,0,0,0,
+0,0,0,0,0,0,0,0,0,0,0,0,0,0,0,0,0,0,0,0,0,0,0,0,0,0,0,0,0,0,0,0,
+0,0,0,0,0,0,0,0,0,0,0,0,0,0,0,0,0,0,0,0,0,0,0,0,0,0,0,0,0,0,0,0,
+0,0,0,0,0,0,0,0,0,0,0,0,0,0,0,0,0,0,0,0,0,0,0,0,0,0,0,0,0,0,0,0,
+0,0,0,0,0,0,0,0,0,0,0,0,74,65,103,113,103,105,73,0,0,0,0,0,0,0,0,0,0,0,0,0,
+0,0,0,0,0,0,0,0,0,0,0,0,0,0,0,0,0,0,0,0,0,0,0,0,0,0,0,0,0,0,0,0,
+0,0,0,0,0,0,0,0,0,0,0,0,0,0,0,0,0,0,0,0,0,0,0,0,0,0,0,0,0,0,0,0,
+0,0,0,0,0,0,0,0,0,0,0,0,0,0,0,0,0,0,0,0,0,0,0,0,0,0,0,0,0,0,0,0,
+0,0,0,0,0,0,0,0,0,0,0,0,0,0,0,0,0,0,0,0,0,0,0,0,0,0,0,0,0,0,0,0,
+0,0,0,0,0,0,0,0,0,0,0,0,0,0,0,0,0,0,0,0,0,0,0,0,0,0,0,0,0,0,0,0,
+0,0,0,0,0,0,0,0,0,0,0,0,0,0,0,0,0,0,0,0,0,0,0,0,0,0,0,0,0,0,0,0,
+0,0,0,0,0,0,0,0,0,0,0,0,0,0,0,0,0,0,0,0,0,0,0,0,0,0,0,0,0,0,0,0,
+0,0,0,0,0,0,0,0,0,0,0,0,0,0,0,0,0,0,0,0,0,0,0,0,0,0,0,0,0,0,0,0,
+0,0,0,0,0,0,0,0,0,0,0,0,0,0,0,0,0,0,0,0,0,0,0,0,0,0,0,0,0,0,0,0,
+0,0,0,0,0,0,0,0,0,0,167,0,0,0,0,0,0,0,0,0,167,0,0,0,0,0,0,0,0,0,0,0,
+0,0,0,0,0,0,0,0,0,0,0,0,0,0,0,0,0,0,0,0,0,0,0,0,0,0,0,0,0,0,0,0,
+72,128,0,0,0,0,0,0,0,0,0,0,0,0,0,0,0,0,0,0,0,0,0,0,0,0,0,0,0,130,0,0,
+68,192,0,0,0,0,0,0,0,0,0,0,0,0,0,0,0,0,0,0,0,0,0,0,0,0,0,0,0,0,0,0,
+106,0,0,0,0,0,0,0,0,0,0,0,0,0,0,0,0,0,0,0,0,0,0,0,0,0,0,0,0,0,0,0,
+102,0,0,0,0,0,0,0,0,0,0,0,0,0,0,165,0,0,0,0,0,0,0,0,0,0,0,0,0,0,0,0,
+106,0,0,0,0,0,0,0,0,0,0,0,0,0,0,0,0,0,0,0,0,0,0,0,0,0,0,0,0,0,0,0,
+64,192,0,0,0,0,0,0,0,0,0,0,0,0,0,0,0,0,0,0,0,0,0,0,0,0,0,0,0,0,0,0,
+73,128,0,0,0,0,0,0,0,0,0,0,0,0,0,0,0,0,0,0,0,0,0,0,0,0,0,0,0,130,0,0,
+0,0,0,0,0,0,0,0,0,0,0,0,0,0,0,0,0,0,0,0,0,0,0,0,0,0,0,0,0,0,0,0,
+0,0,0,0,0,0,0,0,0,0,167,0,0,0,0,0,0,0,0,0,167,0,0,0,0,0,0,0,0,0,0,0,
+0,0,0,0,0,0,0,0,0,0,0,0,0,0,0,0,0,0,0,0,0,0,0,0,0,0,0,0,0,0,0,0,
+0,0,0,0,0,0,0,0,0,0,0,0,0,0,0,0,0,0,0,0,0,0,0,0,0,0,0,0,0,0,0,0,
+0,0,0,0,0,0,0,0,0,0,0,0,0,0,0,0,0,0,0,0,0,0,0,0,0,0,0,0,0,0,0,0,
+0,0,0,0,0,0,0,0,0,0,0,0,0,0,0,0,0,0,0,0,0,0,0,0,0,0,0,0,0,0,0,0,
+0,0,0,0,0,0,0,0,0,0,0,0,0,0,0,0,0,0,0,0,0,0,0,0,0,0,0,0,0,0,0,0,
+0,0,0,0,0,0,0,0,0,0,0,0,0,0,0,0,0,0,0,0,0,0,0,0,0,0,0,0,0,0,0,0,
+0,0,0,0,0,0,0,0,0,0,0,0,0,0,0,0,0,0,0,0,0,0,0,0,0,0,0,0,0,0,0,0,
+0,0,0,0,0,0,0,0,0,0,0,0,0,0,0,0,0,0,0,0,0,0,0,0,0,0,0,0,0,0,0,0,
+0,0,0,0,0,0,0,0,0,0,0,0,0,0,0,0,0,0,0,0,0,0,0,0,0,0,0,0,0,0,0,0,
+0,0,0,0,0,0,0,0,0,0,0,0,74,99,103,113,103,99,73,0,0,0,0,0,0,0,0,0,0,0,0,0,
+0,0,0,0,0,0,0,0,0,0,0,0,0,0,0,0,0,0,0,0,0,0,0,0,0,0,0,0,0,0,0,0,
+0,0,0,0,0,0,0,0,0,0,0,0,0,0,0,0,0,0,0,0,0,0,0,0,0,0,0,0,0,0,0,0,
+0,0,0,0,0,0,0,0,0,0,0,0,0,0,0,0,0,0,0,0,0,0,0,0,0,0,0,0,0,0,0,0,
+0,0,0,0,0,0,0,0,0,0,0,0,0,0,0,0,0,0,0,0,0,0,0,0,0,0,0,0,0,0,0,0,
+0,0,0,0,0,0,0,0,0,0,0,0,0,0,0,0,0,0,0,0,0,0,0,0,0,0,0,0,0,0,0,0,
+0,0,0,0,0,0,0,0,0,0,0,0,0,0,0,0,0,0,0,0,0,0,0,0,0,0,0,0,0,0,0,0,
+0,0,0,0,0,0,0,0,0,0,0,0,0,285,0,0,0,0,0,0,0,0,0,0,0,0,0,0,0,0,0,0,
+0,0,0,0,0,0,0,0,0,0,0,0,0,0,0,0,0,0,0,0,0,0,0,0,0,0,0,0,0,0,0,0,
+0,0,0,0,0,0,0,0,0,0,0,0,0,0,0,0,0,0,0,0,0,0,0,0,0,0,0,0,0,0,0,0
+
+[layer]
+type=collision
+data=
+3,3,3,3,3,3,3,3,3,3,3,2,2,2,2,2,2,2,2,2,3,3,3,3,3,3,3,3,3,3,3,3,
+3,3,3,3,3,3,3,3,3,3,3,2,0,0,0,0,0,0,0,2,3,3,3,3,3,3,3,3,3,3,3,3,
+3,3,3,3,3,3,3,3,3,3,3,2,0,0,1,1,1,1,0,2,3,3,3,3,3,3,3,3,3,3,3,3,
+3,3,3,3,3,3,3,3,3,3,3,2,0,0,1,1,1,1,0,2,3,3,3,3,3,3,3,3,3,3,3,3,
+3,3,3,3,3,3,3,3,3,3,3,2,0,0,1,1,1,1,0,2,3,3,3,3,3,3,3,3,3,3,3,3,
+3,3,3,3,3,3,3,3,3,3,3,2,0,0,1,0,0,1,0,2,3,3,3,3,3,3,3,3,3,3,3,3,
+3,3,3,3,3,3,3,3,3,3,3,2,0,0,0,0,0,0,0,2,3,3,3,3,3,3,3,3,3,3,3,3,
+3,3,3,3,3,3,3,3,3,3,3,2,0,0,0,0,0,0,0,2,3,3,3,3,3,3,3,3,3,3,3,3,
+3,3,3,3,3,3,3,3,3,3,3,2,0,0,0,0,0,0,0,2,3,3,3,3,3,3,3,3,3,3,3,3,
+3,3,3,3,3,3,3,3,3,3,3,2,0,0,0,0,0,0,0,2,3,3,3,3,3,3,3,3,3,3,3,3,
+3,3,3,3,3,3,3,3,3,3,3,2,1,1,1,0,1,1,1,2,3,3,3,3,3,3,3,3,3,3,3,3,
+3,3,3,3,3,3,3,3,2,2,2,2,0,0,0,0,0,0,0,2,2,2,2,3,3,3,3,3,3,3,3,3,
+3,3,3,3,3,3,2,2,2,0,0,0,0,0,0,0,0,0,0,0,0,0,2,2,2,3,3,3,3,3,3,3,
+3,3,3,3,3,2,2,0,0,0,0,0,0,0,0,0,0,0,0,0,0,0,0,0,2,2,3,3,3,3,3,3,
+3,3,3,3,2,2,0,0,0,0,0,0,0,0,0,0,0,0,0,0,0,0,0,0,0,2,2,3,3,3,3,3,
+3,3,3,2,2,0,0,0,0,0,0,0,0,0,0,0,0,0,0,0,0,0,0,0,0,0,2,2,3,3,3,3,
+3,3,2,2,0,0,0,0,0,0,0,0,0,0,0,0,0,0,0,0,0,0,0,0,0,0,0,2,2,3,3,3,
+3,3,2,0,0,0,0,0,0,0,0,0,0,0,0,0,0,0,0,0,0,0,0,0,0,0,0,0,2,3,3,3,
+3,2,2,0,0,0,0,0,0,0,0,0,0,0,0,0,0,0,0,0,0,0,0,0,0,0,0,0,2,2,3,3,
+3,2,0,0,0,0,0,0,0,0,0,0,0,0,0,0,0,0,0,0,0,0,0,0,0,0,0,0,0,2,3,3,
+3,2,0,0,0,0,0,0,0,0,4,0,0,0,0,0,0,0,0,0,4,0,0,0,0,0,0,0,0,2,3,3,
+2,2,0,0,0,0,0,0,0,0,0,0,0,0,0,0,0,0,0,0,0,0,0,0,0,0,0,0,0,2,2,2,
+1,1,0,0,0,0,0,0,0,0,0,0,0,0,0,0,0,0,0,0,0,0,0,0,0,0,0,0,0,1,0,2,
+1,4,0,0,0,0,0,0,0,0,0,0,0,0,0,0,0,0,0,0,0,0,0,0,0,0,0,0,0,0,0,2,
+1,0,0,0,0,0,0,0,0,0,0,0,0,0,0,0,0,0,0,0,0,0,0,0,0,0,0,0,0,0,0,2,
+1,0,0,0,0,0,0,0,0,0,0,0,0,0,0,4,0,0,0,0,0,0,0,0,0,0,0,0,0,0,0,2,
+1,0,0,0,0,0,0,0,0,0,0,0,0,0,0,0,0,0,0,0,0,0,0,0,0,0,0,0,0,0,0,2,
+1,4,0,0,0,0,0,0,0,0,0,0,0,0,0,0,0,0,0,0,0,0,0,0,0,0,0,0,0,0,0,2,
+1,1,0,0,0,0,0,0,0,0,0,0,0,0,0,0,0,0,0,0,0,0,0,0,0,0,0,0,0,1,0,2,
+2,2,0,0,0,0,0,0,0,0,0,0,0,0,0,0,0,0,0,0,0,0,0,0,0,0,0,0,0,2,2,2,
+3,2,0,0,0,0,0,0,0,0,4,0,0,0,0,0,0,0,0,0,4,0,0,0,0,0,0,0,0,2,3,3,
+3,2,0,0,0,0,0,0,0,0,0,0,0,0,0,0,0,0,0,0,0,0,0,0,0,0,0,0,0,2,3,3,
+3,2,2,0,0,0,0,0,0,0,0,0,0,0,0,0,0,0,0,0,0,0,0,0,0,0,0,0,2,2,3,3,
+3,3,2,0,0,0,0,0,0,0,0,0,0,0,0,0,0,0,0,0,0,0,0,0,0,0,0,0,2,3,3,3,
+3,3,2,2,0,0,0,0,0,0,0,0,0,0,0,0,0,0,0,0,0,0,0,0,0,0,0,2,2,3,3,3,
+3,3,3,2,2,0,0,0,0,0,0,0,0,0,0,0,0,0,0,0,0,0,0,0,0,0,2,2,3,3,3,3,
+3,3,3,3,2,2,0,0,0,0,0,0,0,0,0,0,0,0,0,0,0,0,0,0,0,2,2,3,3,3,3,3,
+3,3,3,3,3,2,2,0,0,0,0,0,0,0,0,0,0,0,0,0,0,0,0,0,2,2,3,3,3,3,3,3,
+3,3,3,3,3,3,2,2,2,0,0,0,0,0,0,0,0,0,0,0,0,0,2,2,2,3,3,3,3,3,3,3,
+3,3,3,3,3,3,3,3,2,2,2,2,0,0,0,0,0,0,0,2,2,2,2,3,3,3,3,3,3,3,3,3,
+3,3,3,3,3,3,3,3,3,3,3,2,1,1,1,0,1,1,1,2,3,3,3,3,3,3,3,3,3,3,3,3,
+3,3,3,3,3,3,3,3,3,3,3,2,0,0,0,0,0,0,0,2,3,3,3,3,3,3,3,3,3,3,3,3,
+3,3,3,3,3,3,3,3,3,3,3,2,0,0,0,0,0,0,0,2,3,3,3,3,3,3,3,3,3,3,3,3,
+3,3,3,3,3,3,3,3,3,3,3,2,0,0,0,0,0,0,0,2,3,3,3,3,3,3,3,3,3,3,3,3,
+3,3,3,3,3,3,3,3,3,3,3,2,0,1,1,1,1,0,0,2,3,3,3,3,3,3,3,3,3,3,3,3,
+3,3,3,3,3,3,3,3,3,3,3,2,0,1,1,1,0,0,0,2,3,3,3,3,3,3,3,3,3,3,3,3,
+3,3,3,3,3,3,3,3,3,3,3,2,0,1,1,1,0,0,0,2,3,3,3,3,3,3,3,3,3,3,3,3,
+3,3,3,3,3,3,3,3,3,3,3,2,0,1,1,1,1,0,0,2,3,3,3,3,3,3,3,3,3,3,3,3,
+3,3,3,3,3,3,3,3,3,3,3,2,0,0,0,0,0,0,0,2,3,3,3,3,3,3,3,3,3,3,3,3,
+3,3,3,3,3,3,3,3,3,3,3,2,2,2,2,2,2,2,2,2,3,3,3,3,3,3,3,3,3,3,3,3
+
diff --git a/tiled/dungeon/book_of_the_dead.tmx b/tiled/dungeon/book_of_the_dead.tmx
index 8f51f8098afd5b45c03c7195e7a21d8503ff3e7a..bbe60c0b5843b48b01b9b78cc529303cc6b336af 100644
--- a/tiled/dungeon/book_of_the_dead.tmx
+++ b/tiled/dungeon/book_of_the_dead.tmx
@@ -54,13 +54,13 @@
 0,0,24,28,16,51,16,16,16,16,16,16,16,16,16,51,16,16,16,16,16,16,16,16,16,51,16,29,25,49,0,0,
 0,0,20,16,51,16,16,16,16,16,16,16,16,16,16,51,16,16,16,16,16,16,16,16,16,16,51,16,22,49,0,0,
 0,0,20,16,51,16,16,16,16,16,16,16,16,16,16,51,16,16,16,16,16,16,16,16,16,16,51,16,22,49,0,0,
-21,21,28,51,16,16,16,16,16,16,16,16,16,16,16,51,16,16,16,16,16,16,16,16,16,16,16,51,29,21,21,0,
-16,16,16,51,16,16,16,16,16,16,16,16,16,16,16,16,16,16,16,16,16,16,16,16,16,16,16,51,16,16,0,0,
-16,16,16,51,16,16,16,16,16,16,16,16,16,16,16,16,16,16,16,16,16,16,16,16,16,16,16,51,16,16,0,0,
-16,16,16,51,16,16,51,51,51,51,51,51,51,16,16,16,16,16,51,51,51,51,51,51,51,16,16,51,16,16,0,0,
-16,16,16,51,16,16,16,16,16,16,16,16,16,16,16,16,16,16,16,16,16,16,16,16,16,16,16,51,16,16,0,0,
-16,16,16,51,16,16,16,16,16,16,16,16,16,16,16,16,16,16,16,16,16,16,16,16,16,16,16,51,16,16,0,0,
-23,23,31,51,16,16,16,16,16,16,16,16,16,16,16,51,16,16,16,16,16,16,16,16,16,16,16,51,30,23,23,0,
+21,21,28,51,16,16,16,16,16,16,16,16,16,16,16,51,16,16,16,16,16,16,16,16,16,16,16,51,29,21,25,49,
+16,16,16,51,16,16,16,16,16,16,16,16,16,16,16,16,16,16,16,16,16,16,16,16,16,16,16,51,16,16,22,49,
+16,16,16,51,16,16,16,16,16,16,16,16,16,16,16,16,16,16,16,16,16,16,16,16,16,16,16,51,16,16,22,49,
+16,16,16,51,16,16,51,51,51,51,51,51,51,16,16,16,16,16,51,51,51,51,51,51,51,16,16,51,16,16,22,49,
+16,16,16,51,16,16,16,16,16,16,16,16,16,16,16,16,16,16,16,16,16,16,16,16,16,16,16,51,16,16,22,49,
+16,16,16,51,16,16,16,16,16,16,16,16,16,16,16,16,16,16,16,16,16,16,16,16,16,16,16,51,16,16,22,49,
+23,23,31,51,16,16,16,16,16,16,16,16,16,16,16,51,16,16,16,16,16,16,16,16,16,16,16,51,30,23,26,49,
 50,50,20,16,51,16,16,16,16,16,16,16,16,16,16,51,16,16,16,16,16,16,16,16,16,16,51,16,22,48,50,0,
 0,0,20,16,51,16,16,16,16,16,16,16,16,16,16,51,16,16,16,16,16,16,16,16,16,16,51,16,22,49,0,0,
 0,0,27,31,16,51,16,16,16,16,16,16,16,16,16,51,16,16,16,16,16,16,16,16,16,51,16,30,26,49,0,0,
@@ -108,13 +108,13 @@
 0,0,0,0,0,0,0,0,0,0,0,0,0,0,0,0,0,0,0,0,0,0,0,0,0,0,0,0,0,0,0,0,
 0,0,0,0,0,0,0,0,0,0,167,0,0,0,0,0,0,0,0,0,167,0,0,0,0,0,0,0,0,0,0,0,
 0,0,0,0,0,0,0,0,0,0,0,0,0,0,0,0,0,0,0,0,0,0,0,0,0,0,0,0,0,0,0,0,
-72,128,0,0,0,0,0,0,0,0,0,0,0,0,0,0,0,0,0,0,0,0,0,0,0,0,0,0,0,130,91,0,
-68,192,0,0,0,0,0,0,0,0,0,0,0,0,0,0,0,0,0,0,0,0,0,0,0,0,0,0,0,0,82,0,
-106,0,0,0,0,0,0,0,0,0,0,0,0,0,0,0,0,0,0,0,0,0,0,0,0,0,0,0,0,0,82,0,
-102,0,0,0,0,0,0,0,0,0,0,0,0,0,0,165,0,0,0,0,0,0,0,0,0,0,0,0,0,0,82,0,
-106,0,0,0,0,0,0,0,0,0,0,0,0,0,0,0,0,0,0,0,0,0,0,0,0,0,0,0,0,0,82,0,
-64,192,0,0,0,0,0,0,0,0,0,0,0,0,0,0,0,0,0,0,0,0,0,0,0,0,0,0,0,0,82,0,
-73,128,0,0,0,0,0,0,0,0,0,0,0,0,0,0,0,0,0,0,0,0,0,0,0,0,0,0,0,130,90,0,
+72,128,0,0,0,0,0,0,0,0,0,0,0,0,0,0,0,0,0,0,0,0,0,0,0,0,0,0,0,130,0,0,
+68,192,0,0,0,0,0,0,0,0,0,0,0,0,0,0,0,0,0,0,0,0,0,0,0,0,0,0,0,0,0,0,
+106,0,0,0,0,0,0,0,0,0,0,0,0,0,0,0,0,0,0,0,0,0,0,0,0,0,0,0,0,0,0,0,
+102,0,0,0,0,0,0,0,0,0,0,0,0,0,0,165,0,0,0,0,0,0,0,0,0,0,0,0,0,0,0,0,
+106,0,0,0,0,0,0,0,0,0,0,0,0,0,0,0,0,0,0,0,0,0,0,0,0,0,0,0,0,0,0,0,
+64,192,0,0,0,0,0,0,0,0,0,0,0,0,0,0,0,0,0,0,0,0,0,0,0,0,0,0,0,0,0,0,
+73,128,0,0,0,0,0,0,0,0,0,0,0,0,0,0,0,0,0,0,0,0,0,0,0,0,0,0,0,130,0,0,
 0,0,0,0,0,0,0,0,0,0,0,0,0,0,0,0,0,0,0,0,0,0,0,0,0,0,0,0,0,0,0,0,
 0,0,0,0,0,0,0,0,0,0,167,0,0,0,0,0,0,0,0,0,167,0,0,0,0,0,0,0,0,0,0,0,
 0,0,0,0,0,0,0,0,0,0,0,0,0,0,0,0,0,0,0,0,0,0,0,0,0,0,0,0,0,0,0,0,
@@ -138,19 +138,19 @@
 0,0,0,0,0,0,0,0,0,0,0,0,0,0,0,0,0,0,0,0,0,0,0,0,0,0,0,0,0,0,0,0
 </data>
  </layer>
- <layer name="collision" width="32" height="50" visible="0">
+ <layer name="collision" width="32" height="50">
   <data encoding="csv">
 3,3,3,3,3,3,3,3,3,3,3,2,2,2,2,2,2,2,2,2,3,3,3,3,3,3,3,3,3,3,3,3,
 3,3,3,3,3,3,3,3,3,3,3,2,0,0,0,0,0,0,0,2,3,3,3,3,3,3,3,3,3,3,3,3,
+3,3,3,3,3,3,3,3,3,3,3,2,0,0,1,1,1,1,0,2,3,3,3,3,3,3,3,3,3,3,3,3,
+3,3,3,3,3,3,3,3,3,3,3,2,0,0,1,1,1,1,0,2,3,3,3,3,3,3,3,3,3,3,3,3,
+3,3,3,3,3,3,3,3,3,3,3,2,0,0,1,1,1,1,0,2,3,3,3,3,3,3,3,3,3,3,3,3,
+3,3,3,3,3,3,3,3,3,3,3,2,0,0,1,0,0,1,0,2,3,3,3,3,3,3,3,3,3,3,3,3,
 3,3,3,3,3,3,3,3,3,3,3,2,0,0,0,0,0,0,0,2,3,3,3,3,3,3,3,3,3,3,3,3,
 3,3,3,3,3,3,3,3,3,3,3,2,0,0,0,0,0,0,0,2,3,3,3,3,3,3,3,3,3,3,3,3,
 3,3,3,3,3,3,3,3,3,3,3,2,0,0,0,0,0,0,0,2,3,3,3,3,3,3,3,3,3,3,3,3,
 3,3,3,3,3,3,3,3,3,3,3,2,0,0,0,0,0,0,0,2,3,3,3,3,3,3,3,3,3,3,3,3,
-3,3,3,3,3,3,3,3,3,3,3,2,0,0,0,0,0,0,0,2,3,3,3,3,3,3,3,3,3,3,3,3,
-3,3,3,3,3,3,3,3,3,3,3,2,0,0,0,0,0,0,0,2,3,3,3,3,3,3,3,3,3,3,3,3,
-3,3,3,3,3,3,3,3,3,3,3,2,0,0,0,0,0,0,0,2,3,3,3,3,3,3,3,3,3,3,3,3,
-3,3,3,3,3,3,3,3,3,3,3,2,0,0,0,0,0,0,0,2,3,3,3,3,3,3,3,3,3,3,3,3,
-3,3,3,3,3,3,3,3,3,3,3,2,1,1,1,1,1,1,1,2,3,3,3,3,3,3,3,3,3,3,3,3,
+3,3,3,3,3,3,3,3,3,3,3,2,1,1,1,0,1,1,1,2,3,3,3,3,3,3,3,3,3,3,3,3,
 3,3,3,3,3,3,3,3,2,2,2,2,0,0,0,0,0,0,0,2,2,2,2,3,3,3,3,3,3,3,3,3,
 3,3,3,3,3,3,2,2,2,0,0,0,0,0,0,0,0,0,0,0,0,0,2,2,2,3,3,3,3,3,3,3,
 3,3,3,3,3,2,2,0,0,0,0,0,0,0,0,0,0,0,0,0,0,0,0,0,2,2,3,3,3,3,3,3,
@@ -160,17 +160,17 @@
 3,3,2,0,0,0,0,0,0,0,0,0,0,0,0,0,0,0,0,0,0,0,0,0,0,0,0,0,2,3,3,3,
 3,2,2,0,0,0,0,0,0,0,0,0,0,0,0,0,0,0,0,0,0,0,0,0,0,0,0,0,2,2,3,3,
 3,2,0,0,0,0,0,0,0,0,0,0,0,0,0,0,0,0,0,0,0,0,0,0,0,0,0,0,0,2,3,3,
-3,2,0,0,0,0,0,0,0,0,0,0,0,0,0,0,0,0,0,0,0,0,0,0,0,0,0,0,0,2,3,3,
-2,2,0,0,0,0,0,0,0,0,0,0,0,0,0,0,0,0,0,0,0,0,0,0,0,0,0,0,0,2,2,3,
-1,0,0,0,0,0,0,0,0,0,0,0,0,0,0,0,0,0,0,0,0,0,0,0,0,0,0,0,0,0,1,3,
-1,0,0,0,0,0,0,0,0,0,0,0,0,0,0,0,0,0,0,0,0,0,0,0,0,0,0,0,0,0,1,3,
-1,0,0,0,0,0,0,0,0,0,0,0,0,0,0,0,0,0,0,0,0,0,0,0,0,0,0,0,0,0,1,3,
-1,0,0,0,0,0,0,0,0,0,0,0,0,0,0,0,0,0,0,0,0,0,0,0,0,0,0,0,0,0,1,3,
-1,0,0,0,0,0,0,0,0,0,0,0,0,0,0,0,0,0,0,0,0,0,0,0,0,0,0,0,0,0,1,3,
-1,0,0,0,0,0,0,0,0,0,0,0,0,0,0,0,0,0,0,0,0,0,0,0,0,0,0,0,0,0,1,3,
-1,0,0,0,0,0,0,0,0,0,0,0,0,0,0,0,0,0,0,0,0,0,0,0,0,0,0,0,0,0,1,3,
-2,2,0,0,0,0,0,0,0,0,0,0,0,0,0,0,0,0,0,0,0,0,0,0,0,0,0,0,0,2,2,3,
-3,2,0,0,0,0,0,0,0,0,0,0,0,0,0,0,0,0,0,0,0,0,0,0,0,0,0,0,0,2,3,3,
+3,2,0,0,0,0,0,0,0,0,4,0,0,0,0,0,0,0,0,0,4,0,0,0,0,0,0,0,0,2,3,3,
+2,2,0,0,0,0,0,0,0,0,0,0,0,0,0,0,0,0,0,0,0,0,0,0,0,0,0,0,0,2,2,2,
+1,1,0,0,0,0,0,0,0,0,0,0,0,0,0,0,0,0,0,0,0,0,0,0,0,0,0,0,0,1,0,2,
+1,4,0,0,0,0,0,0,0,0,0,0,0,0,0,0,0,0,0,0,0,0,0,0,0,0,0,0,0,0,0,2,
+1,0,0,0,0,0,0,0,0,0,0,0,0,0,0,0,0,0,0,0,0,0,0,0,0,0,0,0,0,0,0,2,
+1,0,0,0,0,0,0,0,0,0,0,0,0,0,0,4,0,0,0,0,0,0,0,0,0,0,0,0,0,0,0,2,
+1,0,0,0,0,0,0,0,0,0,0,0,0,0,0,0,0,0,0,0,0,0,0,0,0,0,0,0,0,0,0,2,
+1,4,0,0,0,0,0,0,0,0,0,0,0,0,0,0,0,0,0,0,0,0,0,0,0,0,0,0,0,0,0,2,
+1,1,0,0,0,0,0,0,0,0,0,0,0,0,0,0,0,0,0,0,0,0,0,0,0,0,0,0,0,1,0,2,
+2,2,0,0,0,0,0,0,0,0,0,0,0,0,0,0,0,0,0,0,0,0,0,0,0,0,0,0,0,2,2,2,
+3,2,0,0,0,0,0,0,0,0,4,0,0,0,0,0,0,0,0,0,4,0,0,0,0,0,0,0,0,2,3,3,
 3,2,0,0,0,0,0,0,0,0,0,0,0,0,0,0,0,0,0,0,0,0,0,0,0,0,0,0,0,2,3,3,
 3,2,2,0,0,0,0,0,0,0,0,0,0,0,0,0,0,0,0,0,0,0,0,0,0,0,0,0,2,2,3,3,
 3,3,2,0,0,0,0,0,0,0,0,0,0,0,0,0,0,0,0,0,0,0,0,0,0,0,0,0,2,3,3,3,
@@ -180,14 +180,14 @@
 3,3,3,3,3,2,2,0,0,0,0,0,0,0,0,0,0,0,0,0,0,0,0,0,2,2,3,3,3,3,3,3,
 3,3,3,3,3,3,2,2,2,0,0,0,0,0,0,0,0,0,0,0,0,0,2,2,2,3,3,3,3,3,3,3,
 3,3,3,3,3,3,3,3,2,2,2,2,0,0,0,0,0,0,0,2,2,2,2,3,3,3,3,3,3,3,3,3,
-3,3,3,3,3,3,3,3,3,3,3,2,1,1,1,1,1,1,1,2,3,3,3,3,3,3,3,3,3,3,3,3,
-3,3,3,3,3,3,3,3,3,3,3,2,0,0,0,0,0,0,0,2,3,3,3,3,3,3,3,3,3,3,3,3,
-3,3,3,3,3,3,3,3,3,3,3,2,0,0,0,0,0,0,0,2,3,3,3,3,3,3,3,3,3,3,3,3,
-3,3,3,3,3,3,3,3,3,3,3,2,0,0,0,0,0,0,0,2,3,3,3,3,3,3,3,3,3,3,3,3,
-3,3,3,3,3,3,3,3,3,3,3,2,0,0,0,0,0,0,0,2,3,3,3,3,3,3,3,3,3,3,3,3,
+3,3,3,3,3,3,3,3,3,3,3,2,1,1,1,0,1,1,1,2,3,3,3,3,3,3,3,3,3,3,3,3,
 3,3,3,3,3,3,3,3,3,3,3,2,0,0,0,0,0,0,0,2,3,3,3,3,3,3,3,3,3,3,3,3,
 3,3,3,3,3,3,3,3,3,3,3,2,0,0,0,0,0,0,0,2,3,3,3,3,3,3,3,3,3,3,3,3,
 3,3,3,3,3,3,3,3,3,3,3,2,0,0,0,0,0,0,0,2,3,3,3,3,3,3,3,3,3,3,3,3,
+3,3,3,3,3,3,3,3,3,3,3,2,0,1,1,1,1,0,0,2,3,3,3,3,3,3,3,3,3,3,3,3,
+3,3,3,3,3,3,3,3,3,3,3,2,0,1,1,1,0,0,0,2,3,3,3,3,3,3,3,3,3,3,3,3,
+3,3,3,3,3,3,3,3,3,3,3,2,0,1,1,1,0,0,0,2,3,3,3,3,3,3,3,3,3,3,3,3,
+3,3,3,3,3,3,3,3,3,3,3,2,0,1,1,1,1,0,0,2,3,3,3,3,3,3,3,3,3,3,3,3,
 3,3,3,3,3,3,3,3,3,3,3,2,0,0,0,0,0,0,0,2,3,3,3,3,3,3,3,3,3,3,3,3,
 3,3,3,3,3,3,3,3,3,3,3,2,2,2,2,2,2,2,2,2,3,3,3,3,3,3,3,3,3,3,3,3
 </data>
