diff --git a/mods/empyrean_campaign/maps/arrival.txt b/mods/empyrean_campaign/maps/arrival.txt
index 895aa522bc7d9548d72400d7b70828c350fd4579..5668ede389d37511adb2c0af7ed4e395c5c8b249 100644
--- a/mods/empyrean_campaign/maps/arrival.txt
+++ b/mods/empyrean_campaign/maps/arrival.txt
@@ -1,169 +1,196 @@
-[header]
-width=40
-height=40
-tilewidth=64
-tileheight=32
-music=music/wind_ambient.ogg
-tileset=tilesetdefs/tileset_grassland.txt
-title=Arrival
-
-[tilesets]
-tileset=../../../../flare-game/tiled/grassland/tiled_collision.png,64,32,0,0
-tileset=../../../../flare-game/tiled/grassland/grassland.png,64,128,0,0
-tileset=../../../../flare-game/tiled/grassland/grassland_water.png,64,64,0,32
-tileset=../../../../flare-game/tiled/grassland/grassland_structures.png,64,256,0,0
-tileset=../../../../flare-game/tiled/grassland/grassland_trees.png,128,256,-32,0
-tileset=../../../../flare-game/tiled/grassland/set_rules.png,64,32,0,0
-tileset=../../../../flare-game/tiled/grassland/tiled_grassland_2x2.png,128,64,0,16
-
-[layer]
-type=background
-data=
-0,0,0,0,0,0,0,0,0,0,0,0,0,0,0,0,0,0,0,0,0,0,0,0,0,0,0,0,0,0,0,0,0,0,0,0,0,0,0,0,
-0,0,0,0,0,0,0,0,0,0,0,0,0,18,19,16,17,18,19,0,0,0,0,0,0,0,0,0,0,0,0,0,0,0,0,0,0,0,0,0,
-0,0,0,0,0,0,0,0,21,22,23,20,21,22,23,20,21,22,23,20,21,22,0,0,0,0,0,0,0,0,0,0,0,0,0,0,0,0,0,0,
-0,0,0,0,0,0,0,24,25,26,27,24,25,26,27,24,25,26,27,24,25,26,27,24,25,26,0,0,0,0,0,0,0,0,0,0,0,0,0,0,
-0,0,0,0,0,0,0,28,29,30,31,28,29,30,31,28,29,30,31,28,29,30,31,28,29,30,31,28,0,0,0,0,0,0,0,0,0,0,0,0,
-0,0,0,0,0,0,0,16,17,18,19,16,17,18,19,16,17,18,19,16,17,18,19,16,17,18,19,16,17,0,0,0,0,0,0,0,0,0,0,0,
-0,0,0,0,0,0,23,20,21,22,23,20,0,0,0,0,0,0,0,0,0,22,23,20,21,22,23,20,21,22,23,0,0,0,0,0,0,0,0,0,
-0,0,0,0,0,26,27,24,25,26,27,0,0,0,0,0,0,0,0,0,0,0,27,24,25,26,27,24,25,26,27,24,25,0,0,0,0,0,0,0,
-0,0,0,0,29,30,31,28,29,30,0,0,0,0,0,0,0,30,0,0,0,0,0,28,29,30,31,28,29,30,31,28,29,30,0,0,0,0,0,0,
-0,0,0,0,17,18,19,16,17,0,0,0,0,0,0,16,17,18,0,0,0,0,0,0,17,18,19,0,0,18,19,16,17,18,0,0,0,0,0,0,
-0,0,0,20,21,22,23,20,21,0,0,0,0,0,23,20,21,22,23,20,21,22,0,0,21,22,23,20,0,0,0,20,21,22,23,0,0,0,0,0,
-0,0,0,24,25,26,27,24,25,0,0,0,0,26,27,24,25,26,27,24,25,26,27,24,25,26,27,24,25,0,0,24,25,26,27,0,0,0,0,0,
-0,0,0,28,29,30,31,28,29,0,0,0,29,30,31,28,29,30,31,28,29,30,31,28,29,30,31,28,29,30,0,0,29,30,31,28,0,0,0,0,
-0,0,0,16,17,18,19,16,0,0,0,16,17,18,19,16,156,149,145,145,153,18,19,16,17,18,19,16,17,18,0,0,0,18,19,16,0,0,0,0,
-0,0,0,0,21,22,23,20,21,0,0,20,21,22,23,152,164,176,176,176,161,145,149,145,153,22,23,20,21,22,0,0,0,22,23,20,21,0,0,0,
-0,0,0,0,25,26,27,24,25,0,0,24,25,26,27,148,176,162,151,147,167,176,179,176,165,153,27,24,25,26,27,0,0,0,27,24,25,0,0,0,
-0,0,0,0,0,30,31,28,29,30,31,28,29,30,31,159,151,158,31,28,159,147,163,180,176,165,157,28,29,30,31,0,0,0,31,28,29,30,0,0,
-0,0,0,0,0,18,19,16,17,18,19,16,17,18,19,16,17,18,19,16,17,18,155,163,182,176,146,16,17,18,19,0,0,0,19,16,17,18,0,0,
-0,0,0,0,0,22,23,20,21,22,23,20,21,22,23,20,21,22,23,20,21,22,23,159,163,176,146,20,21,22,23,0,0,0,23,20,21,22,0,0,
-0,0,0,0,0,26,27,24,25,26,27,24,25,26,27,24,25,26,27,0,0,26,27,24,148,176,146,24,25,0,0,0,0,0,27,24,25,0,0,0,
-0,0,0,0,29,30,31,28,29,30,31,28,29,30,156,149,157,30,31,264,0,30,31,28,148,166,158,28,29,0,0,0,0,0,31,28,29,0,0,0,
-0,0,0,0,17,18,19,16,17,18,19,16,17,18,155,163,146,18,19,16,17,18,19,16,159,158,19,16,17,18,19,16,17,18,19,16,17,0,0,0,
-0,0,0,0,21,22,23,20,21,22,23,20,21,22,23,144,165,145,153,20,21,22,23,20,21,22,23,20,21,22,23,20,21,22,23,20,0,0,0,0,
-0,0,0,24,25,26,27,24,25,0,0,24,25,26,27,155,147,163,161,149,145,157,27,24,25,26,27,24,25,26,27,24,25,26,27,24,0,0,0,0,
-0,0,0,28,29,30,31,28,29,0,0,0,29,30,31,28,29,155,163,176,166,158,31,28,29,30,31,28,29,30,31,28,29,0,0,0,0,0,0,0,
-0,0,0,16,17,18,19,16,17,0,0,0,0,18,19,16,17,18,155,147,154,18,19,16,17,18,19,16,17,18,19,16,0,0,0,0,0,0,0,0,
-0,0,0,0,21,22,23,20,21,22,0,0,0,0,0,20,21,22,23,20,21,22,23,20,21,22,23,20,21,22,23,0,0,0,0,0,0,0,0,0,
-0,0,0,0,0,26,27,24,25,26,0,0,25,0,0,0,25,26,27,24,25,26,27,24,25,26,27,24,0,0,0,0,0,0,0,0,0,0,0,0,
-0,0,0,0,0,30,31,28,29,30,31,28,29,30,31,0,0,0,31,28,29,0,0,28,29,30,31,28,29,0,0,0,0,0,0,0,0,0,0,0,
-0,0,0,0,0,0,19,16,17,18,19,16,17,18,19,0,0,0,0,16,17,0,0,16,17,18,19,16,17,18,19,16,17,0,0,0,0,0,0,0,
-0,0,0,0,0,0,23,20,21,22,23,20,21,22,23,20,0,0,0,0,0,0,0,20,21,22,23,20,21,22,23,20,21,22,23,0,0,0,0,0,
-0,0,0,0,0,0,0,24,25,26,27,24,25,26,27,24,25,0,0,0,0,26,27,24,25,26,27,24,25,26,27,24,25,26,27,24,0,0,0,0,
-0,0,0,0,0,0,0,0,0,30,31,28,29,30,31,28,29,30,31,28,29,30,31,28,29,30,31,28,29,30,31,28,29,30,31,28,0,0,0,0,
-0,0,0,0,0,0,0,0,0,18,19,16,17,18,19,16,17,18,19,16,17,18,19,16,17,18,19,16,17,18,19,16,17,18,19,16,17,18,19,0,
-0,0,0,0,0,0,0,0,0,0,23,20,21,22,23,20,21,22,23,20,21,22,23,20,21,22,23,20,21,22,23,20,21,22,23,20,21,22,23,0,
-0,0,0,0,0,0,0,0,0,0,0,0,25,26,27,24,25,26,0,0,0,0,27,24,25,26,27,24,25,26,27,24,25,26,27,24,25,26,27,0,
-0,0,0,0,0,0,0,0,0,0,0,0,0,0,0,0,0,0,0,0,0,0,0,0,29,30,31,28,29,30,31,28,0,30,31,28,29,0,0,0,
-0,0,0,0,0,0,0,0,0,0,0,0,0,0,0,0,0,0,0,0,0,0,0,0,0,18,19,16,17,18,19,0,0,0,19,16,17,0,0,0,
-0,0,0,0,0,0,0,0,0,0,0,0,0,0,0,0,0,0,0,0,0,0,0,0,0,0,0,0,0,0,0,0,0,0,0,0,0,0,0,0,
-0,0,0,0,0,0,0,0,0,0,0,0,0,0,0,0,0,0,0,0,0,0,0,0,0,0,0,0,0,0,0,0,0,0,0,0,0,0,0,0
-
-[layer]
-type=object
-data=
-0,0,0,0,0,0,0,0,0,0,0,0,0,0,0,0,0,0,0,0,0,0,0,0,0,0,0,0,0,0,0,0,0,0,0,0,0,0,0,0,
-0,0,0,0,0,0,0,0,0,0,0,0,60,49,53,53,49,53,53,57,0,0,0,0,0,0,0,0,0,0,0,0,0,0,0,0,0,0,0,0,
-0,0,0,0,0,0,0,56,53,53,49,53,68,125,242,0,255,0,123,69,49,53,61,0,0,0,0,0,0,0,0,0,0,0,0,0,0,0,0,0,
-0,0,0,0,0,0,0,48,0,244,0,249,0,0,0,0,0,0,126,131,0,0,65,53,49,53,61,0,0,0,0,0,0,0,0,0,0,0,0,0,
-0,0,0,0,0,0,0,48,0,248,0,0,0,0,0,0,125,0,0,0,0,126,0,0,0,0,65,49,57,0,0,0,0,0,0,0,0,0,0,0,
-0,0,0,0,0,0,60,64,125,0,0,0,0,0,0,0,0,0,0,0,0,0,0,124,0,0,0,130,65,57,0,0,0,0,0,0,0,0,0,0,
-0,0,0,0,0,56,64,0,0,0,0,0,66,51,51,55,55,51,51,51,51,71,0,0,0,0,248,0,0,69,49,57,0,0,0,0,0,0,0,0,
-0,0,0,0,56,68,241,0,0,0,0,66,58,0,0,0,0,0,0,0,0,59,71,0,127,0,0,0,0,0,0,65,53,57,0,0,0,0,0,0,
-0,0,0,0,52,120,124,0,0,0,66,62,0,0,0,0,56,49,61,0,0,0,63,67,0,0,0,0,0,0,0,241,0,65,57,0,0,0,0,0,
-0,0,0,60,64,116,0,0,0,66,62,0,0,0,56,53,64,0,50,0,0,0,0,63,71,125,0,66,51,71,0,0,125,0,50,0,0,0,0,0,
-0,0,0,48,0,0,124,0,0,50,0,0,0,60,64,0,250,0,69,53,53,49,61,0,52,0,0,65,57,63,51,71,0,0,69,57,0,0,0,0,
-0,0,0,52,0,0,0,0,0,54,0,0,60,68,0,243,127,0,247,0,126,0,65,49,68,0,124,0,65,57,0,48,249,124,0,54,0,0,0,0,
-0,0,0,48,0,250,0,0,0,54,0,60,64,0,0,0,0,0,125,0,0,0,0,0,129,0,0,0,0,65,61,59,67,0,0,65,61,0,0,0,
-0,0,0,52,246,0,0,0,70,62,0,52,0,0,126,0,0,0,0,114,112,124,0,0,253,127,0,0,0,0,50,0,59,71,124,0,54,0,0,0,
-0,0,0,63,67,0,124,0,65,57,0,48,0,0,0,0,128,0,0,0,0,0,0,0,0,0,0,0,0,0,54,0,0,48,0,0,69,61,0,0,
-0,0,0,0,52,127,0,0,0,54,0,48,0,251,0,0,0,0,0,0,0,0,0,0,0,0,0,0,0,246,65,57,0,63,67,0,0,50,0,0,
-0,0,0,0,63,71,0,0,0,69,49,64,116,0,0,125,133,120,0,0,0,0,0,0,0,0,0,0,0,243,0,54,0,0,48,124,0,69,61,0,
-0,0,0,0,0,48,0,0,126,0,0,131,0,126,0,0,0,0,0,0,0,248,0,0,0,125,0,0,0,0,0,50,0,0,48,0,0,0,54,0,
-0,0,0,0,0,48,0,0,0,0,0,0,0,0,0,0,0,0,127,0,126,127,0,135,0,0,0,0,0,0,0,54,0,0,52,0,0,0,54,0,
-0,0,0,0,60,64,0,249,0,0,0,0,125,0,0,0,0,0,0,0,0,0,0,117,0,0,120,0,0,70,55,58,0,0,48,0,0,70,62,0,
-0,0,0,0,52,0,0,126,0,0,0,0,0,0,126,0,0,0,0,126,125,127,0,0,0,127,0,0,0,50,0,0,0,60,64,0,0,54,0,0,
-0,0,0,0,52,0,247,0,0,0,0,0,0,0,0,0,0,0,0,0,0,0,0,0,0,0,0,0,125,65,49,49,53,68,249,0,0,54,0,0,
-0,0,0,60,68,248,0,0,0,0,0,243,0,0,0,130,0,0,243,127,0,0,0,0,124,131,0,0,0,0,0,0,0,0,0,0,66,62,0,0,
-0,0,0,48,0,117,0,124,0,70,55,67,0,0,0,127,0,0,0,0,0,126,0,0,0,0,0,0,0,124,0,0,0,0,0,0,50,0,0,0,
-0,0,0,48,0,0,0,0,0,50,0,59,67,252,0,125,121,130,0,0,0,134,0,0,0,0,125,0,0,0,0,0,0,70,55,51,58,0,0,0,
-0,0,0,52,0,0,0,0,0,54,0,0,59,71,0,0,0,0,0,126,115,129,0,0,0,0,0,0,0,115,0,0,66,62,0,0,0,0,0,0,
-0,0,0,63,71,250,0,0,0,69,57,0,0,63,55,71,0,0,0,0,0,0,0,0,0,0,0,0,0,0,0,70,58,0,0,0,0,0,0,0,
-0,0,0,0,63,71,0,127,0,0,54,56,49,61,0,63,67,0,125,0,0,0,0,0,0,0,0,0,66,55,55,62,0,0,0,0,0,0,0,0,
-0,0,0,0,0,52,127,0,0,0,69,68,0,69,49,61,59,55,67,128,0,70,51,71,0,0,0,0,65,61,0,0,0,0,0,0,0,0,0,0,
-0,0,0,0,0,59,67,0,0,0,0,0,0,0,0,54,0,0,63,71,0,54,0,52,0,0,0,0,0,65,49,49,53,61,0,0,0,0,0,0,
-0,0,0,0,0,0,48,123,0,125,0,0,245,0,0,69,57,0,0,63,51,62,0,52,130,0,0,0,0,0,0,0,123,69,49,57,0,0,0,0,
-0,0,0,0,0,0,63,67,0,0,0,0,125,0,0,254,65,61,0,0,56,49,53,68,0,0,0,0,0,0,250,0,0,124,131,69,61,0,0,0,
-0,0,0,0,0,0,0,59,51,67,0,0,0,0,0,0,130,69,53,49,68,242,0,0,254,247,0,0,0,0,0,0,0,0,0,0,50,0,0,0,
-0,0,0,0,0,0,0,0,0,48,0,0,0,124,0,125,0,0,0,0,0,117,126,0,0,0,0,0,0,0,0,0,0,0,0,0,65,49,49,0,
-0,0,0,0,0,0,0,0,0,63,71,0,246,0,0,0,0,0,0,0,0,0,0,0,0,0,0,0,124,0,0,0,0,126,0,0,0,0,94,0,
-0,0,0,0,0,0,0,0,0,0,63,55,67,0,0,0,0,0,70,51,55,51,71,0,0,0,0,0,0,0,0,0,0,0,0,0,0,0,94,0,
-0,0,0,0,0,0,0,0,0,0,0,0,63,51,51,51,55,51,62,0,0,0,63,51,67,0,0,251,128,0,0,0,70,67,121,0,0,70,51,0,
-0,0,0,0,0,0,0,0,0,0,0,0,0,0,0,0,0,0,0,0,0,0,0,0,63,67,0,0,0,0,0,66,62,59,67,0,0,50,0,0,
-0,0,0,0,0,0,0,0,0,0,0,0,0,0,0,0,0,0,0,0,0,0,0,0,0,59,55,51,55,55,55,62,0,0,59,55,55,62,0,0,
-0,0,0,0,0,0,0,0,0,0,0,0,0,0,0,0,0,0,0,0,0,0,0,0,0,0,0,0,0,0,0,0,0,0,0,0,0,0,0,0
-
-[layer]
-type=collision
-data=
-3,3,3,3,3,3,3,3,3,3,3,3,3,3,3,3,3,3,3,3,3,3,3,3,3,3,3,3,3,3,3,3,3,3,3,3,3,3,3,3,
-3,3,3,3,3,3,3,3,3,3,3,3,1,1,1,1,1,1,1,1,3,3,3,3,3,3,3,3,3,3,3,3,3,3,3,3,3,3,3,3,
-3,3,3,3,3,3,3,1,1,1,1,1,1,0,3,0,3,0,0,1,1,1,1,3,3,3,3,3,3,3,3,3,3,3,3,3,3,3,3,3,
-3,3,3,3,3,3,3,1,0,3,0,3,0,0,0,0,0,0,0,4,0,0,1,1,1,1,1,3,3,3,3,3,3,3,3,3,3,3,3,3,
-3,3,3,3,3,3,3,1,0,3,0,0,0,0,0,0,0,0,0,0,0,0,0,0,0,0,1,1,1,3,3,3,3,3,3,3,3,3,3,3,
-3,3,3,3,3,3,1,1,0,0,0,0,0,0,0,0,0,0,0,0,0,0,0,0,0,0,0,4,1,1,3,3,3,3,3,3,3,3,3,3,
-3,3,3,3,3,1,1,0,0,0,0,0,1,1,1,1,1,1,1,1,1,1,0,0,0,0,3,0,0,1,1,1,3,3,3,3,3,3,3,3,
-3,3,3,3,1,1,3,0,0,0,0,1,1,1,1,1,1,1,1,1,1,1,1,0,0,0,0,0,0,0,0,1,1,1,3,3,3,3,3,3,
-3,3,3,3,1,0,0,0,0,0,1,1,1,1,1,1,1,1,1,1,1,1,1,1,0,0,0,0,0,0,0,3,0,1,1,3,3,3,3,3,
-3,3,3,1,1,0,0,0,0,1,1,1,1,1,1,1,1,0,1,1,1,1,1,1,1,0,0,1,1,1,0,0,0,0,1,3,3,3,3,3,
-3,3,3,1,0,0,0,0,0,1,1,1,1,1,1,0,3,0,1,1,1,1,1,1,1,0,0,1,1,1,1,1,0,0,1,1,3,3,3,3,
-3,3,3,1,0,0,0,0,0,1,1,1,1,1,0,3,0,0,3,0,0,0,1,1,1,0,0,0,1,1,1,1,3,0,0,1,3,3,3,3,
-3,3,3,1,0,3,0,0,0,1,1,1,1,0,0,0,0,0,0,0,0,0,0,0,0,0,0,0,0,1,1,1,1,0,0,1,1,3,3,3,
-3,3,3,1,3,0,0,0,1,1,1,1,0,0,0,0,2,2,2,2,2,0,0,0,3,0,0,0,0,0,1,1,1,1,0,0,1,3,3,3,
-3,3,3,1,1,0,0,0,1,1,1,1,0,0,0,2,2,2,2,2,2,2,2,2,2,0,0,0,0,0,1,1,1,1,0,0,1,1,3,3,
-3,3,3,3,1,0,0,0,0,1,1,1,0,3,0,2,2,2,2,2,2,2,2,2,2,2,0,0,0,3,1,1,1,1,1,0,0,1,3,3,
-3,3,3,3,1,1,0,0,0,1,1,1,0,0,0,2,3,2,0,0,2,2,2,2,2,2,2,0,0,3,0,1,1,1,1,0,0,1,1,3,
-3,3,3,3,3,1,0,0,0,0,0,4,0,0,0,0,0,0,0,0,0,3,2,2,2,2,2,0,0,0,0,1,1,1,1,0,0,0,1,3,
-3,3,3,3,3,1,0,0,0,0,0,0,0,0,0,0,0,0,0,0,0,0,0,3,2,2,2,0,0,0,0,1,1,1,1,0,0,0,1,3,
-3,3,3,3,1,1,0,3,0,0,0,0,0,0,0,0,0,0,0,0,0,0,0,0,2,2,2,0,0,1,1,1,1,1,1,0,0,1,1,3,
-3,3,3,3,1,0,0,0,0,0,0,0,0,0,2,2,2,0,0,0,0,0,0,0,2,2,2,0,0,1,1,1,1,1,1,0,0,1,3,3,
-3,3,3,3,1,0,3,0,0,0,0,0,0,0,2,2,2,0,0,0,0,0,0,0,2,2,0,0,0,1,1,1,1,1,3,0,0,1,3,3,
-3,3,3,1,1,3,0,0,0,0,0,3,0,0,0,2,2,2,3,0,0,0,0,0,0,4,0,0,0,0,0,0,0,0,0,0,1,1,3,3,
-3,3,3,1,0,0,0,0,0,1,1,1,0,0,0,2,2,2,2,2,2,0,0,0,0,0,0,0,0,0,0,0,0,0,0,0,1,3,3,3,
-3,3,3,1,0,0,0,0,0,1,1,1,1,3,0,0,0,2,2,2,2,3,0,0,0,0,0,0,0,0,0,0,0,1,1,1,1,3,3,3,
-3,3,3,1,0,0,0,0,0,1,1,1,1,1,0,0,0,0,2,2,2,4,0,0,0,0,0,0,0,0,0,0,1,1,3,3,3,3,3,3,
-3,3,3,1,1,3,0,0,0,1,1,1,1,1,1,1,0,0,0,0,0,0,0,0,0,0,0,0,0,0,0,1,1,3,3,3,3,3,3,3,
-3,3,3,3,1,1,0,0,0,0,1,1,1,1,1,1,1,0,0,0,0,0,0,0,0,0,0,0,1,1,1,1,3,3,3,3,3,3,3,3,
-3,3,3,3,3,1,0,0,0,0,1,1,0,1,1,1,1,1,1,4,0,1,1,1,0,0,0,0,1,1,3,3,3,3,3,3,3,3,3,3,
-3,3,3,3,3,1,1,0,0,0,0,0,0,0,0,1,1,1,1,1,0,1,1,1,0,0,0,0,0,1,1,1,1,1,3,3,3,3,3,3,
-3,3,3,3,3,3,1,0,0,0,0,0,3,0,0,1,1,1,1,1,1,1,1,1,4,0,0,0,0,0,0,0,0,1,1,1,3,3,3,3,
-3,3,3,3,3,3,1,1,0,0,0,0,0,0,0,3,1,1,1,1,1,1,1,1,0,0,0,0,0,0,3,0,0,0,4,1,1,3,3,3,
-3,3,3,3,3,3,3,1,1,1,0,0,0,0,0,0,4,1,1,1,1,3,0,0,3,3,0,0,0,0,0,0,0,0,0,0,1,3,3,3,
-3,3,3,3,3,3,3,3,3,1,0,0,0,0,0,0,0,0,0,0,0,0,0,0,0,0,0,0,0,0,0,0,0,0,0,0,1,1,1,3,
-3,3,3,3,3,3,3,3,3,1,1,0,3,0,0,0,0,0,0,0,0,0,0,0,0,0,0,0,0,0,0,0,0,0,0,0,0,0,0,3,
-3,3,3,3,3,3,3,3,3,3,1,1,1,0,0,0,0,0,1,1,1,1,1,0,0,0,0,0,0,0,0,0,0,0,0,0,0,0,0,3,
-3,3,3,3,3,3,3,3,3,3,3,3,1,1,1,1,1,1,1,3,3,3,1,1,1,0,0,3,0,0,0,0,1,1,0,0,0,1,1,3,
-3,3,3,3,3,3,3,3,3,3,3,3,3,3,3,3,3,3,3,3,3,3,3,3,1,1,0,0,0,0,0,1,1,1,1,0,0,1,3,3,
-3,3,3,3,3,3,3,3,3,3,3,3,3,3,3,3,3,3,3,3,3,3,3,3,3,1,1,1,1,1,1,1,3,3,1,1,1,1,3,3,
-3,3,3,3,3,3,3,3,3,3,3,3,3,3,3,3,3,3,3,3,3,3,3,3,3,3,3,3,3,3,3,3,3,3,3,3,3,3,3,3
-
-[event]
-type=on_trigger
-location=19,19,2,2
-repeat=false
-shakycam=2s
-
-[event]
-type=on_trigger
-location=38,34,1,2
-intermap=maps/river_trail.txt,7,5
-
-[event]
-# backstory cutscene
-type=on_load
-location=17,17,1,1
-cutscene=cutscenes/backstory.txt
-requires_not_status=empyrean_backstory
-set_status=empyrean_backstory
-
+[header]
+width=40
+height=40
+tilewidth=64
+tileheight=32
+orientation=isometric
+music=music/wind_ambient.ogg
+tileset=tilesetdefs/tileset_grassland.txt
+title=Arrival
+
+[tilesets]
+tileset=../../../tiled/grassland/tiled_collision.png,64,32,0,0
+tileset=../../../tiled/grassland/grassland.png,64,128,0,0
+tileset=../../../tiled/grassland/grassland_water.png,64,64,0,32
+tileset=../../../tiled/grassland/grassland_structures.png,64,256,0,0
+tileset=../../../tiled/grassland/grassland_trees.png,128,256,-32,0
+tileset=../../../tiled/grassland/set_rules.png,64,32,0,0
+tileset=../../../tiled/grassland/tiled_grassland_2x2.png,128,64,0,16
+
+[layer]
+type=background
+data=
+0,0,0,0,0,0,0,0,0,0,0,0,0,0,0,0,0,0,0,0,0,0,0,0,0,0,0,0,0,0,0,0,0,0,0,0,0,0,0,0,
+0,0,0,0,0,0,0,0,0,0,0,0,0,18,19,16,17,18,19,0,0,0,0,0,0,0,0,0,0,0,0,0,0,0,0,0,0,0,0,0,
+0,0,0,0,0,0,0,0,21,22,23,20,21,22,23,20,21,22,23,20,21,22,0,0,0,0,0,0,0,0,0,0,0,0,0,0,0,0,0,0,
+0,0,0,0,0,0,0,24,25,26,27,24,25,26,27,24,25,26,27,24,25,26,27,24,25,26,0,0,0,0,0,0,0,0,0,0,0,0,0,0,
+0,0,0,0,0,0,0,28,29,30,31,28,29,30,31,28,29,30,31,28,29,30,31,28,29,30,31,28,0,0,0,0,0,0,0,0,0,0,0,0,
+0,0,0,0,0,0,0,16,17,18,19,16,17,18,19,16,17,18,19,16,17,18,19,16,17,18,19,16,17,0,0,0,0,0,0,0,0,0,0,0,
+0,0,0,0,0,0,23,20,21,22,23,20,0,0,0,0,0,0,0,0,0,22,23,20,21,22,23,20,21,22,23,0,0,0,0,0,0,0,0,0,
+0,0,0,0,0,26,27,24,25,26,27,0,0,0,0,0,0,0,0,0,0,0,27,24,25,26,27,24,25,26,27,24,25,0,0,0,0,0,0,0,
+0,0,0,0,29,30,31,28,29,30,0,0,0,0,0,0,0,30,0,0,0,0,0,28,29,30,31,28,29,30,31,28,29,30,0,0,0,0,0,0,
+0,0,0,0,17,18,19,16,17,0,0,0,0,0,0,16,17,18,0,0,0,0,0,0,17,18,19,0,0,18,19,16,17,18,0,0,0,0,0,0,
+0,0,0,20,21,22,23,20,21,0,0,0,0,0,23,20,21,22,23,20,21,22,0,0,21,22,23,20,0,0,0,20,21,22,23,0,0,0,0,0,
+0,0,0,24,25,26,27,24,25,0,0,0,0,26,27,24,25,26,27,24,25,26,27,24,25,26,27,24,25,0,0,24,25,26,27,0,0,0,0,0,
+0,0,0,28,29,30,31,28,29,0,0,0,29,30,31,28,29,30,31,28,29,30,31,28,29,30,31,28,29,30,0,0,29,30,31,28,0,0,0,0,
+0,0,0,16,17,18,19,16,0,0,0,16,17,18,19,16,156,149,145,145,153,18,19,16,17,18,19,16,17,18,0,0,0,18,19,16,0,0,0,0,
+0,0,0,0,21,22,23,20,21,0,0,20,21,22,23,152,164,176,176,176,161,145,149,145,153,22,23,20,21,22,0,0,0,22,23,20,21,0,0,0,
+0,0,0,0,25,26,27,24,25,0,0,24,25,26,27,148,176,162,151,147,167,176,179,176,165,153,27,24,25,26,27,0,0,0,27,24,25,0,0,0,
+0,0,0,0,0,30,31,28,29,30,31,28,29,30,31,159,151,158,31,28,159,147,163,180,176,165,157,28,29,30,31,0,0,0,31,28,29,30,0,0,
+0,0,0,0,0,18,19,16,17,18,19,16,17,18,19,16,17,18,19,16,17,18,155,163,182,176,146,16,17,18,19,0,0,0,19,16,17,18,0,0,
+0,0,0,0,0,22,23,20,21,22,23,20,21,22,23,20,21,22,23,20,21,22,23,159,163,176,146,20,21,22,23,0,0,0,23,20,21,22,0,0,
+0,0,0,0,0,26,27,24,25,26,27,24,25,26,27,24,25,26,27,0,0,26,27,24,148,176,146,24,25,0,0,0,0,0,27,24,25,0,0,0,
+0,0,0,0,29,30,31,28,29,30,31,28,29,30,156,149,157,30,31,264,0,30,31,28,148,166,158,28,29,0,0,0,0,0,31,28,29,0,0,0,
+0,0,0,0,17,18,19,16,17,18,19,16,17,18,155,163,146,18,19,16,17,18,19,16,159,158,19,16,17,18,19,16,17,18,19,16,17,0,0,0,
+0,0,0,0,21,22,23,20,21,22,23,20,21,22,23,144,165,145,153,20,21,22,23,20,21,22,23,20,21,22,23,20,21,22,23,20,0,0,0,0,
+0,0,0,24,25,26,27,24,25,0,0,24,25,26,27,155,147,163,161,149,145,157,27,24,25,26,27,24,25,26,27,24,25,26,27,24,0,0,0,0,
+0,0,0,28,29,30,31,28,29,0,0,0,29,30,31,28,29,155,163,176,166,158,31,28,29,30,31,28,29,30,31,28,29,0,0,0,0,0,0,0,
+0,0,0,16,17,18,19,16,17,0,0,0,0,18,19,16,17,18,155,147,154,18,19,16,17,18,19,16,17,18,19,16,0,0,0,0,0,0,0,0,
+0,0,0,0,21,22,23,20,21,22,0,0,0,0,0,20,21,22,23,20,21,22,23,20,21,22,23,20,21,22,23,0,0,0,0,0,0,0,0,0,
+0,0,0,0,0,26,27,24,25,26,0,0,25,0,0,0,25,26,27,24,25,26,27,24,25,26,27,24,0,0,0,0,0,0,0,0,0,0,0,0,
+0,0,0,0,0,30,31,28,29,30,31,28,29,30,31,0,0,0,31,28,29,0,0,28,29,30,31,28,29,0,0,0,0,0,0,0,0,0,0,0,
+0,0,0,0,0,0,19,16,17,18,19,16,17,18,19,0,0,0,0,16,17,0,0,16,17,18,19,16,17,18,19,16,17,0,0,0,0,0,0,0,
+0,0,0,0,0,0,23,20,21,22,23,20,21,22,23,20,0,0,0,0,0,0,0,20,21,22,23,20,21,22,23,20,21,22,23,0,0,0,0,0,
+0,0,0,0,0,0,0,24,25,26,27,24,25,26,27,24,25,0,0,0,0,26,27,24,25,26,27,24,25,26,27,24,25,26,27,24,0,0,0,0,
+0,0,0,0,0,0,0,0,0,30,31,28,29,30,31,28,29,30,31,28,29,30,31,28,29,30,31,28,29,30,31,28,29,30,31,28,0,0,0,0,
+0,0,0,0,0,0,0,0,0,18,19,16,17,18,19,16,17,18,19,16,17,18,19,16,17,18,19,16,17,18,19,16,17,18,19,16,17,18,19,0,
+0,0,0,0,0,0,0,0,0,0,23,20,21,22,23,20,21,22,23,20,21,22,23,20,21,22,23,20,21,22,23,20,21,22,23,20,21,22,23,0,
+0,0,0,0,0,0,0,0,0,0,0,0,25,26,27,24,25,26,0,0,0,0,27,24,25,26,27,24,25,26,27,24,25,26,27,24,25,26,27,0,
+0,0,0,0,0,0,0,0,0,0,0,0,0,0,0,0,0,0,0,0,0,0,0,0,29,30,31,28,29,30,31,28,0,30,31,28,29,0,0,0,
+0,0,0,0,0,0,0,0,0,0,0,0,0,0,0,0,0,0,0,0,0,0,0,0,0,18,19,16,17,18,19,0,0,0,19,16,17,0,0,0,
+0,0,0,0,0,0,0,0,0,0,0,0,0,0,0,0,0,0,0,0,0,0,0,0,0,0,0,0,0,0,0,0,0,0,0,0,0,0,0,0,
+0,0,0,0,0,0,0,0,0,0,0,0,0,0,0,0,0,0,0,0,0,0,0,0,0,0,0,0,0,0,0,0,0,0,0,0,0,0,0,0
+
+[layer]
+type=object
+data=
+0,0,0,0,0,0,0,0,0,0,0,0,0,0,0,0,0,0,0,0,0,0,0,0,0,0,0,0,0,0,0,0,0,0,0,0,0,0,0,0,
+0,0,0,0,0,0,0,0,0,0,0,0,60,49,53,53,49,53,53,57,0,0,0,0,0,0,0,0,0,0,0,0,0,0,0,0,0,0,0,0,
+0,0,0,0,0,0,0,56,53,53,49,53,68,125,242,0,255,0,123,69,49,53,61,0,0,0,0,0,0,0,0,0,0,0,0,0,0,0,0,0,
+0,0,0,0,0,0,0,48,0,244,0,249,0,0,0,0,0,0,126,131,0,0,65,53,49,53,61,0,0,0,0,0,0,0,0,0,0,0,0,0,
+0,0,0,0,0,0,0,48,0,248,0,0,0,0,0,0,125,0,0,0,0,126,0,0,0,0,65,49,57,0,0,0,0,0,0,0,0,0,0,0,
+0,0,0,0,0,0,60,64,125,0,0,0,0,0,0,0,0,0,0,0,0,0,0,124,0,0,0,130,65,57,0,0,0,0,0,0,0,0,0,0,
+0,0,0,0,0,56,64,0,0,0,0,0,66,51,51,55,55,51,51,51,51,71,0,0,0,0,248,0,0,69,49,57,0,0,0,0,0,0,0,0,
+0,0,0,0,56,68,241,0,0,0,0,66,58,0,0,0,0,0,0,0,0,59,71,0,127,0,0,0,0,0,0,65,53,57,0,0,0,0,0,0,
+0,0,0,0,52,120,124,0,0,0,66,62,0,0,0,0,56,49,61,0,0,0,63,67,0,0,0,0,0,0,0,241,0,65,57,0,0,0,0,0,
+0,0,0,60,64,116,0,0,0,66,62,0,0,0,56,53,64,0,50,0,0,0,0,63,71,125,0,66,51,71,0,0,125,0,50,0,0,0,0,0,
+0,0,0,48,0,0,124,0,0,50,0,0,0,60,64,0,250,0,69,53,53,49,61,0,52,0,0,65,57,63,51,71,0,0,69,57,0,0,0,0,
+0,0,0,52,0,0,0,0,0,54,0,0,60,68,0,243,127,0,247,0,126,0,65,49,68,0,124,0,65,57,0,48,249,124,0,54,0,0,0,0,
+0,0,0,48,0,250,0,0,0,54,0,60,64,0,0,0,0,0,125,0,0,0,0,0,129,0,0,0,0,65,61,59,67,0,0,65,61,0,0,0,
+0,0,0,52,246,0,0,0,70,62,0,52,0,0,126,0,0,0,0,114,112,124,0,0,253,127,0,0,0,0,50,0,59,71,124,0,54,0,0,0,
+0,0,0,63,67,0,124,0,65,57,0,48,0,0,0,0,128,0,0,0,0,0,0,0,0,0,0,0,0,0,54,0,0,48,0,0,69,61,0,0,
+0,0,0,0,52,127,0,0,0,54,0,48,0,251,0,0,0,0,0,0,0,0,0,0,0,0,0,0,0,246,65,57,0,63,67,0,0,50,0,0,
+0,0,0,0,63,71,0,0,0,69,49,64,116,0,0,125,133,120,0,0,0,0,0,0,0,0,0,0,0,243,0,54,0,0,48,124,0,69,61,0,
+0,0,0,0,0,48,0,0,126,0,0,131,0,126,0,0,0,0,0,0,0,248,0,0,0,125,0,0,0,0,0,50,0,0,48,0,0,0,54,0,
+0,0,0,0,0,48,0,0,0,0,0,0,0,0,0,0,0,0,127,0,126,127,0,135,0,0,0,0,0,0,0,54,0,0,52,0,0,0,54,0,
+0,0,0,0,60,64,0,249,0,0,0,0,125,0,0,0,0,0,0,0,0,0,0,117,0,0,120,0,0,70,55,58,0,0,48,0,0,70,62,0,
+0,0,0,0,52,0,0,126,0,0,0,0,0,0,126,0,0,0,0,126,125,127,0,0,0,127,0,0,0,50,0,0,0,60,64,0,0,54,0,0,
+0,0,0,0,52,0,247,0,0,0,0,0,0,0,0,0,0,0,0,0,0,0,0,0,0,0,0,0,125,65,49,49,53,68,249,0,0,54,0,0,
+0,0,0,60,68,248,0,0,0,0,0,243,0,0,0,130,0,0,243,127,0,0,0,0,124,131,0,0,0,0,0,0,0,0,0,0,66,62,0,0,
+0,0,0,48,0,117,0,124,0,70,55,67,0,0,0,127,0,0,0,0,0,126,0,0,0,0,0,0,0,124,0,0,0,0,0,0,50,0,0,0,
+0,0,0,48,0,0,0,0,0,50,0,59,67,252,0,125,121,130,0,0,0,134,0,0,0,0,125,0,0,0,0,0,0,70,55,51,58,0,0,0,
+0,0,0,52,0,0,0,0,0,54,0,0,59,71,0,0,0,0,0,126,115,129,0,0,0,0,0,0,0,115,0,0,66,62,0,0,0,0,0,0,
+0,0,0,63,71,250,0,0,0,69,57,0,0,63,55,71,0,0,0,0,0,0,0,0,0,0,0,0,0,0,0,70,58,0,0,0,0,0,0,0,
+0,0,0,0,63,71,0,127,0,0,54,56,49,61,0,63,67,0,125,0,0,0,0,0,0,0,0,0,66,55,55,62,0,0,0,0,0,0,0,0,
+0,0,0,0,0,52,127,0,0,0,69,68,0,69,49,61,59,55,67,128,0,70,51,71,0,0,0,0,65,61,0,0,0,0,0,0,0,0,0,0,
+0,0,0,0,0,59,67,0,0,0,0,0,0,0,0,54,0,0,63,71,0,54,0,52,0,0,0,0,0,65,49,49,53,61,0,0,0,0,0,0,
+0,0,0,0,0,0,48,123,0,125,0,0,245,0,0,69,57,0,0,63,51,62,0,52,130,0,0,0,0,0,0,0,123,69,49,57,0,0,0,0,
+0,0,0,0,0,0,63,67,0,0,0,0,125,0,0,254,65,61,0,0,56,49,53,68,0,0,0,0,0,0,250,0,0,124,131,69,61,0,0,0,
+0,0,0,0,0,0,0,59,51,67,0,0,0,0,0,0,130,69,53,49,68,242,0,0,254,247,0,0,0,0,0,0,0,0,0,0,50,0,0,0,
+0,0,0,0,0,0,0,0,0,48,0,0,0,124,0,125,0,0,0,0,0,117,126,0,0,0,0,0,0,0,0,0,0,0,0,0,65,49,49,0,
+0,0,0,0,0,0,0,0,0,63,71,0,246,0,0,0,0,0,0,0,0,0,0,0,0,0,0,0,124,0,0,0,0,126,0,0,0,0,94,0,
+0,0,0,0,0,0,0,0,0,0,63,55,67,0,0,0,0,0,70,51,55,51,71,0,0,0,0,0,0,0,0,0,0,0,0,0,0,0,94,0,
+0,0,0,0,0,0,0,0,0,0,0,0,63,51,51,51,55,51,62,0,0,0,63,51,67,0,0,251,128,0,0,0,70,67,121,0,0,70,51,0,
+0,0,0,0,0,0,0,0,0,0,0,0,0,0,0,0,0,0,0,0,0,0,0,0,63,67,0,0,0,0,0,66,62,59,67,0,0,50,0,0,
+0,0,0,0,0,0,0,0,0,0,0,0,0,0,0,0,0,0,0,0,0,0,0,0,0,59,55,51,55,55,55,62,0,0,59,55,55,62,0,0,
+0,0,0,0,0,0,0,0,0,0,0,0,0,0,0,0,0,0,0,0,0,0,0,0,0,0,0,0,0,0,0,0,0,0,0,0,0,0,0,0
+
+[layer]
+type=collision
+data=
+3,3,3,3,3,3,3,3,3,3,3,3,3,3,3,3,3,3,3,3,3,3,3,3,3,3,3,3,3,3,3,3,3,3,3,3,3,3,3,3,
+3,3,3,3,3,3,3,3,3,3,3,3,1,1,1,1,1,1,1,1,3,3,3,3,3,3,3,3,3,3,3,3,3,3,3,3,3,3,3,3,
+3,3,3,3,3,3,3,1,1,1,1,1,1,0,3,0,3,0,0,1,1,1,1,3,3,3,3,3,3,3,3,3,3,3,3,3,3,3,3,3,
+3,3,3,3,3,3,3,1,0,3,0,3,0,0,0,0,0,0,0,4,0,0,1,1,1,1,1,3,3,3,3,3,3,3,3,3,3,3,3,3,
+3,3,3,3,3,3,3,1,0,3,0,0,0,0,0,0,0,0,0,0,0,0,0,0,0,0,1,1,1,3,3,3,3,3,3,3,3,3,3,3,
+3,3,3,3,3,3,1,1,0,0,0,0,0,0,0,0,0,0,0,0,0,0,0,0,0,0,0,4,1,1,3,3,3,3,3,3,3,3,3,3,
+3,3,3,3,3,1,1,0,0,0,0,0,1,1,1,1,1,1,1,1,1,1,0,0,0,0,3,0,0,1,1,1,3,3,3,3,3,3,3,3,
+3,3,3,3,1,1,3,0,0,0,0,1,1,1,1,1,1,1,1,1,1,1,1,0,0,0,0,0,0,0,0,1,1,1,3,3,3,3,3,3,
+3,3,3,3,1,0,0,0,0,0,1,1,1,1,1,1,1,1,1,1,1,1,1,1,0,0,0,0,0,0,0,3,0,1,1,3,3,3,3,3,
+3,3,3,1,1,0,0,0,0,1,1,1,1,1,1,1,1,0,1,1,1,1,1,1,1,0,0,1,1,1,0,0,0,0,1,3,3,3,3,3,
+3,3,3,1,0,0,0,0,0,1,1,1,1,1,1,0,3,0,1,1,1,1,1,1,1,0,0,1,1,1,1,1,0,0,1,1,3,3,3,3,
+3,3,3,1,0,0,0,0,0,1,1,1,1,1,0,3,0,0,3,0,0,0,1,1,1,0,0,0,1,1,1,1,3,0,0,1,3,3,3,3,
+3,3,3,1,0,3,0,0,0,1,1,1,1,0,0,0,0,0,0,0,0,0,0,0,0,0,0,0,0,1,1,1,1,0,0,1,1,3,3,3,
+3,3,3,1,3,0,0,0,1,1,1,1,0,0,0,0,2,2,2,2,2,0,0,0,3,0,0,0,0,0,1,1,1,1,0,0,1,3,3,3,
+3,3,3,1,1,0,0,0,1,1,1,1,0,0,0,2,2,2,2,2,2,2,2,2,2,0,0,0,0,0,1,1,1,1,0,0,1,1,3,3,
+3,3,3,3,1,0,0,0,0,1,1,1,0,3,0,2,2,2,2,2,2,2,2,2,2,2,0,0,0,3,1,1,1,1,1,0,0,1,3,3,
+3,3,3,3,1,1,0,0,0,1,1,1,0,0,0,2,3,2,0,0,2,2,2,2,2,2,2,0,0,3,0,1,1,1,1,0,0,1,1,3,
+3,3,3,3,3,1,0,0,0,0,0,4,0,0,0,0,0,0,0,0,0,3,2,2,2,2,2,0,0,0,0,1,1,1,1,0,0,0,1,3,
+3,3,3,3,3,1,0,0,0,0,0,0,0,0,0,0,0,0,0,0,0,0,0,3,2,2,2,0,0,0,0,1,1,1,1,0,0,0,1,3,
+3,3,3,3,1,1,0,3,0,0,0,0,0,0,0,0,0,0,0,0,0,0,0,0,2,2,2,0,0,1,1,1,1,1,1,0,0,1,1,3,
+3,3,3,3,1,0,0,0,0,0,0,0,0,0,2,2,2,0,0,0,0,0,0,0,2,2,2,0,0,1,1,1,1,1,1,0,0,1,3,3,
+3,3,3,3,1,0,3,0,0,0,0,0,0,0,2,2,2,0,0,0,0,0,0,0,2,2,0,0,0,1,1,1,1,1,3,0,0,1,3,3,
+3,3,3,1,1,3,0,0,0,0,0,3,0,0,0,2,2,2,3,0,0,0,0,0,0,4,0,0,0,0,0,0,0,0,0,0,1,1,3,3,
+3,3,3,1,0,0,0,0,0,1,1,1,0,0,0,2,2,2,2,2,2,0,0,0,0,0,0,0,0,0,0,0,0,0,0,0,1,3,3,3,
+3,3,3,1,0,0,0,0,0,1,1,1,1,3,0,0,0,2,2,2,2,3,0,0,0,0,0,0,0,0,0,0,0,1,1,1,1,3,3,3,
+3,3,3,1,0,0,0,0,0,1,1,1,1,1,0,0,0,0,2,2,2,4,0,0,0,0,0,0,0,0,0,0,1,1,3,3,3,3,3,3,
+3,3,3,1,1,3,0,0,0,1,1,1,1,1,1,1,0,0,0,0,0,0,0,0,0,0,0,0,0,0,0,1,1,3,3,3,3,3,3,3,
+3,3,3,3,1,1,0,0,0,0,1,1,1,1,1,1,1,0,0,0,0,0,0,0,0,0,0,0,1,1,1,1,3,3,3,3,3,3,3,3,
+3,3,3,3,3,1,0,0,0,0,1,1,0,1,1,1,1,1,1,4,0,1,1,1,0,0,0,0,1,1,3,3,3,3,3,3,3,3,3,3,
+3,3,3,3,3,1,1,0,0,0,0,0,0,0,0,1,1,1,1,1,0,1,1,1,0,0,0,0,0,1,1,1,1,1,3,3,3,3,3,3,
+3,3,3,3,3,3,1,0,0,0,0,0,3,0,0,1,1,1,1,1,1,1,1,1,4,0,0,0,0,0,0,0,0,1,1,1,3,3,3,3,
+3,3,3,3,3,3,1,1,0,0,0,0,0,0,0,3,1,1,1,1,1,1,1,1,0,0,0,0,0,0,3,0,0,0,4,1,1,3,3,3,
+3,3,3,3,3,3,3,1,1,1,0,0,0,0,0,0,4,1,1,1,1,3,0,0,3,3,0,0,0,0,0,0,0,0,0,0,1,3,3,3,
+3,3,3,3,3,3,3,3,3,1,0,0,0,0,0,0,0,0,0,0,0,0,0,0,0,0,0,0,0,0,0,0,0,0,0,0,1,1,1,3,
+3,3,3,3,3,3,3,3,3,1,1,0,3,0,0,0,0,0,0,0,0,0,0,0,0,0,0,0,0,0,0,0,0,0,0,0,0,0,0,3,
+3,3,3,3,3,3,3,3,3,3,1,1,1,0,0,0,0,0,1,1,1,1,1,0,0,0,0,0,0,0,0,0,0,0,0,0,0,0,0,3,
+3,3,3,3,3,3,3,3,3,3,3,3,1,1,1,1,1,1,1,3,3,3,1,1,1,0,0,3,0,0,0,0,1,1,0,0,0,1,1,3,
+3,3,3,3,3,3,3,3,3,3,3,3,3,3,3,3,3,3,3,3,3,3,3,3,1,1,0,0,0,0,0,1,1,1,1,0,0,1,3,3,
+3,3,3,3,3,3,3,3,3,3,3,3,3,3,3,3,3,3,3,3,3,3,3,3,3,1,1,1,1,1,1,1,3,3,1,1,1,1,3,3,
+3,3,3,3,3,3,3,3,3,3,3,3,3,3,3,3,3,3,3,3,3,3,3,3,3,3,3,3,3,3,3,3,3,3,3,3,3,3,3,3
+
+[event]
+type=on_trigger
+location=19,19,2,2
+repeat=false
+requires_not_status=emp_arrival
+set_status=emp_arrival
+shakycam=2s
+
+[event]
+type=on_trigger
+location=38,34,1,2
+intermap=maps/river_trail.txt,7,5
+
+[event]
+# backstory cutscene
+type=on_load
+location=17,17,1,1
+cutscene=cutscenes/backstory.txt
+requires_not_status=empyrean_backstory
+set_status=empyrean_backstory
+
+[event]
+# Wind and crickets sound effect
+type=on_load
+location=0,0,1,1
+soundfx=soundfx/environment/wind_loop.ogg
+
+[event]
+# Bird twitter
+type=on_load
+location=27,14,1,1
+soundfx=soundfx/environment/bird_twitter_loop.ogg
+
+[event]
+# Forrest owl sound effect
+type=on_load
+location=11,9,1,1
+soundfx=soundfx/environment/forest_owl_loop.ogg
+
+[event]
+# Raven sound effect
+type=on_load
+location=10,27,1,1
+soundfx=soundfx/environment/raven_loop.ogg
+
diff --git a/mods/empyrean_campaign/maps/book_of_the_dead.txt b/mods/empyrean_campaign/maps/book_of_the_dead.txt
index 3de166c6106a9c695acecc9d6d4a6179abd0ab19..0d4affaf87ce38b0babe6e50e990e636994d823e 100644
--- a/mods/empyrean_campaign/maps/book_of_the_dead.txt
+++ b/mods/empyrean_campaign/maps/book_of_the_dead.txt
@@ -215,3 +215,9 @@ type=on_load
 location=10,30,1,1
 soundfx=soundfx/environment/open_fire_loop.ogg
 
+[event]
+# Wind sound
+type=on_load
+location=0,0,1,1
+soundfx=soundfx/environment/cave_wind_loop.ogg
+
diff --git a/mods/empyrean_campaign/maps/hyperspace.txt b/mods/empyrean_campaign/maps/hyperspace.txt
index ac9677cee866fd47e67b4f4a672ede0c55fcce38..b7cf99af208b9beb8de0faa900979e98396d4737 100644
--- a/mods/empyrean_campaign/maps/hyperspace.txt
+++ b/mods/empyrean_campaign/maps/hyperspace.txt
@@ -1,160 +1,167 @@
-[header]
-width=40
-height=40
-tilewidth=64
-tileheight=32
-music=music/dungeon_theme.ogg
-tileset=tilesetdefs/tileset_dungeon.txt
-title=Hyperspace
-
-[tilesets]
-tileset=../../../../flare-game/tiled/dungeon/tiled_collision.png,64,32,0,0
-tileset=../../../../flare-game/tiled/dungeon/tiled_dungeon.png,64,128,0,0
-tileset=../../../../flare-game/tiled/dungeon/set_rules.png,64,32,0,0
-tileset=../../../../flare-game/tiled/dungeon/tiled_dungeon_2x2.png,128,64,0,16
-tileset=../../../../flare-game/tiled/dungeon/door_left.png,64,128,-16,-8
-tileset=../../../../flare-game/tiled/dungeon/door_right.png,64,128,16,-8
-tileset=../../../../flare-game/tiled/dungeon/stairs.png,256,256,0,48
-
-[layer]
-type=background
-data=
-0,0,0,0,0,0,0,0,0,0,0,0,0,0,0,0,0,0,0,0,0,0,0,0,0,0,0,0,0,0,0,0,0,0,0,0,0,0,0,0,
-0,0,0,0,0,0,0,0,0,0,0,0,0,0,0,0,0,0,0,0,0,0,0,0,0,0,0,0,0,0,0,0,0,0,0,0,0,0,0,0,
-0,0,0,0,0,0,0,0,0,0,0,0,0,0,0,0,0,0,0,0,0,0,0,0,0,0,0,0,0,0,0,0,0,0,0,0,0,0,0,0,
-0,0,0,0,0,0,0,0,0,0,0,0,0,0,0,0,0,0,0,0,0,0,0,0,0,0,0,0,0,0,0,0,0,0,0,0,0,0,0,0,
-0,0,0,0,0,0,0,0,0,0,0,0,0,0,0,0,0,0,0,0,0,0,0,0,0,0,0,0,0,0,0,0,0,0,0,0,0,0,0,0,
-0,0,0,0,0,0,0,0,0,0,0,0,0,0,0,0,0,0,0,0,0,0,0,0,0,0,0,0,0,0,0,0,0,0,0,0,0,0,0,0,
-0,0,0,0,0,0,0,0,0,0,0,0,0,0,0,0,0,0,0,0,0,0,0,0,0,0,0,0,0,0,0,0,0,0,0,0,0,0,0,0,
-0,0,0,0,0,0,0,24,21,21,21,21,25,49,0,24,0,0,25,49,0,24,0,0,25,49,0,24,21,21,21,21,25,0,0,0,0,0,0,0,
-0,0,0,0,0,0,0,20,32,33,34,35,22,49,0,20,264,0,22,49,0,20,264,0,22,49,0,20,32,33,34,35,22,0,0,0,0,0,0,0,
-0,0,0,0,0,0,0,20,32,0,0,35,29,21,21,28,32,33,45,21,21,28,32,33,29,21,21,28,32,0,0,35,22,0,0,0,0,0,0,0,
-0,0,0,0,0,0,0,20,32,265,0,35,30,23,23,23,23,23,23,23,23,23,23,23,23,23,23,44,32,264,0,35,22,0,0,0,0,0,0,0,
-0,0,0,0,0,0,0,20,32,33,34,35,22,48,50,50,50,50,50,50,50,50,50,50,50,50,50,20,32,33,34,35,22,49,0,0,0,0,0,0,
-0,0,0,0,0,0,0,27,23,31,46,23,26,49,0,0,0,0,0,0,0,0,0,0,0,0,0,27,23,31,30,23,26,49,0,0,0,0,0,0,
-0,0,0,0,0,0,0,50,50,20,22,48,50,0,0,0,0,0,0,0,0,0,0,0,0,0,0,50,50,20,22,48,50,0,0,0,0,0,0,0,
-0,0,0,0,0,0,0,0,0,20,22,49,0,0,0,0,0,0,0,0,0,0,0,0,0,0,0,0,0,20,22,49,0,0,0,0,0,0,0,0,
-0,0,0,0,0,0,0,24,21,28,22,49,0,0,0,0,0,0,0,0,0,0,0,0,0,0,0,0,0,20,29,21,25,49,0,0,0,0,0,0,
-0,0,0,0,0,0,0,0,0,32,22,49,0,0,0,0,0,0,0,0,0,0,0,0,0,0,0,0,0,20,32,0,0,49,0,0,0,0,0,0,
-0,0,0,0,0,0,0,264,0,32,22,49,0,0,0,0,0,0,0,0,0,0,0,0,0,0,0,0,0,20,32,264,0,49,0,0,0,0,0,0,
-0,0,0,0,0,0,0,27,23,31,22,49,0,0,0,0,0,0,0,0,0,0,0,0,0,0,0,0,0,20,30,23,26,49,0,0,0,0,0,0,
-0,0,0,0,0,0,0,50,50,20,22,49,0,0,0,0,0,0,0,0,0,0,0,0,0,0,0,0,0,20,22,48,50,0,0,0,0,0,0,0,
-0,0,0,0,0,0,0,0,0,20,22,49,0,0,0,0,0,0,0,0,0,0,0,0,0,0,0,0,0,20,22,49,0,0,0,0,0,0,0,0,
-0,0,0,0,0,0,0,24,21,28,22,49,0,0,0,0,0,0,0,0,0,0,0,0,0,0,0,0,0,20,29,21,25,49,0,0,0,0,0,0,
-0,0,0,0,0,0,0,0,0,32,22,49,0,0,0,0,0,0,0,0,0,0,0,0,0,0,0,0,0,20,32,0,0,49,0,0,0,0,0,0,
-0,0,0,0,0,0,0,264,0,32,22,49,0,0,0,0,0,0,0,0,0,0,0,0,0,0,0,0,0,20,32,264,0,49,0,0,0,0,0,0,
-0,0,0,0,0,0,0,27,23,31,22,49,0,0,0,0,0,0,0,0,0,0,0,0,0,0,0,0,0,20,47,23,26,49,0,0,0,0,0,0,
-0,0,0,0,0,0,0,50,50,20,22,49,0,0,0,0,0,0,0,0,0,0,0,0,0,0,0,0,0,20,22,48,50,0,0,0,0,0,0,0,
-0,0,0,0,0,0,0,0,0,20,22,49,0,0,0,0,0,0,0,0,0,0,0,0,0,0,0,0,0,20,22,49,0,0,0,0,0,0,0,0,
-0,0,0,0,0,0,0,24,21,28,38,21,25,49,0,0,0,0,0,0,0,0,0,0,0,0,0,24,21,28,39,21,25,49,0,0,0,0,0,0,
-0,0,0,0,0,0,0,20,32,33,34,35,22,49,0,0,0,0,0,0,0,0,0,0,0,0,0,20,32,33,34,35,22,49,0,0,0,0,0,0,
-0,0,0,0,0,0,0,20,32,0,0,35,29,21,21,21,21,21,21,21,21,21,21,21,21,21,21,28,32,0,0,35,22,0,0,0,0,0,0,0,
-0,0,0,0,0,0,0,20,32,264,0,35,42,23,23,31,32,33,30,23,23,31,32,33,30,23,23,31,32,264,0,35,22,0,0,0,0,0,0,0,
-0,0,0,0,0,0,0,20,32,33,34,35,22,48,50,20,0,0,16,48,50,20,0,0,22,48,50,20,32,33,34,35,22,0,0,0,0,0,0,0,
-0,0,0,0,0,0,0,27,23,23,23,23,26,49,0,27,264,0,26,49,0,27,264,0,26,49,0,27,23,23,23,23,26,0,0,0,0,0,0,0,
-0,0,0,0,0,0,0,0,0,0,0,50,50,0,0,50,50,50,50,0,0,50,50,50,50,0,0,50,50,0,0,0,0,0,0,0,0,0,0,0,
-0,0,0,0,0,0,0,0,0,0,0,0,0,0,0,0,0,0,0,0,0,0,0,0,0,0,0,0,0,0,0,0,0,0,0,0,0,0,0,0,
-0,0,0,0,0,0,0,0,0,0,0,0,0,0,0,0,0,0,0,0,0,0,0,0,0,0,0,0,0,0,0,0,0,0,0,0,0,0,0,0,
-0,0,0,0,0,0,0,0,0,0,0,0,0,0,0,0,0,0,0,0,0,0,0,0,0,0,0,0,0,0,0,0,0,0,0,0,0,0,0,0,
-0,0,0,0,0,0,0,0,0,0,0,0,0,0,0,0,0,0,0,0,0,0,0,0,0,0,0,0,0,0,0,0,0,0,0,0,0,0,0,0,
-0,0,0,0,0,0,0,0,0,0,0,0,0,0,0,0,0,0,0,0,0,0,0,0,0,0,0,0,0,0,0,0,0,0,0,0,0,0,0,0,
-0,0,0,0,0,0,0,0,0,0,0,0,0,0,0,0,0,0,0,0,0,0,0,0,0,0,0,0,0,0,0,0,0,0,0,0,0,0,0,0
-
-[layer]
-type=object
-data=
-0,0,0,0,0,0,0,0,0,0,0,0,0,0,0,0,0,0,0,0,0,0,0,0,0,0,0,0,0,0,0,0,0,0,0,0,0,0,0,0,
-0,0,0,0,0,0,0,0,0,0,0,0,0,0,0,0,0,0,0,0,0,0,0,0,0,0,0,0,0,0,0,0,0,0,0,0,0,0,0,0,
-0,0,0,0,0,0,0,0,0,0,0,0,0,0,0,0,0,0,0,0,0,0,0,0,0,0,0,0,0,0,0,0,0,0,0,0,0,0,0,0,
-0,0,0,0,0,0,0,0,0,0,0,0,0,0,0,0,0,0,0,0,0,0,0,0,0,0,0,0,0,0,0,0,0,0,0,0,0,0,0,0,
-0,0,0,0,0,0,0,0,0,0,0,0,0,0,0,0,0,0,0,0,0,0,0,0,0,0,0,0,0,0,0,0,0,0,0,0,0,0,0,0,
-0,0,0,0,0,0,0,0,0,0,0,0,0,0,0,0,0,0,0,0,0,0,0,0,0,0,0,0,0,0,0,0,0,0,0,0,0,0,0,0,
-0,0,0,0,0,0,0,0,0,0,0,0,0,0,0,0,0,0,0,0,0,0,0,0,0,0,0,0,0,0,0,0,0,0,0,0,0,0,0,0,
-0,0,0,0,0,0,0,77,65,65,65,73,0,0,0,110,0,0,110,0,0,110,0,0,110,0,0,0,74,65,65,105,78,0,0,0,0,0,0,0,
-0,0,0,0,0,0,0,104,0,0,0,0,0,0,0,0,0,0,0,0,0,0,0,0,0,0,0,0,0,0,0,0,70,0,0,0,0,0,0,0,
-0,0,0,0,0,0,0,68,0,0,0,0,0,0,0,0,0,0,0,0,0,0,0,0,0,0,0,0,0,0,0,0,82,0,0,0,0,0,0,0,
-0,0,0,0,0,0,0,68,0,0,0,0,0,0,0,0,0,0,0,0,0,0,0,0,0,0,0,0,0,0,0,0,90,0,0,0,0,0,0,0,
-0,0,0,0,0,0,0,73,0,0,0,0,0,0,0,0,0,0,0,0,0,0,0,0,0,0,0,0,0,0,0,0,0,0,0,0,0,0,0,0,
-0,0,0,0,0,0,0,0,0,0,0,0,0,0,0,0,0,0,0,0,0,0,0,0,0,0,0,0,0,0,0,0,0,0,0,0,0,0,0,0,
-0,0,0,0,0,0,0,0,0,0,0,0,0,0,0,0,0,0,0,0,0,0,0,0,0,0,0,0,0,0,0,0,0,0,0,0,0,0,0,0,
-0,0,0,0,0,0,0,0,0,0,0,0,0,0,0,0,0,0,0,0,0,0,0,0,0,0,0,0,0,0,0,0,0,0,0,0,0,0,0,0,
-0,0,0,0,0,0,0,110,0,0,0,0,0,0,0,0,0,0,0,0,0,0,0,0,0,0,0,0,0,0,0,0,110,0,0,0,0,0,0,0,
-0,0,0,0,0,0,0,0,0,0,0,0,0,0,0,0,0,0,0,0,0,0,0,0,0,0,0,0,0,0,0,0,0,0,0,0,0,0,0,0,
-0,0,0,0,0,0,0,0,0,0,0,0,0,0,0,0,0,0,0,0,0,0,0,0,0,0,0,0,0,0,0,0,0,0,0,0,0,0,0,0,
-0,0,0,0,0,0,0,110,0,0,0,0,0,0,0,0,0,0,0,0,0,0,0,0,0,0,0,0,0,0,0,0,110,0,0,0,0,0,0,0,
-0,0,0,0,0,0,0,0,0,0,0,0,0,0,0,0,0,0,0,0,0,0,0,0,0,0,0,0,0,0,0,0,0,0,0,0,0,0,0,0,
-0,0,0,0,0,0,0,0,0,0,0,0,0,0,0,0,0,0,0,0,0,0,0,0,0,0,0,0,0,0,0,0,0,0,0,0,0,0,0,0,
-0,0,0,0,0,0,0,110,0,0,0,0,0,0,0,0,0,0,0,0,0,0,0,0,0,0,0,0,0,0,0,0,110,0,0,0,0,0,0,0,
-0,0,0,0,0,0,0,0,0,0,0,0,0,0,0,0,0,0,0,0,0,0,0,0,0,0,0,0,0,0,0,0,0,0,0,0,0,0,0,0,
-0,0,0,0,0,0,0,0,0,0,0,0,0,0,0,0,0,0,0,0,0,0,0,0,0,0,0,0,0,0,0,0,0,0,0,0,0,0,0,0,
-0,0,0,0,0,0,0,110,0,0,0,0,0,0,0,0,0,0,0,0,0,0,0,0,0,0,0,0,0,0,0,0,110,0,0,0,0,0,0,0,
-0,0,0,0,0,0,0,0,0,0,0,0,0,0,0,0,0,0,0,0,0,0,0,0,0,0,0,0,0,0,0,0,0,0,0,0,0,0,0,0,
-0,0,0,0,0,0,0,0,0,0,0,0,0,0,0,0,0,0,0,0,0,0,0,0,0,0,0,0,0,0,0,0,0,0,0,0,0,0,0,0,
-0,0,0,0,0,0,0,0,0,0,0,0,0,0,0,0,0,0,0,0,0,0,0,0,0,0,0,0,0,0,0,0,0,0,0,0,0,0,0,0,
-0,0,0,0,0,0,0,72,0,0,0,0,0,0,0,0,0,0,0,0,0,0,0,0,0,0,0,0,0,0,0,0,0,0,0,0,0,0,0,0,
-0,0,0,0,0,0,0,68,0,0,0,0,0,0,0,0,0,0,0,0,0,0,0,0,0,0,0,0,0,0,0,0,91,0,0,0,0,0,0,0,
-0,0,0,0,0,0,0,68,0,0,0,0,0,0,0,0,0,0,0,0,0,0,0,0,0,0,0,0,0,0,0,0,82,0,0,0,0,0,0,0,
-0,0,0,0,0,0,0,104,0,0,0,0,0,0,0,0,0,0,0,0,0,0,0,0,0,0,0,0,0,0,0,0,82,0,0,0,0,0,0,0,
-0,0,0,0,0,0,0,76,71,83,88,0,0,0,0,110,0,0,110,0,0,110,0,0,110,0,0,0,0,91,83,83,95,0,0,0,0,0,0,0,
-0,0,0,0,0,0,0,0,0,0,0,0,0,0,0,0,0,0,0,0,0,0,0,0,0,0,0,0,0,0,0,0,0,0,0,0,0,0,0,0,
-0,0,0,0,0,0,0,0,0,0,0,0,0,0,0,0,0,0,0,0,0,0,0,0,0,0,0,0,0,0,0,0,0,0,0,0,0,0,0,0,
-0,0,0,0,0,0,0,0,0,0,0,0,0,0,0,0,0,0,0,0,0,0,0,0,0,0,0,0,0,0,0,0,0,0,0,0,0,0,0,0,
-0,0,0,0,0,0,0,0,0,0,0,0,0,0,0,0,0,0,0,0,0,0,0,0,0,0,0,0,0,0,0,0,0,0,0,0,0,0,0,0,
-0,0,0,0,0,0,0,0,0,0,0,0,0,0,0,0,0,0,0,0,0,0,0,0,0,0,0,0,0,0,0,0,0,0,0,0,0,0,0,0,
-0,0,0,0,0,0,0,0,0,0,0,0,0,0,0,0,0,0,0,0,0,0,0,0,0,0,0,0,0,0,0,0,0,0,0,0,0,0,0,0,
-0,0,0,0,0,0,0,0,0,0,0,0,0,0,0,0,0,0,0,0,0,0,0,0,0,0,0,0,0,0,0,0,0,0,0,0,0,0,0,0
-
-[layer]
-type=collision
-data=
-3,3,3,3,3,3,3,3,3,3,3,3,3,3,3,3,3,3,3,3,3,3,3,3,3,3,3,3,3,3,3,3,3,3,3,3,3,3,3,3,
-3,4,4,4,4,4,4,4,4,4,4,4,4,4,4,4,4,4,4,4,4,4,4,4,4,4,4,4,4,4,4,4,4,4,4,4,4,4,4,3,
-3,4,4,4,4,4,4,4,4,4,4,4,4,4,4,4,4,4,4,4,4,4,4,4,4,4,4,4,4,4,4,4,4,4,4,4,4,4,4,3,
-3,4,4,4,4,4,4,4,4,4,4,4,4,4,4,4,4,4,4,4,4,4,4,4,4,4,4,4,4,4,4,4,4,4,4,4,4,4,4,3,
-3,4,4,4,4,4,4,4,4,4,4,4,4,4,4,4,4,4,4,4,4,4,4,4,4,4,4,4,4,4,4,4,4,4,4,4,4,4,4,3,
-3,4,4,4,4,4,4,4,4,4,4,4,4,4,4,4,4,4,4,4,4,4,4,4,4,4,4,4,4,4,4,4,4,4,4,4,4,4,4,3,
-3,4,4,4,4,4,2,2,2,2,2,2,2,2,2,2,2,2,2,2,2,2,2,2,2,2,2,2,2,2,2,2,2,2,4,4,4,4,4,3,
-3,4,4,4,4,4,2,1,1,1,1,1,0,2,2,1,0,0,1,2,2,1,0,0,1,2,2,0,1,1,1,1,1,2,4,4,4,4,4,3,
-3,4,4,4,4,4,2,1,0,0,0,0,0,2,2,0,0,0,0,2,2,0,0,0,0,2,2,0,0,0,0,0,1,2,4,4,4,4,4,3,
-3,4,4,4,4,4,2,1,0,0,0,0,0,0,0,0,0,0,0,0,0,0,0,0,0,0,0,0,0,0,0,0,1,2,4,4,4,4,4,3,
-3,4,4,4,4,4,2,1,0,0,0,0,0,0,0,0,0,0,0,0,0,0,0,0,0,0,0,0,0,0,0,0,1,2,4,4,4,4,4,3,
-3,4,4,4,4,4,2,1,0,0,0,0,0,2,2,2,2,2,2,2,2,2,2,2,2,2,2,0,0,0,0,0,0,2,4,4,4,4,4,3,
-3,4,4,4,4,4,2,0,0,0,0,0,0,2,4,4,4,4,4,4,4,4,4,4,4,4,2,0,0,0,0,0,0,2,4,4,4,4,4,3,
-3,4,4,4,4,4,2,2,2,0,0,2,2,2,4,4,4,4,4,4,4,4,4,4,4,4,2,2,2,0,0,2,2,2,4,4,4,4,4,3,
-3,4,4,4,4,4,2,2,2,0,0,2,4,4,4,4,4,4,4,4,4,4,4,4,4,4,4,4,2,0,0,2,2,2,4,4,4,4,4,3,
-3,4,4,4,4,4,2,1,0,0,0,2,4,4,4,4,4,4,4,4,4,4,4,4,4,4,4,4,2,0,0,0,1,2,4,4,4,4,4,3,
-3,4,4,4,4,4,2,0,0,0,0,2,4,4,4,4,4,4,4,4,4,4,4,4,4,4,4,4,2,0,0,0,0,2,4,4,4,4,4,3,
-3,4,4,4,4,4,2,0,0,0,0,2,4,4,4,4,4,4,4,4,4,4,4,4,4,4,4,4,2,0,0,0,0,2,4,4,4,4,4,3,
-3,4,4,4,4,4,2,1,0,0,0,2,4,4,4,4,4,4,4,4,4,4,4,4,4,4,4,4,2,0,0,0,1,2,4,4,4,4,4,3,
-3,4,4,4,4,4,2,2,2,0,0,2,4,4,4,4,4,4,4,4,4,4,4,4,4,4,4,4,2,0,0,2,2,2,4,4,4,4,4,3,
-3,4,4,4,4,4,2,2,2,0,0,2,4,4,4,4,4,4,4,4,4,4,4,4,4,4,4,4,2,0,0,2,2,2,4,4,4,4,4,3,
-3,4,4,4,4,4,2,1,0,0,0,2,4,4,4,4,4,4,4,4,4,4,4,4,4,4,4,4,2,0,0,0,1,2,4,4,4,4,4,3,
-3,4,4,4,4,4,2,0,0,0,0,2,4,4,4,4,4,4,4,4,4,4,4,4,4,4,4,4,2,0,0,0,0,2,4,4,4,4,4,3,
-3,4,4,4,4,4,2,0,0,0,0,2,4,4,4,4,4,4,4,4,4,4,4,4,4,4,4,4,2,0,0,0,0,2,4,4,4,4,4,3,
-3,4,4,4,4,4,2,1,0,0,0,2,4,4,4,4,4,4,4,4,4,4,4,4,4,4,4,4,2,0,0,0,1,2,4,4,4,4,4,3,
-3,4,4,4,4,4,2,2,2,0,0,2,4,4,4,4,4,4,4,4,4,4,4,4,4,4,4,4,2,0,0,2,2,2,4,4,4,4,4,3,
-3,4,4,4,4,4,2,2,2,0,0,2,2,2,4,4,4,4,4,4,4,4,4,4,4,4,2,2,2,0,0,2,2,2,4,4,4,4,4,3,
-3,4,4,4,4,4,2,0,0,0,0,0,0,2,4,4,4,4,4,4,4,4,4,4,4,4,2,0,0,0,0,0,0,2,4,4,4,4,4,3,
-3,4,4,4,4,4,2,1,0,0,0,0,0,2,2,2,2,2,2,2,2,2,2,2,2,2,2,0,0,0,0,0,0,2,4,4,4,4,4,3,
-3,4,4,4,4,4,2,1,0,0,0,0,0,0,0,0,0,0,0,0,0,0,0,0,0,0,0,0,0,0,0,0,1,2,4,4,4,4,4,3,
-3,4,4,4,4,4,2,1,0,0,0,0,0,0,0,0,0,0,0,0,0,0,0,0,0,0,0,0,0,0,0,0,1,2,4,4,4,4,4,3,
-3,4,4,4,4,4,2,1,0,0,0,0,0,2,2,0,0,0,0,2,2,0,0,0,0,2,2,0,0,0,0,0,1,2,4,4,4,4,4,3,
-3,4,4,4,4,4,2,1,1,1,1,0,0,2,2,1,0,0,1,2,2,1,0,0,1,2,2,0,0,1,1,1,1,2,4,4,4,4,4,3,
-3,4,4,4,4,4,2,2,2,2,2,2,2,2,2,2,2,2,2,2,2,2,2,2,2,2,2,2,2,2,2,2,2,2,4,4,4,4,4,3,
-3,4,4,4,4,4,4,4,4,4,4,4,4,4,4,4,4,4,4,4,4,4,4,4,4,4,4,4,4,4,4,4,4,4,4,4,4,4,4,3,
-3,4,4,4,4,4,4,4,4,4,4,4,4,4,4,4,4,4,4,4,4,4,4,4,4,4,4,4,4,4,4,4,4,4,4,4,4,4,4,3,
-3,4,4,4,4,4,4,4,4,4,4,4,4,4,4,4,4,4,4,4,4,4,4,4,4,4,4,4,4,4,4,4,4,4,4,4,4,4,4,3,
-3,4,4,4,4,4,4,4,4,4,4,4,4,4,4,4,4,4,4,4,4,4,4,4,4,4,4,4,4,4,4,4,4,4,4,4,4,4,4,3,
-3,4,4,4,4,4,4,4,4,4,4,4,4,4,4,4,4,4,4,4,4,4,4,4,4,4,4,4,4,4,4,4,4,4,4,4,4,4,4,3,
-3,3,3,3,3,3,3,3,3,3,3,3,3,3,3,3,3,3,3,3,3,3,3,3,3,3,3,3,3,3,3,3,3,3,3,3,3,3,3,3
-
-[event]
-type=on_trigger
-location=9,9,2,2
-intermap=maps/perdition_harbor.txt,15,23
-
-[event]
-type=on_trigger
-location=16,7,2,2
-intermap=maps/stonewood.txt,59,43
-
+[header]
+width=40
+height=40
+tilewidth=64
+tileheight=32
+orientation=isometric
+music=music/dungeon_theme.ogg
+tileset=tilesetdefs/tileset_dungeon.txt
+title=Hyperspace
+
+[tilesets]
+tileset=../../../tiled/dungeon/tiled_collision.png,64,32,0,0
+tileset=../../../tiled/dungeon/tiled_dungeon.png,64,128,0,0
+tileset=../../../tiled/dungeon/set_rules.png,64,32,0,0
+tileset=../../../tiled/dungeon/tiled_dungeon_2x2.png,128,64,0,16
+tileset=../../../tiled/dungeon/door_left.png,64,128,-16,-8
+tileset=../../../tiled/dungeon/door_right.png,64,128,16,-8
+tileset=../../../tiled/dungeon/stairs.png,256,256,0,48
+
+[layer]
+type=background
+data=
+0,0,0,0,0,0,0,0,0,0,0,0,0,0,0,0,0,0,0,0,0,0,0,0,0,0,0,0,0,0,0,0,0,0,0,0,0,0,0,0,
+0,0,0,0,0,0,0,0,0,0,0,0,0,0,0,0,0,0,0,0,0,0,0,0,0,0,0,0,0,0,0,0,0,0,0,0,0,0,0,0,
+0,0,0,0,0,0,0,0,0,0,0,0,0,0,0,0,0,0,0,0,0,0,0,0,0,0,0,0,0,0,0,0,0,0,0,0,0,0,0,0,
+0,0,0,0,0,0,0,0,0,0,0,0,0,0,0,0,0,0,0,0,0,0,0,0,0,0,0,0,0,0,0,0,0,0,0,0,0,0,0,0,
+0,0,0,0,0,0,0,0,0,0,0,0,0,0,0,0,0,0,0,0,0,0,0,0,0,0,0,0,0,0,0,0,0,0,0,0,0,0,0,0,
+0,0,0,0,0,0,0,0,0,0,0,0,0,0,0,0,0,0,0,0,0,0,0,0,0,0,0,0,0,0,0,0,0,0,0,0,0,0,0,0,
+0,0,0,0,0,0,0,0,0,0,0,0,0,0,0,0,0,0,0,0,0,0,0,0,0,0,0,0,0,0,0,0,0,0,0,0,0,0,0,0,
+0,0,0,0,0,0,0,24,21,21,21,21,25,49,0,24,0,0,25,49,0,24,0,0,25,49,0,24,21,21,21,21,25,0,0,0,0,0,0,0,
+0,0,0,0,0,0,0,20,32,33,34,35,22,49,0,20,264,0,22,49,0,20,264,0,22,49,0,20,32,33,34,35,22,0,0,0,0,0,0,0,
+0,0,0,0,0,0,0,20,32,0,0,35,29,21,21,28,32,33,45,21,21,28,32,33,29,21,21,28,32,0,0,35,22,0,0,0,0,0,0,0,
+0,0,0,0,0,0,0,20,32,265,0,35,30,23,23,23,23,23,23,23,23,23,23,23,23,23,23,44,32,264,0,35,22,0,0,0,0,0,0,0,
+0,0,0,0,0,0,0,20,32,33,34,35,22,48,50,50,50,50,50,50,50,50,50,50,50,50,50,20,32,33,34,35,22,49,0,0,0,0,0,0,
+0,0,0,0,0,0,0,27,23,31,46,23,26,49,0,0,0,0,0,0,0,0,0,0,0,0,0,27,23,31,30,23,26,49,0,0,0,0,0,0,
+0,0,0,0,0,0,0,50,50,20,22,48,50,0,0,0,0,0,0,0,0,0,0,0,0,0,0,50,50,20,22,48,50,0,0,0,0,0,0,0,
+0,0,0,0,0,0,0,0,0,20,22,49,0,0,0,0,0,0,0,0,0,0,0,0,0,0,0,0,0,20,22,49,0,0,0,0,0,0,0,0,
+0,0,0,0,0,0,0,24,21,28,22,49,0,0,0,0,0,0,0,0,0,0,0,0,0,0,0,0,0,20,29,21,25,49,0,0,0,0,0,0,
+0,0,0,0,0,0,0,0,0,32,22,49,0,0,0,0,0,0,0,0,0,0,0,0,0,0,0,0,0,20,32,0,0,49,0,0,0,0,0,0,
+0,0,0,0,0,0,0,264,0,32,22,49,0,0,0,0,0,0,0,0,0,0,0,0,0,0,0,0,0,20,32,264,0,49,0,0,0,0,0,0,
+0,0,0,0,0,0,0,27,23,31,22,49,0,0,0,0,0,0,0,0,0,0,0,0,0,0,0,0,0,20,30,23,26,49,0,0,0,0,0,0,
+0,0,0,0,0,0,0,50,50,20,22,49,0,0,0,0,0,0,0,0,0,0,0,0,0,0,0,0,0,20,22,48,50,0,0,0,0,0,0,0,
+0,0,0,0,0,0,0,0,0,20,22,49,0,0,0,0,0,0,0,0,0,0,0,0,0,0,0,0,0,20,22,49,0,0,0,0,0,0,0,0,
+0,0,0,0,0,0,0,24,21,28,22,49,0,0,0,0,0,0,0,0,0,0,0,0,0,0,0,0,0,20,29,21,25,49,0,0,0,0,0,0,
+0,0,0,0,0,0,0,0,0,32,22,49,0,0,0,0,0,0,0,0,0,0,0,0,0,0,0,0,0,20,32,0,0,49,0,0,0,0,0,0,
+0,0,0,0,0,0,0,264,0,32,22,49,0,0,0,0,0,0,0,0,0,0,0,0,0,0,0,0,0,20,32,264,0,49,0,0,0,0,0,0,
+0,0,0,0,0,0,0,27,23,31,22,49,0,0,0,0,0,0,0,0,0,0,0,0,0,0,0,0,0,20,47,23,26,49,0,0,0,0,0,0,
+0,0,0,0,0,0,0,50,50,20,22,49,0,0,0,0,0,0,0,0,0,0,0,0,0,0,0,0,0,20,22,48,50,0,0,0,0,0,0,0,
+0,0,0,0,0,0,0,0,0,20,22,49,0,0,0,0,0,0,0,0,0,0,0,0,0,0,0,0,0,20,22,49,0,0,0,0,0,0,0,0,
+0,0,0,0,0,0,0,24,21,28,38,21,25,49,0,0,0,0,0,0,0,0,0,0,0,0,0,24,21,28,39,21,25,49,0,0,0,0,0,0,
+0,0,0,0,0,0,0,20,32,33,34,35,22,49,0,0,0,0,0,0,0,0,0,0,0,0,0,20,32,33,34,35,22,49,0,0,0,0,0,0,
+0,0,0,0,0,0,0,20,32,0,0,35,29,21,21,21,21,21,21,21,21,21,21,21,21,21,21,28,32,0,0,35,22,0,0,0,0,0,0,0,
+0,0,0,0,0,0,0,20,32,264,0,35,42,23,23,31,32,33,30,23,23,31,32,33,30,23,23,31,32,264,0,35,22,0,0,0,0,0,0,0,
+0,0,0,0,0,0,0,20,32,33,34,35,22,48,50,20,0,0,16,48,50,20,0,0,22,48,50,20,32,33,34,35,22,0,0,0,0,0,0,0,
+0,0,0,0,0,0,0,27,23,23,23,23,26,49,0,27,264,0,26,49,0,27,264,0,26,49,0,27,23,23,23,23,26,0,0,0,0,0,0,0,
+0,0,0,0,0,0,0,0,0,0,0,50,50,0,0,50,50,50,50,0,0,50,50,50,50,0,0,50,50,0,0,0,0,0,0,0,0,0,0,0,
+0,0,0,0,0,0,0,0,0,0,0,0,0,0,0,0,0,0,0,0,0,0,0,0,0,0,0,0,0,0,0,0,0,0,0,0,0,0,0,0,
+0,0,0,0,0,0,0,0,0,0,0,0,0,0,0,0,0,0,0,0,0,0,0,0,0,0,0,0,0,0,0,0,0,0,0,0,0,0,0,0,
+0,0,0,0,0,0,0,0,0,0,0,0,0,0,0,0,0,0,0,0,0,0,0,0,0,0,0,0,0,0,0,0,0,0,0,0,0,0,0,0,
+0,0,0,0,0,0,0,0,0,0,0,0,0,0,0,0,0,0,0,0,0,0,0,0,0,0,0,0,0,0,0,0,0,0,0,0,0,0,0,0,
+0,0,0,0,0,0,0,0,0,0,0,0,0,0,0,0,0,0,0,0,0,0,0,0,0,0,0,0,0,0,0,0,0,0,0,0,0,0,0,0,
+0,0,0,0,0,0,0,0,0,0,0,0,0,0,0,0,0,0,0,0,0,0,0,0,0,0,0,0,0,0,0,0,0,0,0,0,0,0,0,0
+
+[layer]
+type=object
+data=
+0,0,0,0,0,0,0,0,0,0,0,0,0,0,0,0,0,0,0,0,0,0,0,0,0,0,0,0,0,0,0,0,0,0,0,0,0,0,0,0,
+0,0,0,0,0,0,0,0,0,0,0,0,0,0,0,0,0,0,0,0,0,0,0,0,0,0,0,0,0,0,0,0,0,0,0,0,0,0,0,0,
+0,0,0,0,0,0,0,0,0,0,0,0,0,0,0,0,0,0,0,0,0,0,0,0,0,0,0,0,0,0,0,0,0,0,0,0,0,0,0,0,
+0,0,0,0,0,0,0,0,0,0,0,0,0,0,0,0,0,0,0,0,0,0,0,0,0,0,0,0,0,0,0,0,0,0,0,0,0,0,0,0,
+0,0,0,0,0,0,0,0,0,0,0,0,0,0,0,0,0,0,0,0,0,0,0,0,0,0,0,0,0,0,0,0,0,0,0,0,0,0,0,0,
+0,0,0,0,0,0,0,0,0,0,0,0,0,0,0,0,0,0,0,0,0,0,0,0,0,0,0,0,0,0,0,0,0,0,0,0,0,0,0,0,
+0,0,0,0,0,0,0,0,0,0,0,0,0,0,0,0,0,0,0,0,0,0,0,0,0,0,0,0,0,0,0,0,0,0,0,0,0,0,0,0,
+0,0,0,0,0,0,0,77,65,65,65,73,0,0,0,110,0,0,110,0,0,110,0,0,110,0,0,0,74,65,65,105,78,0,0,0,0,0,0,0,
+0,0,0,0,0,0,0,104,0,0,0,0,0,0,0,0,0,0,0,0,0,0,0,0,0,0,0,0,0,0,0,0,70,0,0,0,0,0,0,0,
+0,0,0,0,0,0,0,68,0,0,0,0,0,0,0,0,0,0,0,0,0,0,0,0,0,0,0,0,0,0,0,0,82,0,0,0,0,0,0,0,
+0,0,0,0,0,0,0,68,0,0,0,0,0,0,0,0,0,0,0,0,0,0,0,0,0,0,0,0,0,0,0,0,90,0,0,0,0,0,0,0,
+0,0,0,0,0,0,0,73,0,0,0,0,0,0,0,0,0,0,0,0,0,0,0,0,0,0,0,0,0,0,0,0,0,0,0,0,0,0,0,0,
+0,0,0,0,0,0,0,0,0,0,0,0,0,0,0,0,0,0,0,0,0,0,0,0,0,0,0,0,0,0,0,0,0,0,0,0,0,0,0,0,
+0,0,0,0,0,0,0,0,0,0,0,0,0,0,0,0,0,0,0,0,0,0,0,0,0,0,0,0,0,0,0,0,0,0,0,0,0,0,0,0,
+0,0,0,0,0,0,0,0,0,0,0,0,0,0,0,0,0,0,0,0,0,0,0,0,0,0,0,0,0,0,0,0,0,0,0,0,0,0,0,0,
+0,0,0,0,0,0,0,110,0,0,0,0,0,0,0,0,0,0,0,0,0,0,0,0,0,0,0,0,0,0,0,0,110,0,0,0,0,0,0,0,
+0,0,0,0,0,0,0,0,0,0,0,0,0,0,0,0,0,0,0,0,0,0,0,0,0,0,0,0,0,0,0,0,0,0,0,0,0,0,0,0,
+0,0,0,0,0,0,0,0,0,0,0,0,0,0,0,0,0,0,0,0,0,0,0,0,0,0,0,0,0,0,0,0,0,0,0,0,0,0,0,0,
+0,0,0,0,0,0,0,110,0,0,0,0,0,0,0,0,0,0,0,0,0,0,0,0,0,0,0,0,0,0,0,0,110,0,0,0,0,0,0,0,
+0,0,0,0,0,0,0,0,0,0,0,0,0,0,0,0,0,0,0,0,0,0,0,0,0,0,0,0,0,0,0,0,0,0,0,0,0,0,0,0,
+0,0,0,0,0,0,0,0,0,0,0,0,0,0,0,0,0,0,0,0,0,0,0,0,0,0,0,0,0,0,0,0,0,0,0,0,0,0,0,0,
+0,0,0,0,0,0,0,110,0,0,0,0,0,0,0,0,0,0,0,0,0,0,0,0,0,0,0,0,0,0,0,0,110,0,0,0,0,0,0,0,
+0,0,0,0,0,0,0,0,0,0,0,0,0,0,0,0,0,0,0,0,0,0,0,0,0,0,0,0,0,0,0,0,0,0,0,0,0,0,0,0,
+0,0,0,0,0,0,0,0,0,0,0,0,0,0,0,0,0,0,0,0,0,0,0,0,0,0,0,0,0,0,0,0,0,0,0,0,0,0,0,0,
+0,0,0,0,0,0,0,110,0,0,0,0,0,0,0,0,0,0,0,0,0,0,0,0,0,0,0,0,0,0,0,0,110,0,0,0,0,0,0,0,
+0,0,0,0,0,0,0,0,0,0,0,0,0,0,0,0,0,0,0,0,0,0,0,0,0,0,0,0,0,0,0,0,0,0,0,0,0,0,0,0,
+0,0,0,0,0,0,0,0,0,0,0,0,0,0,0,0,0,0,0,0,0,0,0,0,0,0,0,0,0,0,0,0,0,0,0,0,0,0,0,0,
+0,0,0,0,0,0,0,0,0,0,0,0,0,0,0,0,0,0,0,0,0,0,0,0,0,0,0,0,0,0,0,0,0,0,0,0,0,0,0,0,
+0,0,0,0,0,0,0,72,0,0,0,0,0,0,0,0,0,0,0,0,0,0,0,0,0,0,0,0,0,0,0,0,0,0,0,0,0,0,0,0,
+0,0,0,0,0,0,0,68,0,0,0,0,0,0,0,0,0,0,0,0,0,0,0,0,0,0,0,0,0,0,0,0,91,0,0,0,0,0,0,0,
+0,0,0,0,0,0,0,68,0,0,0,0,0,0,0,0,0,0,0,0,0,0,0,0,0,0,0,0,0,0,0,0,82,0,0,0,0,0,0,0,
+0,0,0,0,0,0,0,104,0,0,0,0,0,0,0,0,0,0,0,0,0,0,0,0,0,0,0,0,0,0,0,0,82,0,0,0,0,0,0,0,
+0,0,0,0,0,0,0,76,71,83,88,0,0,0,0,110,0,0,110,0,0,110,0,0,110,0,0,0,0,91,83,83,95,0,0,0,0,0,0,0,
+0,0,0,0,0,0,0,0,0,0,0,0,0,0,0,0,0,0,0,0,0,0,0,0,0,0,0,0,0,0,0,0,0,0,0,0,0,0,0,0,
+0,0,0,0,0,0,0,0,0,0,0,0,0,0,0,0,0,0,0,0,0,0,0,0,0,0,0,0,0,0,0,0,0,0,0,0,0,0,0,0,
+0,0,0,0,0,0,0,0,0,0,0,0,0,0,0,0,0,0,0,0,0,0,0,0,0,0,0,0,0,0,0,0,0,0,0,0,0,0,0,0,
+0,0,0,0,0,0,0,0,0,0,0,0,0,0,0,0,0,0,0,0,0,0,0,0,0,0,0,0,0,0,0,0,0,0,0,0,0,0,0,0,
+0,0,0,0,0,0,0,0,0,0,0,0,0,0,0,0,0,0,0,0,0,0,0,0,0,0,0,0,0,0,0,0,0,0,0,0,0,0,0,0,
+0,0,0,0,0,0,0,0,0,0,0,0,0,0,0,0,0,0,0,0,0,0,0,0,0,0,0,0,0,0,0,0,0,0,0,0,0,0,0,0,
+0,0,0,0,0,0,0,0,0,0,0,0,0,0,0,0,0,0,0,0,0,0,0,0,0,0,0,0,0,0,0,0,0,0,0,0,0,0,0,0
+
+[layer]
+type=collision
+data=
+3,3,3,3,3,3,3,3,3,3,3,3,3,3,3,3,3,3,3,3,3,3,3,3,3,3,3,3,3,3,3,3,3,3,3,3,3,3,3,3,
+3,4,4,4,4,4,4,4,4,4,4,4,4,4,4,4,4,4,4,4,4,4,4,4,4,4,4,4,4,4,4,4,4,4,4,4,4,4,4,3,
+3,4,4,4,4,4,4,4,4,4,4,4,4,4,4,4,4,4,4,4,4,4,4,4,4,4,4,4,4,4,4,4,4,4,4,4,4,4,4,3,
+3,4,4,4,4,4,4,4,4,4,4,4,4,4,4,4,4,4,4,4,4,4,4,4,4,4,4,4,4,4,4,4,4,4,4,4,4,4,4,3,
+3,4,4,4,4,4,4,4,4,4,4,4,4,4,4,4,4,4,4,4,4,4,4,4,4,4,4,4,4,4,4,4,4,4,4,4,4,4,4,3,
+3,4,4,4,4,4,4,4,4,4,4,4,4,4,4,4,4,4,4,4,4,4,4,4,4,4,4,4,4,4,4,4,4,4,4,4,4,4,4,3,
+3,4,4,4,4,4,2,2,2,2,2,2,2,2,2,2,2,2,2,2,2,2,2,2,2,2,2,2,2,2,2,2,2,2,4,4,4,4,4,3,
+3,4,4,4,4,4,2,1,1,1,1,1,0,2,2,1,0,0,1,2,2,1,0,0,1,2,2,0,1,1,1,1,1,2,4,4,4,4,4,3,
+3,4,4,4,4,4,2,1,0,0,0,0,0,2,2,0,0,0,0,2,2,0,0,0,0,2,2,0,0,0,0,0,1,2,4,4,4,4,4,3,
+3,4,4,4,4,4,2,1,0,0,0,0,0,0,0,0,0,0,0,0,0,0,0,0,0,0,0,0,0,0,0,0,1,2,4,4,4,4,4,3,
+3,4,4,4,4,4,2,1,0,0,0,0,0,0,0,0,0,0,0,0,0,0,0,0,0,0,0,0,0,0,0,0,1,2,4,4,4,4,4,3,
+3,4,4,4,4,4,2,1,0,0,0,0,0,2,2,2,2,2,2,2,2,2,2,2,2,2,2,0,0,0,0,0,0,2,4,4,4,4,4,3,
+3,4,4,4,4,4,2,0,0,0,0,0,0,2,4,4,4,4,4,4,4,4,4,4,4,4,2,0,0,0,0,0,0,2,4,4,4,4,4,3,
+3,4,4,4,4,4,2,2,2,0,0,2,2,2,4,4,4,4,4,4,4,4,4,4,4,4,2,2,2,0,0,2,2,2,4,4,4,4,4,3,
+3,4,4,4,4,4,2,2,2,0,0,2,4,4,4,4,4,4,4,4,4,4,4,4,4,4,4,4,2,0,0,2,2,2,4,4,4,4,4,3,
+3,4,4,4,4,4,2,1,0,0,0,2,4,4,4,4,4,4,4,4,4,4,4,4,4,4,4,4,2,0,0,0,1,2,4,4,4,4,4,3,
+3,4,4,4,4,4,2,0,0,0,0,2,4,4,4,4,4,4,4,4,4,4,4,4,4,4,4,4,2,0,0,0,0,2,4,4,4,4,4,3,
+3,4,4,4,4,4,2,0,0,0,0,2,4,4,4,4,4,4,4,4,4,4,4,4,4,4,4,4,2,0,0,0,0,2,4,4,4,4,4,3,
+3,4,4,4,4,4,2,1,0,0,0,2,4,4,4,4,4,4,4,4,4,4,4,4,4,4,4,4,2,0,0,0,1,2,4,4,4,4,4,3,
+3,4,4,4,4,4,2,2,2,0,0,2,4,4,4,4,4,4,4,4,4,4,4,4,4,4,4,4,2,0,0,2,2,2,4,4,4,4,4,3,
+3,4,4,4,4,4,2,2,2,0,0,2,4,4,4,4,4,4,4,4,4,4,4,4,4,4,4,4,2,0,0,2,2,2,4,4,4,4,4,3,
+3,4,4,4,4,4,2,1,0,0,0,2,4,4,4,4,4,4,4,4,4,4,4,4,4,4,4,4,2,0,0,0,1,2,4,4,4,4,4,3,
+3,4,4,4,4,4,2,0,0,0,0,2,4,4,4,4,4,4,4,4,4,4,4,4,4,4,4,4,2,0,0,0,0,2,4,4,4,4,4,3,
+3,4,4,4,4,4,2,0,0,0,0,2,4,4,4,4,4,4,4,4,4,4,4,4,4,4,4,4,2,0,0,0,0,2,4,4,4,4,4,3,
+3,4,4,4,4,4,2,1,0,0,0,2,4,4,4,4,4,4,4,4,4,4,4,4,4,4,4,4,2,0,0,0,1,2,4,4,4,4,4,3,
+3,4,4,4,4,4,2,2,2,0,0,2,4,4,4,4,4,4,4,4,4,4,4,4,4,4,4,4,2,0,0,2,2,2,4,4,4,4,4,3,
+3,4,4,4,4,4,2,2,2,0,0,2,2,2,4,4,4,4,4,4,4,4,4,4,4,4,2,2,2,0,0,2,2,2,4,4,4,4,4,3,
+3,4,4,4,4,4,2,0,0,0,0,0,0,2,4,4,4,4,4,4,4,4,4,4,4,4,2,0,0,0,0,0,0,2,4,4,4,4,4,3,
+3,4,4,4,4,4,2,1,0,0,0,0,0,2,2,2,2,2,2,2,2,2,2,2,2,2,2,0,0,0,0,0,0,2,4,4,4,4,4,3,
+3,4,4,4,4,4,2,1,0,0,0,0,0,0,0,0,0,0,0,0,0,0,0,0,0,0,0,0,0,0,0,0,1,2,4,4,4,4,4,3,
+3,4,4,4,4,4,2,1,0,0,0,0,0,0,0,0,0,0,0,0,0,0,0,0,0,0,0,0,0,0,0,0,1,2,4,4,4,4,4,3,
+3,4,4,4,4,4,2,1,0,0,0,0,0,2,2,0,0,0,0,2,2,0,0,0,0,2,2,0,0,0,0,0,1,2,4,4,4,4,4,3,
+3,4,4,4,4,4,2,1,1,1,1,0,0,2,2,1,0,0,1,2,2,1,0,0,1,2,2,0,0,1,1,1,1,2,4,4,4,4,4,3,
+3,4,4,4,4,4,2,2,2,2,2,2,2,2,2,2,2,2,2,2,2,2,2,2,2,2,2,2,2,2,2,2,2,2,4,4,4,4,4,3,
+3,4,4,4,4,4,4,4,4,4,4,4,4,4,4,4,4,4,4,4,4,4,4,4,4,4,4,4,4,4,4,4,4,4,4,4,4,4,4,3,
+3,4,4,4,4,4,4,4,4,4,4,4,4,4,4,4,4,4,4,4,4,4,4,4,4,4,4,4,4,4,4,4,4,4,4,4,4,4,4,3,
+3,4,4,4,4,4,4,4,4,4,4,4,4,4,4,4,4,4,4,4,4,4,4,4,4,4,4,4,4,4,4,4,4,4,4,4,4,4,4,3,
+3,4,4,4,4,4,4,4,4,4,4,4,4,4,4,4,4,4,4,4,4,4,4,4,4,4,4,4,4,4,4,4,4,4,4,4,4,4,4,3,
+3,4,4,4,4,4,4,4,4,4,4,4,4,4,4,4,4,4,4,4,4,4,4,4,4,4,4,4,4,4,4,4,4,4,4,4,4,4,4,3,
+3,3,3,3,3,3,3,3,3,3,3,3,3,3,3,3,3,3,3,3,3,3,3,3,3,3,3,3,3,3,3,3,3,3,3,3,3,3,3,3
+
+[event]
+type=on_trigger
+location=9,9,2,2
+intermap=maps/perdition_harbor.txt,15,23
+
+[event]
+type=on_trigger
+location=16,7,2,2
+intermap=maps/stonewood.txt,59,43
+
+[event]
+# Wind sound
+type=on_load
+location=0,0,1,1
+soundfx=soundfx/environment/cave_wind_loop.ogg
+
diff --git a/mods/empyrean_campaign/maps/perdition_harbor.txt b/mods/empyrean_campaign/maps/perdition_harbor.txt
index 6ecb1c2bc1e1495243f7499db9a1e92ddb1ccec2..bd0c06454f7e1a9fd51332118a83577b44acf8e3 100644
--- a/mods/empyrean_campaign/maps/perdition_harbor.txt
+++ b/mods/empyrean_campaign/maps/perdition_harbor.txt
@@ -81,8 +81,8 @@ data=
 0,0,0,48,0,0,124,0,103,0,0,0,123,0,0,0,0,0,0,0,126,0,0,0,0,0,0,0,0,0,0,0,108,0,127,69,53,61,0,0,
 0,0,0,52,115,0,0,0,0,0,0,124,0,127,0,0,0,0,0,105,0,0,0,0,0,0,0,0,0,0,0,0,132,126,0,0,122,65,57,0,
 0,0,0,63,71,0,0,0,0,0,0,0,0,0,0,0,0,0,0,104,0,0,0,0,0,0,0,0,0,0,0,0,0,0,0,0,0,0,54,0,
-0,0,0,0,52,0,0,0,0,0,0,0,121,0,0,0,0,0,0,0,121,0,0,73,76,0,127,127,0,0,125,0,0,0,0,0,0,126,54,0,
-0,0,0,0,52,0,0,0,113,124,0,0,0,0,0,0,0,0,0,0,0,0,0,72,0,0,0,0,0,252,0,0,0,0,0,0,0,125,54,0,
+0,0,0,0,52,0,0,0,0,0,0,0,121,0,0,0,0,0,0,0,121,0,0,73,76,0,127,127,0,0,125,0,94,0,0,0,0,126,54,0,
+0,0,0,0,52,0,0,0,113,124,0,0,0,0,0,0,0,0,0,0,0,0,0,72,0,0,0,0,0,252,0,0,94,0,0,0,0,125,54,0,
 0,0,56,49,68,0,0,0,0,123,0,0,0,0,0,0,0,0,0,0,0,0,0,0,0,0,0,0,0,0,0,125,0,0,0,0,0,0,54,0,
 0,60,68,126,0,0,0,0,0,0,0,0,0,0,126,0,125,0,0,0,0,0,0,0,0,0,0,0,116,0,123,0,0,0,0,0,0,0,50,0,
 0,64,0,0,0,0,106,107,0,126,0,0,125,244,119,0,0,0,0,0,0,0,0,0,0,0,0,0,0,127,0,123,0,0,0,0,0,0,50,0,
@@ -176,6 +176,66 @@ type=on_trigger
 location=33,16,4,4
 intermap=maps/book_of_the_dead.txt,17,46
 
+[event]
+# Wind and crickets sound effect
+type=on_load
+location=0,0,1,1
+soundfx=soundfx/environment/wind_loop.ogg
+
+[event]
+# Bird twitter
+type=on_load
+location=2,8,1,1
+soundfx=soundfx/environment/bird_twitter_loop.ogg
+
+[event]
+# Anvil sound
+type=on_load
+location=8,14,1,1
+soundfx=soundfx/environment/anvil_loop.ogg
+
+[event]
+# Forrest owl sound effect
+type=on_load
+location=21,8,1,1
+soundfx=soundfx/environment/forest_owl_loop.ogg
+
+[event]
+# Raven sound effect
+type=on_load
+location=13,21,1,1
+soundfx=soundfx/environment/raven_loop.ogg
+
+[event]
+# River sound
+type=on_load
+location=9,29,1,1
+soundfx=soundfx/environment/river_loop.ogg
+
+[event]
+# River sound
+type=on_load
+location=17,15,1,1
+soundfx=soundfx/environment/river_loop.ogg
+
+[event]
+# River sound
+type=on_load
+location=25,24,1,1
+soundfx=soundfx/environment/river_loop.ogg
+
+[event]
+# River sound
+type=on_load
+location=14,3,1,1
+soundfx=soundfx/environment/river_loop.ogg
+
+[event]
+# Bird twitter
+type=on_load
+location=23,26,1,1
+soundfx=soundfx/environment/bird_twitter_loop.ogg
+
 [npc]
 type=npcs/florin.txt
 location=25,8,1,1
diff --git a/mods/empyrean_campaign/maps/river_trail.txt b/mods/empyrean_campaign/maps/river_trail.txt
index 6ea48ab667351629ed11084fd5d45327dc72bc43..a9ebfe83436bcc6eb1880b2ffe49441b49ed2166 100644
--- a/mods/empyrean_campaign/maps/river_trail.txt
+++ b/mods/empyrean_campaign/maps/river_trail.txt
@@ -3,6 +3,7 @@ width=80
 height=40
 tilewidth=64
 tileheight=32
+orientation=isometric
 music=music/wind_ambient.ogg
 tileset=tilesetdefs/tileset_grassland.txt
 title=River Trail
@@ -155,10 +156,107 @@ location=6,4,1,2
 intermap=maps/arrival.txt,37,34
 
 [event]
+# to Perdition Harbor
 type=on_trigger
 location=78,25,1,4
 intermap=maps/perdition_harbor.txt,2,24
 
+[event]
+# Wind and crickets sound effect
+type=on_load
+location=0,0,1,1
+soundfx=soundfx/environment/wind_loop.ogg
+
+[event]
+# River sound
+type=on_load
+location=8,24,1,1
+soundfx=soundfx/environment/river_loop.ogg
+
+[event]
+# River sound
+type=on_load
+location=23,24,1,1
+soundfx=soundfx/environment/river_loop.ogg
+
+[event]
+# River sound
+type=on_load
+location=37,32,1,1
+soundfx=soundfx/environment/river_loop.ogg
+
+[event]
+# River sound
+type=on_load
+location=48,29,1,1
+soundfx=soundfx/environment/river_loop.ogg
+
+[event]
+# River sound
+type=on_load
+location=52,18,1,1
+soundfx=soundfx/environment/river_loop.ogg
+
+[event]
+# River sound
+type=on_load
+location=62,27,1,1
+soundfx=soundfx/environment/river_loop.ogg
+
+[event]
+# River sound
+type=on_load
+location=74,33,1,1
+soundfx=soundfx/environment/river_loop.ogg
+
+[event]
+# Bird twitter
+type=on_load
+location=14,5,1,1
+soundfx=soundfx/environment/bird_twitter_loop.ogg
+
+[event]
+# Forrest owl sound effect
+type=on_load
+location=28,19,1,1
+soundfx=soundfx/environment/forest_owl_loop.ogg
+
+[event]
+# Raven sound effect
+type=on_load
+location=5,16,1,1
+soundfx=soundfx/environment/raven_loop.ogg
+
+[event]
+# Bird twitter
+type=on_load
+location=33,27,1,1
+soundfx=soundfx/environment/bird_twitter_loop.ogg
+
+[event]
+# Forrest owl sound effect
+type=on_load
+location=40,13,1,1
+soundfx=soundfx/environment/forest_owl_loop.ogg
+
+[event]
+# Raven sound effect
+type=on_load
+location=52,14,1,1
+soundfx=soundfx/environment/raven_loop.ogg
+
+[event]
+# Bird twitter
+type=on_load
+location=49,4,1,1
+soundfx=soundfx/environment/bird_twitter_loop.ogg
+
+[event]
+# Forrest owl sound effect
+type=on_load
+location=69,24,1,1
+soundfx=soundfx/environment/forest_owl_loop.ogg
+
 [enemy]
 type=zombie_rotting
 location=4,21,1,1
diff --git a/mods/empyrean_campaign/maps/salted_field.txt b/mods/empyrean_campaign/maps/salted_field.txt
index febaf6a868f17cfff82b55e73dc3ba74c8374138..d39e11e2ab39fc9d8e01a807a889b755f4336ea6 100644
--- a/mods/empyrean_campaign/maps/salted_field.txt
+++ b/mods/empyrean_campaign/maps/salted_field.txt
@@ -232,6 +232,54 @@ repeat=false
 soundfx=soundfx/wood_open.ogg
 tooltip=Supplies
 
+[event]
+# Wind and crickets sound effect
+type=on_load
+location=0,0,1,1
+soundfx=soundfx/environment/wind_loop.ogg
+
+[event]
+# Raven sound effect
+type=on_load
+location=7,13,1,1
+soundfx=soundfx/environment/raven_loop.ogg
+
+[event]
+# Raven sound effect
+type=on_load
+location=29,47,1,1
+soundfx=soundfx/environment/raven_loop.ogg
+
+[event]
+# Bird twitter
+type=on_load
+location=6,47,1,1
+soundfx=soundfx/environment/bird_twitter_loop.ogg
+
+[event]
+# Bird twitter
+type=on_load
+location=35,26,1,1
+soundfx=soundfx/environment/bird_twitter_loop.ogg
+
+[event]
+# Bird twitter
+type=on_load
+location=51,10,1,1
+soundfx=soundfx/environment/bird_twitter_loop.ogg
+
+[event]
+# Forrest owl sound effect
+type=on_load
+location=17,36,1,1
+soundfx=soundfx/environment/forest_owl_loop.ogg
+
+[event]
+# Forrest owl sound effect
+type=on_load
+location=26,18,1,1
+soundfx=soundfx/environment/forest_owl_loop.ogg
+
 [enemy]
 type=goblin_charger
 location=38,32,1,1
diff --git a/mods/empyrean_campaign/maps/stonewood.txt b/mods/empyrean_campaign/maps/stonewood.txt
index 45a6191c59afb7cd9f15d1910fbb6485824e37d7..0ba278bdbc04cf4365fe177f4f78105412dfc14e 100644
--- a/mods/empyrean_campaign/maps/stonewood.txt
+++ b/mods/empyrean_campaign/maps/stonewood.txt
@@ -325,6 +325,150 @@ repeat=false
 soundfx=soundfx/wood_open.ogg
 tooltip=Supplies
 
+[event]
+# Wind and crickets sound effect
+type=on_load
+location=0,0,1,1
+soundfx=soundfx/environment/wind_loop.ogg
+
+[event]
+# Bird twitter
+type=on_load
+location=9,8,1,1
+soundfx=soundfx/environment/bird_twitter_loop.ogg
+
+[event]
+# Bird twitter
+type=on_load
+location=42,15,1,1
+soundfx=soundfx/environment/bird_twitter_loop.ogg
+
+[event]
+# Bird twitter
+type=on_load
+location=74,29,1,1
+soundfx=soundfx/environment/bird_twitter_loop.ogg
+
+[event]
+# Bird twitter
+type=on_load
+location=46,35,1,1
+soundfx=soundfx/environment/bird_twitter_loop.ogg
+
+[event]
+# Bird twitter
+type=on_load
+location=7,47,1,1
+soundfx=soundfx/environment/bird_twitter_loop.ogg
+
+[event]
+# Bird twitter
+type=on_load
+location=49,59,1,1
+soundfx=soundfx/environment/bird_twitter_loop.ogg
+
+[event]
+# River sound
+type=on_load
+location=58,73,1,1
+soundfx=soundfx/environment/river_loop.ogg
+
+[event]
+# River sound
+type=on_load
+location=56,58,1,1
+soundfx=soundfx/environment/river_loop.ogg
+
+[event]
+# River sound
+type=on_load
+location=53,39,1,1
+soundfx=soundfx/environment/river_loop.ogg
+
+[event]
+# River sound
+type=on_load
+location=51,24,1,1
+soundfx=soundfx/environment/river_loop.ogg
+
+[event]
+# River sound
+type=on_load
+location=48,10,1,1
+soundfx=soundfx/environment/river_loop.ogg
+
+[event]
+# Forrest owl sound effect
+type=on_load
+location=20,25,1,1
+soundfx=soundfx/environment/forest_owl_loop.ogg
+
+[event]
+# Forrest owl sound effect
+type=on_load
+location=64,12,1,1
+soundfx=soundfx/environment/forest_owl_loop.ogg
+
+[event]
+# Forrest owl sound effect
+type=on_load
+location=86,40,1,1
+soundfx=soundfx/environment/forest_owl_loop.ogg
+
+[event]
+# Forrest owl sound effect
+type=on_load
+location=36,37,1,1
+soundfx=soundfx/environment/forest_owl_loop.ogg
+
+[event]
+# Forrest owl sound effect
+type=on_load
+location=25,51,1,1
+soundfx=soundfx/environment/forest_owl_loop.ogg
+
+[event]
+# Forrest owl sound effect
+type=on_load
+location=39,73,1,1
+soundfx=soundfx/environment/forest_owl_loop.ogg
+
+[event]
+# Raven sound effect
+type=on_load
+location=37,64,1,1
+soundfx=soundfx/environment/raven_loop.ogg
+
+[event]
+# Raven sound effect
+type=on_load
+location=11,61,1,1
+soundfx=soundfx/environment/raven_loop.ogg
+
+[event]
+# Raven sound effect
+type=on_load
+location=31,43,1,1
+soundfx=soundfx/environment/raven_loop.ogg
+
+[event]
+# Raven sound effect
+type=on_load
+location=64,33,1,1
+soundfx=soundfx/environment/raven_loop.ogg
+
+[event]
+# Raven sound effect
+type=on_load
+location=80,18,1,1
+soundfx=soundfx/environment/raven_loop.ogg
+
+[event]
+# Raven sound effect
+type=on_load
+location=23,8,1,1
+soundfx=soundfx/environment/raven_loop.ogg
+
 [enemy]
 # zombies
 type=zombie
diff --git a/tiled/empyrean_campaign/arrival.tmx b/tiled/empyrean_campaign/arrival.tmx
index c61b5794ad28388a57526f856adbcdd0935cd621..8bdb168e63be2eb878c5290fd93f80d9724c623b 100644
--- a/tiled/empyrean_campaign/arrival.tmx
+++ b/tiled/empyrean_campaign/arrival.tmx
@@ -1,5 +1,5 @@
 <?xml version="1.0" encoding="UTF-8"?>
-<map version="1.0" orientation="isometric" width="40" height="40" tilewidth="64" tileheight="32" backgroundcolor="#000000">
+<map version="1.0" orientation="isometric" renderorder="right-down" width="40" height="40" tilewidth="64" tileheight="32" backgroundcolor="#000000" nextobjectid="8">
  <properties>
   <property name="music" value="music/wind_ambient.ogg"/>
   <property name="tileset" value="tilesetdefs/tileset_grassland.txt"/>
@@ -161,24 +161,46 @@
 3,3,3,3,3,3,3,3,3,3,3,3,3,3,3,3,3,3,3,3,3,3,3,3,3,3,3,3,3,3,3,3,3,3,3,3,3,3,3,3
 </data>
  </layer>
- <objectgroup name="event" width="40" height="40">
-  <object type="on_trigger" x="608" y="608" width="64" height="64">
+ <objectgroup name="event">
+  <object id="1" type="on_trigger" x="608" y="608" width="64" height="64">
    <properties>
     <property name="repeat" value="false"/>
+    <property name="requires_not_status" value="emp_arrival"/>
+    <property name="set_status" value="emp_arrival"/>
     <property name="shakycam" value="2s"/>
    </properties>
   </object>
-  <object type="on_trigger" x="1216" y="1088" width="32" height="64">
+  <object id="2" type="on_trigger" x="1216" y="1088" width="32" height="64">
    <properties>
     <property name="intermap" value="maps/river_trail.txt,7,5"/>
    </properties>
   </object>
-  <object name="backstory cutscene" type="on_load" x="544" y="544" width="32" height="32">
+  <object id="3" name="backstory cutscene" type="on_load" x="544" y="544" width="32" height="32">
    <properties>
-	   <property name="cutscene" value="cutscenes/backstory.txt"/>
+    <property name="cutscene" value="cutscenes/backstory.txt"/>
     <property name="requires_not_status" value="empyrean_backstory"/>
     <property name="set_status" value="empyrean_backstory"/>
    </properties>
   </object>
+  <object id="4" name="Wind and crickets sound effect" type="on_load" x="0" y="0" width="32" height="32">
+   <properties>
+    <property name="soundfx" value="soundfx/environment/wind_loop.ogg"/>
+   </properties>
+  </object>
+  <object id="5" name="Bird twitter" type="on_load" x="864" y="448" width="32" height="32">
+   <properties>
+    <property name="soundfx" value="soundfx/environment/bird_twitter_loop.ogg"/>
+   </properties>
+  </object>
+  <object id="6" name="Forrest owl sound effect" type="on_load" x="352" y="288" width="32" height="32">
+   <properties>
+    <property name="soundfx" value="soundfx/environment/forest_owl_loop.ogg"/>
+   </properties>
+  </object>
+  <object id="7" name="Raven sound effect" type="on_load" x="320" y="864" width="32" height="32">
+   <properties>
+    <property name="soundfx" value="soundfx/environment/raven_loop.ogg"/>
+   </properties>
+  </object>
  </objectgroup>
 </map>
diff --git a/tiled/empyrean_campaign/book_of_the_dead.tmx b/tiled/empyrean_campaign/book_of_the_dead.tmx
index 4be610ea28be841f59df9e123fd8d3243d97bd6c..23020cf32aa9a91a60ca34844c08639801f299e3 100644
--- a/tiled/empyrean_campaign/book_of_the_dead.tmx
+++ b/tiled/empyrean_campaign/book_of_the_dead.tmx
@@ -1,5 +1,5 @@
 <?xml version="1.0" encoding="UTF-8"?>
-<map version="1.0" orientation="isometric" renderorder="right-down" width="32" height="50" tilewidth="64" tileheight="32" backgroundcolor="#000000" nextobjectid="10">
+<map version="1.0" orientation="isometric" renderorder="right-down" width="32" height="50" tilewidth="64" tileheight="32" backgroundcolor="#000000" nextobjectid="11">
  <properties>
   <property name="music" value="music/unrest_theme.ogg"/>
   <property name="tileset" value="tilesetdefs/tileset_dungeon.txt"/>
@@ -138,7 +138,7 @@
 0,0,0,0,0,0,0,0,0,0,0,0,0,0,0,0,0,0,0,0,0,0,0,0,0,0,0,0,0,0,0,0
 </data>
  </layer>
- <layer name="collision" width="32" height="50">
+ <layer name="collision" width="32" height="50" visible="0">
   <data encoding="csv">
 3,3,3,3,3,3,3,3,3,3,3,2,2,2,2,2,2,2,2,2,3,3,3,3,3,3,3,3,3,3,3,3,
 3,3,3,3,3,3,3,3,3,3,3,2,0,0,0,0,0,0,0,2,3,3,3,3,3,3,3,3,3,3,3,3,
@@ -223,5 +223,10 @@
     <property name="soundfx" value="soundfx/environment/open_fire_loop.ogg"/>
    </properties>
   </object>
+  <object id="10" name="Wind sound" type="on_load" x="0" y="0" width="32" height="32">
+   <properties>
+    <property name="soundfx" value="soundfx/environment/cave_wind_loop.ogg"/>
+   </properties>
+  </object>
  </objectgroup>
 </map>
diff --git a/tiled/empyrean_campaign/hyperspace.tmx b/tiled/empyrean_campaign/hyperspace.tmx
index 71204c81e9c56039849777d89d93936315302492..f6e4d5eff9a8bd665ccd1fc18ad784ee7facedef 100644
--- a/tiled/empyrean_campaign/hyperspace.tmx
+++ b/tiled/empyrean_campaign/hyperspace.tmx
@@ -1,5 +1,5 @@
 <?xml version="1.0" encoding="UTF-8"?>
-<map version="1.0" orientation="isometric" width="40" height="40" tilewidth="64" tileheight="32" backgroundcolor="#000000">
+<map version="1.0" orientation="isometric" renderorder="right-down" width="40" height="40" tilewidth="64" tileheight="32" backgroundcolor="#000000" nextobjectid="14">
  <properties>
   <property name="music" value="music/dungeon_theme.ogg"/>
   <property name="tileset" value="tilesetdefs/tileset_dungeon.txt"/>
@@ -162,26 +162,31 @@
 3,3,3,3,3,3,3,3,3,3,3,3,3,3,3,3,3,3,3,3,3,3,3,3,3,3,3,3,3,3,3,3,3,3,3,3,3,3,3,3
 </data>
  </layer>
- <objectgroup name="event" width="40" height="40">
-  <object type="on_trigger" x="288" y="288" width="64" height="64">
+ <objectgroup name="event">
+  <object id="1" type="on_trigger" x="288" y="288" width="64" height="64">
    <properties>
     <property name="intermap" value="maps/perdition_harbor.txt,15,23"/>
    </properties>
   </object>
-  <object type="on_trigger" x="512" y="224" width="64" height="64">
+  <object id="2" type="on_trigger" x="512" y="224" width="64" height="64">
    <properties>
     <property name="intermap" value="maps/stonewood.txt,59,43"/>
    </properties>
   </object>
-  <object x="704" y="224" width="64" height="64"/>
-  <object x="928" y="288" width="64" height="64"/>
-  <object x="992" y="512" width="64" height="64"/>
-  <object x="992" y="704" width="64" height="64"/>
-  <object x="928" y="928" width="64" height="64"/>
-  <object x="704" y="992" width="64" height="64"/>
-  <object x="512" y="992" width="64" height="64"/>
-  <object x="288" y="928" width="64" height="64"/>
-  <object x="224" y="704" width="64" height="64"/>
-  <object x="224" y="512" width="64" height="64"/>
+  <object id="3" x="704" y="224" width="64" height="64"/>
+  <object id="4" x="928" y="288" width="64" height="64"/>
+  <object id="5" x="992" y="512" width="64" height="64"/>
+  <object id="6" x="992" y="704" width="64" height="64"/>
+  <object id="7" x="928" y="928" width="64" height="64"/>
+  <object id="8" x="704" y="992" width="64" height="64"/>
+  <object id="9" x="512" y="992" width="64" height="64"/>
+  <object id="10" x="288" y="928" width="64" height="64"/>
+  <object id="11" x="224" y="704" width="64" height="64"/>
+  <object id="12" x="224" y="512" width="64" height="64"/>
+  <object id="13" name="Wind sound" type="on_load" x="0" y="0" width="32" height="32">
+   <properties>
+    <property name="soundfx" value="soundfx/environment/cave_wind_loop.ogg"/>
+   </properties>
+  </object>
  </objectgroup>
 </map>
diff --git a/tiled/empyrean_campaign/perdition_harbor.tmx b/tiled/empyrean_campaign/perdition_harbor.tmx
index 91c9c590b51b64aed39140101b30a41b5affd064..2d7eb93d11f437cfdbed172ecb45fe4a89e5caa5 100644
--- a/tiled/empyrean_campaign/perdition_harbor.tmx
+++ b/tiled/empyrean_campaign/perdition_harbor.tmx
@@ -1,5 +1,5 @@
 <?xml version="1.0" encoding="UTF-8"?>
-<map version="1.0" orientation="isometric" renderorder="right-down" width="40" height="40" tilewidth="64" tileheight="32" backgroundcolor="#eeeeee" nextobjectid="8">
+<map version="1.0" orientation="isometric" renderorder="right-down" width="40" height="40" tilewidth="64" tileheight="32" backgroundcolor="#eeeeee" nextobjectid="18">
  <properties>
   <property name="music" value="music/unrest_theme.ogg"/>
   <property name="tileset" value="tilesetdefs/tileset_grassland.txt"/>
@@ -92,8 +92,8 @@
 0,0,0,48,0,0,124,0,103,0,0,0,123,0,0,0,0,0,0,0,126,0,0,0,0,0,0,0,0,0,0,0,108,0,127,69,53,61,0,0,
 0,0,0,52,115,0,0,0,0,0,0,124,0,127,0,0,0,0,0,105,0,0,0,0,0,0,0,0,0,0,0,0,132,126,0,0,122,65,57,0,
 0,0,0,63,71,0,0,0,0,0,0,0,0,0,0,0,0,0,0,104,0,0,0,0,0,0,0,0,0,0,0,0,0,0,0,0,0,0,54,0,
-0,0,0,0,52,0,0,0,0,0,0,0,121,0,0,0,0,0,0,0,121,0,0,73,76,0,127,127,0,0,125,0,0,0,0,0,0,126,54,0,
-0,0,0,0,52,0,0,0,113,124,0,0,0,0,0,0,0,0,0,0,0,0,0,72,0,0,0,0,0,252,0,0,0,0,0,0,0,125,54,0,
+0,0,0,0,52,0,0,0,0,0,0,0,121,0,0,0,0,0,0,0,121,0,0,73,76,0,127,127,0,0,125,0,94,0,0,0,0,126,54,0,
+0,0,0,0,52,0,0,0,113,124,0,0,0,0,0,0,0,0,0,0,0,0,0,72,0,0,0,0,0,252,0,0,94,0,0,0,0,125,54,0,
 0,0,56,49,68,0,0,0,0,123,0,0,0,0,0,0,0,0,0,0,0,0,0,0,0,0,0,0,0,0,0,125,0,0,0,0,0,0,54,0,
 0,60,68,126,0,0,0,0,0,0,0,0,0,0,126,0,125,0,0,0,0,0,0,0,0,0,0,0,116,0,123,0,0,0,0,0,0,0,50,0,
 0,64,0,0,0,0,106,107,0,126,0,0,125,244,119,0,0,0,0,0,0,0,0,0,0,0,0,0,0,127,0,123,0,0,0,0,0,0,50,0,
@@ -117,7 +117,7 @@
 0,0,0,0,0,0,0,0,0,0,0,0,0,0,0,0,0,0,0,0,0,0,0,0,0,0,0,0,0,0,0,0,0,0,0,0,0,0,0,0
 </data>
  </layer>
- <layer name="collision" width="40" height="40">
+ <layer name="collision" width="40" height="40" visible="0">
   <data encoding="csv">
 3,3,3,3,3,3,3,3,3,3,3,3,3,3,3,3,3,3,3,3,3,3,3,3,3,3,3,3,3,3,3,3,3,3,3,3,3,3,3,3,
 3,3,3,3,3,3,3,3,3,3,3,1,2,2,2,1,3,3,3,3,3,3,3,3,3,3,3,3,3,3,3,3,3,3,3,3,3,3,3,3,
@@ -185,6 +185,56 @@
     <property name="intermap" value="maps/book_of_the_dead.txt,17,46"/>
    </properties>
   </object>
+  <object id="8" name="Wind and crickets sound effect" type="on_load" x="0" y="0" width="32" height="32">
+   <properties>
+    <property name="soundfx" value="soundfx/environment/wind_loop.ogg"/>
+   </properties>
+  </object>
+  <object id="9" name="Bird twitter" type="on_load" x="64" y="256" width="32" height="32">
+   <properties>
+    <property name="soundfx" value="soundfx/environment/bird_twitter_loop.ogg"/>
+   </properties>
+  </object>
+  <object id="10" name="Anvil sound" type="on_load" x="256" y="448" width="32" height="32">
+   <properties>
+    <property name="soundfx" value="soundfx/environment/anvil_loop.ogg"/>
+   </properties>
+  </object>
+  <object id="11" name="Forrest owl sound effect" type="on_load" x="672" y="256" width="32" height="32">
+   <properties>
+    <property name="soundfx" value="soundfx/environment/forest_owl_loop.ogg"/>
+   </properties>
+  </object>
+  <object id="12" name="Raven sound effect" type="on_load" x="416" y="672" width="32" height="32">
+   <properties>
+    <property name="soundfx" value="soundfx/environment/raven_loop.ogg"/>
+   </properties>
+  </object>
+  <object id="13" name="River sound" type="on_load" x="288" y="928" width="32" height="32">
+   <properties>
+    <property name="soundfx" value="soundfx/environment/river_loop.ogg"/>
+   </properties>
+  </object>
+  <object id="14" name="River sound" type="on_load" x="544" y="480" width="32" height="32">
+   <properties>
+    <property name="soundfx" value="soundfx/environment/river_loop.ogg"/>
+   </properties>
+  </object>
+  <object id="15" name="River sound" type="on_load" x="800" y="768" width="32" height="32">
+   <properties>
+    <property name="soundfx" value="soundfx/environment/river_loop.ogg"/>
+   </properties>
+  </object>
+  <object id="16" name="River sound" type="on_load" x="448" y="96" width="32" height="32">
+   <properties>
+    <property name="soundfx" value="soundfx/environment/river_loop.ogg"/>
+   </properties>
+  </object>
+  <object id="17" name="Bird twitter" type="on_load" x="736" y="832" width="32" height="32">
+   <properties>
+    <property name="soundfx" value="soundfx/environment/bird_twitter_loop.ogg"/>
+   </properties>
+  </object>
  </objectgroup>
  <objectgroup name="npc">
   <object id="5" type="npcs/florin.txt" x="800" y="256" width="32" height="32"/>
diff --git a/tiled/empyrean_campaign/river_trail.tmx b/tiled/empyrean_campaign/river_trail.tmx
index 9b9d3f8b30c2e64b1b365d6914d40fa265da6bbc..5420437af1a5ced7922237ccda478b28acf3b8fa 100644
--- a/tiled/empyrean_campaign/river_trail.tmx
+++ b/tiled/empyrean_campaign/river_trail.tmx
@@ -1,5 +1,5 @@
 <?xml version="1.0" encoding="UTF-8"?>
-<map version="1.0" orientation="isometric" width="80" height="40" tilewidth="64" tileheight="32" backgroundcolor="#000000">
+<map version="1.0" orientation="isometric" renderorder="right-down" width="80" height="40" tilewidth="64" tileheight="32" backgroundcolor="#000000" nextobjectid="23">
  <properties>
   <property name="music" value="music/wind_ambient.ogg"/>
   <property name="tileset" value="tilesetdefs/tileset_grassland.txt"/>
@@ -161,21 +161,101 @@
 3,3,3,3,3,3,3,3,3,3,3,3,3,3,3,3,3,3,3,3,3,3,3,3,3,3,3,3,3,3,3,3,3,3,3,3,3,3,3,3,3,3,3,3,3,3,3,3,3,3,3,3,3,3,3,3,3,3,3,3,3,3,3,3,3,3,3,3,3,3,3,3,3,3,3,3,3,3,3,3
 </data>
  </layer>
- <objectgroup name="event" width="80" height="40">
-  <object name="to Arrival" type="on_trigger" x="192" y="128" width="32" height="64">
+ <objectgroup name="event">
+  <object id="1" name="to Arrival" type="on_trigger" x="192" y="128" width="32" height="64">
    <properties>
     <property name="intermap" value="maps/arrival.txt,37,34"/>
    </properties>
   </object>
-  <object type="on_trigger" x="2496" y="800" width="32" height="128">
+  <object id="2" name="to Perdition Harbor" type="on_trigger" x="2496" y="800" width="32" height="128">
    <properties>
     <property name="intermap" value="maps/perdition_harbor.txt,2,24"/>
    </properties>
   </object>
+  <object id="6" name="Wind and crickets sound effect" type="on_load" x="0" y="0" width="32" height="32">
+   <properties>
+    <property name="soundfx" value="soundfx/environment/wind_loop.ogg"/>
+   </properties>
+  </object>
+  <object id="7" name="River sound" type="on_load" x="256" y="768" width="32" height="32">
+   <properties>
+    <property name="soundfx" value="soundfx/environment/river_loop.ogg"/>
+   </properties>
+  </object>
+  <object id="8" name="River sound" type="on_load" x="736" y="768" width="32" height="32">
+   <properties>
+    <property name="soundfx" value="soundfx/environment/river_loop.ogg"/>
+   </properties>
+  </object>
+  <object id="9" name="River sound" type="on_load" x="1184" y="1024" width="32" height="32">
+   <properties>
+    <property name="soundfx" value="soundfx/environment/river_loop.ogg"/>
+   </properties>
+  </object>
+  <object id="10" name="River sound" type="on_load" x="1536" y="928" width="32" height="32">
+   <properties>
+    <property name="soundfx" value="soundfx/environment/river_loop.ogg"/>
+   </properties>
+  </object>
+  <object id="11" name="River sound" type="on_load" x="1664" y="576" width="32" height="32">
+   <properties>
+    <property name="soundfx" value="soundfx/environment/river_loop.ogg"/>
+   </properties>
+  </object>
+  <object id="12" name="River sound" type="on_load" x="1984" y="864" width="32" height="32">
+   <properties>
+    <property name="soundfx" value="soundfx/environment/river_loop.ogg"/>
+   </properties>
+  </object>
+  <object id="13" name="River sound" type="on_load" x="2368" y="1056" width="32" height="32">
+   <properties>
+    <property name="soundfx" value="soundfx/environment/river_loop.ogg"/>
+   </properties>
+  </object>
+  <object id="14" name="Bird twitter" type="on_load" x="448" y="160" width="32" height="32">
+   <properties>
+    <property name="soundfx" value="soundfx/environment/bird_twitter_loop.ogg"/>
+   </properties>
+  </object>
+  <object id="15" name="Forrest owl sound effect" type="on_load" x="896" y="608" width="32" height="32">
+   <properties>
+    <property name="soundfx" value="soundfx/environment/forest_owl_loop.ogg"/>
+   </properties>
+  </object>
+  <object id="16" name="Raven sound effect" type="on_load" x="160" y="512" width="32" height="32">
+   <properties>
+    <property name="soundfx" value="soundfx/environment/raven_loop.ogg"/>
+   </properties>
+  </object>
+  <object id="17" name="Bird twitter" type="on_load" x="1056" y="864" width="32" height="32">
+   <properties>
+    <property name="soundfx" value="soundfx/environment/bird_twitter_loop.ogg"/>
+   </properties>
+  </object>
+  <object id="18" name="Forrest owl sound effect" type="on_load" x="1280" y="416" width="32" height="32">
+   <properties>
+    <property name="soundfx" value="soundfx/environment/forest_owl_loop.ogg"/>
+   </properties>
+  </object>
+  <object id="20" name="Raven sound effect" type="on_load" x="1664" y="448" width="32" height="32">
+   <properties>
+    <property name="soundfx" value="soundfx/environment/raven_loop.ogg"/>
+   </properties>
+  </object>
+  <object id="21" name="Bird twitter" type="on_load" x="1568" y="128" width="32" height="32">
+   <properties>
+    <property name="soundfx" value="soundfx/environment/bird_twitter_loop.ogg"/>
+   </properties>
+  </object>
+  <object id="22" name="Forrest owl sound effect" type="on_load" x="2208" y="768" width="32" height="32">
+   <properties>
+    <property name="soundfx" value="soundfx/environment/forest_owl_loop.ogg"/>
+   </properties>
+  </object>
  </objectgroup>
- <objectgroup name="enemy" width="80" height="40">
-  <object type="zombie_rotting" x="128" y="672" width="32" height="32"/>
-  <object type="zombie_rotting" x="1472" y="160" width="32" height="32"/>
-  <object type="zombie_rotting" x="1728" y="224" width="32" height="32"/>
+ <objectgroup name="enemy">
+  <object id="3" type="zombie_rotting" x="128" y="672" width="32" height="32"/>
+  <object id="4" type="zombie_rotting" x="1472" y="160" width="32" height="32"/>
+  <object id="5" type="zombie_rotting" x="1728" y="224" width="32" height="32"/>
  </objectgroup>
 </map>
diff --git a/tiled/empyrean_campaign/salted_field.tmx b/tiled/empyrean_campaign/salted_field.tmx
index 92ff8d103798bdc6fb87e85b414b339ca174fe7b..204307e9661e9f4990f4629ae30d7d9fb9726f75 100644
--- a/tiled/empyrean_campaign/salted_field.tmx
+++ b/tiled/empyrean_campaign/salted_field.tmx
@@ -1,5 +1,5 @@
 <?xml version="1.0" encoding="UTF-8"?>
-<map version="1.0" orientation="isometric" renderorder="right-down" width="60" height="60" tilewidth="64" tileheight="32" backgroundcolor="#000000" nextobjectid="17">
+<map version="1.0" orientation="isometric" renderorder="right-down" width="60" height="60" tilewidth="64" tileheight="32" backgroundcolor="#000000" nextobjectid="28">
  <properties>
   <property name="music" value="music/unrest_theme.ogg"/>
   <property name="tileset" value="tilesetdefs/tileset_grassland.txt"/>
@@ -157,7 +157,7 @@
 0,0,0,0,0,0,0,0,0,0,0,0,0,0,0,0,0,0,0,0,0,0,0,0,0,0,0,0,0,0,0,0,0,0,0,0,0,0,0,0,0,0,0,0,0,0,0,0,0,0,0,0,0,0,0,0,0,0,0,0
 </data>
  </layer>
- <layer name="collision" width="60" height="60">
+ <layer name="collision" width="60" height="60" visible="0">
   <data encoding="csv">
 3,3,3,3,3,3,3,3,3,3,3,3,3,3,3,3,3,3,3,3,3,3,3,3,3,3,3,3,3,3,3,3,3,3,3,3,3,3,3,3,3,3,3,3,3,3,3,3,3,3,3,3,3,3,3,3,3,3,3,3,
 3,3,3,3,3,3,3,3,3,3,3,3,3,3,3,3,3,3,3,3,3,3,3,3,3,3,3,3,3,3,3,3,3,3,3,3,3,3,3,3,3,3,3,3,3,3,3,3,3,3,3,3,3,3,3,3,3,3,3,3,
@@ -242,8 +242,48 @@
     <property name="tooltip" value="Supplies"/>
    </properties>
   </object>
+  <object id="17" name="Wind and crickets sound effect" type="on_load" x="0" y="0" width="32" height="32">
+   <properties>
+    <property name="soundfx" value="soundfx/environment/wind_loop.ogg"/>
+   </properties>
+  </object>
+  <object id="18" name="Raven sound effect" type="on_load" x="224" y="416" width="32" height="32">
+   <properties>
+    <property name="soundfx" value="soundfx/environment/raven_loop.ogg"/>
+   </properties>
+  </object>
+  <object id="19" name="Raven sound effect" type="on_load" x="928" y="1504" width="32" height="32">
+   <properties>
+    <property name="soundfx" value="soundfx/environment/raven_loop.ogg"/>
+   </properties>
+  </object>
+  <object id="21" name="Bird twitter" type="on_load" x="192" y="1504" width="32" height="32">
+   <properties>
+    <property name="soundfx" value="soundfx/environment/bird_twitter_loop.ogg"/>
+   </properties>
+  </object>
+  <object id="22" name="Bird twitter" type="on_load" x="1120" y="832" width="32" height="32">
+   <properties>
+    <property name="soundfx" value="soundfx/environment/bird_twitter_loop.ogg"/>
+   </properties>
+  </object>
+  <object id="23" name="Bird twitter" type="on_load" x="1632" y="320" width="32" height="32">
+   <properties>
+    <property name="soundfx" value="soundfx/environment/bird_twitter_loop.ogg"/>
+   </properties>
+  </object>
+  <object id="24" name="Forrest owl sound effect" type="on_load" x="544" y="1152" width="32" height="32">
+   <properties>
+    <property name="soundfx" value="soundfx/environment/forest_owl_loop.ogg"/>
+   </properties>
+  </object>
+  <object id="25" name="Forrest owl sound effect" type="on_load" x="832" y="576" width="32" height="32">
+   <properties>
+    <property name="soundfx" value="soundfx/environment/forest_owl_loop.ogg"/>
+   </properties>
+  </object>
  </objectgroup>
- <objectgroup name="enemy">
+ <objectgroup name="enemy" visible="0">
   <object id="4" type="goblin_charger" x="1216" y="1024" width="32" height="32">
    <properties>
     <property name="waypoints" value="38,32;28,25;22,34;34,37;50,44;47,26"/>
diff --git a/tiled/empyrean_campaign/stonewood.tmx b/tiled/empyrean_campaign/stonewood.tmx
index 77ec35c5a335b031b56a13dad3bdea739adeac1d..c96919f2a59c76c2b17ce1c32224b81368f89dc5 100644
--- a/tiled/empyrean_campaign/stonewood.tmx
+++ b/tiled/empyrean_campaign/stonewood.tmx
@@ -1,5 +1,5 @@
 <?xml version="1.0" encoding="UTF-8"?>
-<map version="1.0" orientation="isometric" renderorder="right-down" width="100" height="80" tilewidth="64" tileheight="32" backgroundcolor="#000000" nextobjectid="23">
+<map version="1.0" orientation="isometric" renderorder="right-down" width="100" height="80" tilewidth="64" tileheight="32" backgroundcolor="#000000" nextobjectid="48">
  <properties>
   <property name="music" value="music/forest_theme.ogg"/>
   <property name="tileset" value="tilesetdefs/tileset_grassland.txt"/>
@@ -332,6 +332,126 @@
     <property name="tooltip" value="Supplies"/>
    </properties>
   </object>
+  <object id="23" name="Wind and crickets sound effect" type="on_load" x="0" y="0" width="32" height="32">
+   <properties>
+    <property name="soundfx" value="soundfx/environment/wind_loop.ogg"/>
+   </properties>
+  </object>
+  <object id="24" name="Bird twitter" type="on_load" x="288" y="256" width="32" height="32">
+   <properties>
+    <property name="soundfx" value="soundfx/environment/bird_twitter_loop.ogg"/>
+   </properties>
+  </object>
+  <object id="25" name="Bird twitter" type="on_load" x="1344" y="480" width="32" height="32">
+   <properties>
+    <property name="soundfx" value="soundfx/environment/bird_twitter_loop.ogg"/>
+   </properties>
+  </object>
+  <object id="26" name="Bird twitter" type="on_load" x="2368" y="928" width="32" height="32">
+   <properties>
+    <property name="soundfx" value="soundfx/environment/bird_twitter_loop.ogg"/>
+   </properties>
+  </object>
+  <object id="27" name="Bird twitter" type="on_load" x="1472" y="1120" width="32" height="32">
+   <properties>
+    <property name="soundfx" value="soundfx/environment/bird_twitter_loop.ogg"/>
+   </properties>
+  </object>
+  <object id="28" name="Bird twitter" type="on_load" x="224" y="1504" width="32" height="32">
+   <properties>
+    <property name="soundfx" value="soundfx/environment/bird_twitter_loop.ogg"/>
+   </properties>
+  </object>
+  <object id="29" name="Bird twitter" type="on_load" x="1568" y="1888" width="32" height="32">
+   <properties>
+    <property name="soundfx" value="soundfx/environment/bird_twitter_loop.ogg"/>
+   </properties>
+  </object>
+  <object id="30" name="River sound" type="on_load" x="1856" y="2336" width="32" height="32">
+   <properties>
+    <property name="soundfx" value="soundfx/environment/river_loop.ogg"/>
+   </properties>
+  </object>
+  <object id="31" name="River sound" type="on_load" x="1792" y="1856" width="32" height="32">
+   <properties>
+    <property name="soundfx" value="soundfx/environment/river_loop.ogg"/>
+   </properties>
+  </object>
+  <object id="32" name="River sound" type="on_load" x="1696" y="1248" width="32" height="32">
+   <properties>
+    <property name="soundfx" value="soundfx/environment/river_loop.ogg"/>
+   </properties>
+  </object>
+  <object id="33" name="River sound" type="on_load" x="1632" y="768" width="32" height="32">
+   <properties>
+    <property name="soundfx" value="soundfx/environment/river_loop.ogg"/>
+   </properties>
+  </object>
+  <object id="34" name="River sound" type="on_load" x="1536" y="320" width="32" height="32">
+   <properties>
+    <property name="soundfx" value="soundfx/environment/river_loop.ogg"/>
+   </properties>
+  </object>
+  <object id="35" name="Forrest owl sound effect" type="on_load" x="640" y="800" width="32" height="32">
+   <properties>
+    <property name="soundfx" value="soundfx/environment/forest_owl_loop.ogg"/>
+   </properties>
+  </object>
+  <object id="37" name="Forrest owl sound effect" type="on_load" x="2048" y="384" width="32" height="32">
+   <properties>
+    <property name="soundfx" value="soundfx/environment/forest_owl_loop.ogg"/>
+   </properties>
+  </object>
+  <object id="38" name="Forrest owl sound effect" type="on_load" x="2752" y="1280" width="32" height="32">
+   <properties>
+    <property name="soundfx" value="soundfx/environment/forest_owl_loop.ogg"/>
+   </properties>
+  </object>
+  <object id="39" name="Forrest owl sound effect" type="on_load" x="1152" y="1184" width="32" height="32">
+   <properties>
+    <property name="soundfx" value="soundfx/environment/forest_owl_loop.ogg"/>
+   </properties>
+  </object>
+  <object id="40" name="Forrest owl sound effect" type="on_load" x="800" y="1632" width="32" height="32">
+   <properties>
+    <property name="soundfx" value="soundfx/environment/forest_owl_loop.ogg"/>
+   </properties>
+  </object>
+  <object id="41" name="Forrest owl sound effect" type="on_load" x="1248" y="2336" width="32" height="32">
+   <properties>
+    <property name="soundfx" value="soundfx/environment/forest_owl_loop.ogg"/>
+   </properties>
+  </object>
+  <object id="42" name="Raven sound effect" type="on_load" x="1184" y="2048" width="32" height="32">
+   <properties>
+    <property name="soundfx" value="soundfx/environment/raven_loop.ogg"/>
+   </properties>
+  </object>
+  <object id="43" name="Raven sound effect" type="on_load" x="352" y="1952" width="32" height="32">
+   <properties>
+    <property name="soundfx" value="soundfx/environment/raven_loop.ogg"/>
+   </properties>
+  </object>
+  <object id="44" name="Raven sound effect" type="on_load" x="992" y="1376" width="32" height="32">
+   <properties>
+    <property name="soundfx" value="soundfx/environment/raven_loop.ogg"/>
+   </properties>
+  </object>
+  <object id="45" name="Raven sound effect" type="on_load" x="2048" y="1056" width="32" height="32">
+   <properties>
+    <property name="soundfx" value="soundfx/environment/raven_loop.ogg"/>
+   </properties>
+  </object>
+  <object id="46" name="Raven sound effect" type="on_load" x="2560" y="576" width="32" height="32">
+   <properties>
+    <property name="soundfx" value="soundfx/environment/raven_loop.ogg"/>
+   </properties>
+  </object>
+  <object id="47" name="Raven sound effect" type="on_load" x="736" y="256" width="32" height="32">
+   <properties>
+    <property name="soundfx" value="soundfx/environment/raven_loop.ogg"/>
+   </properties>
+  </object>
  </objectgroup>
  <objectgroup name="enemy" visible="0">
   <object id="5" name="zombies" type="zombie" x="384" y="608" width="192" height="384">
