diff --git a/mods/empyrean_campaign/maps/merrimead_swamp.txt b/mods/empyrean_campaign/maps/merrimead_swamp.txt
index f0d11f7b2d229af83bab01f1c5297e806cfcec3b..2479d9376f25ceb467dc0ba5a175933eb73c0567 100644
--- a/mods/empyrean_campaign/maps/merrimead_swamp.txt
+++ b/mods/empyrean_campaign/maps/merrimead_swamp.txt
@@ -115,7 +115,7 @@ data=
 0,0,0,0,60,53,49,53,53,53,61,0,0,0,0,0,0,0,0,0,0,56,64,0,0,0,0,0,0,0,0,69,61,0,0,0,0,0,0,0,0,0,0,0,0,0,0,0,0,0,0,0,0,0,0,0,0,0,0,0,0,0,0,0,0,0,0,0,0,0,0,0,0,0,0,0,0,0,0,0,
 0,0,0,56,68,0,0,0,0,0,65,49,53,57,0,0,0,0,0,0,60,64,0,0,0,0,0,0,0,0,0,0,65,61,0,0,0,0,0,0,0,0,0,0,0,0,0,0,0,0,0,0,0,0,0,0,0,0,0,0,0,0,0,0,0,56,53,49,49,53,61,0,0,0,0,0,0,0,0,0,
 0,0,0,48,0,243,0,0,254,0,0,0,0,69,61,0,0,0,0,56,64,119,241,0,0,0,0,0,0,0,0,0,252,65,61,0,0,0,0,0,0,0,0,0,0,0,0,0,0,0,0,0,0,0,0,0,0,0,0,0,0,0,60,53,49,68,0,252,0,127,65,53,53,49,49,49,53,53,49,49,
-0,0,0,48,0,0,0,0,0,0,0,0,250,0,65,49,57,0,60,68,0,0,0,0,0,0,0,0,0,0,0,0,0,0,65,61,0,0,0,0,0,0,0,0,0,0,0,0,0,0,0,0,0,0,0,0,0,0,0,0,0,56,64,113,127,0,0,0,0,0,0,0,0,254,0,110,111,0,250,92,
+0,0,0,48,0,0,0,0,0,0,0,0,250,0,65,49,57,0,60,68,0,0,0,0,0,0,0,0,0,0,0,0,0,0,65,61,0,0,0,0,0,0,0,0,0,0,0,0,0,0,0,0,0,0,0,0,0,0,0,0,0,56,64,113,143,0,0,0,0,0,0,0,0,254,0,110,111,0,250,92,
 0,0,56,68,0,0,0,0,0,112,0,0,0,0,0,0,69,53,68,0,254,0,0,0,0,0,0,0,0,0,0,0,0,0,0,50,0,0,0,0,0,0,0,0,0,0,0,0,0,0,0,0,0,0,0,0,0,0,0,0,0,52,0,0,0,0,0,0,0,0,0,0,122,0,0,0,0,125,0,92,
 0,0,52,0,254,0,0,0,0,0,0,0,0,0,0,0,0,253,0,112,0,0,124,0,0,0,0,0,0,0,0,0,0,0,0,50,0,0,0,0,0,0,0,0,0,0,0,0,0,0,0,0,0,0,0,0,0,0,0,0,0,63,51,55,51,67,0,0,0,0,0,0,0,0,0,0,0,0,0,92,
 0,0,64,0,0,0,0,0,0,0,0,0,0,117,0,0,0,0,0,0,0,0,0,0,0,0,0,114,0,0,0,0,0,0,0,50,0,0,0,0,0,0,0,0,0,0,0,0,0,0,0,0,0,0,0,0,0,0,0,0,0,0,0,0,0,52,0,0,0,0,0,0,0,0,0,0,0,0,0,92,
@@ -129,7 +129,7 @@ data=
 0,0,0,63,67,0,0,0,0,0,0,0,0,0,0,0,0,121,0,126,0,0,0,131,0,0,0,0,0,0,0,0,0,251,69,57,0,0,0,0,0,0,0,0,0,0,0,0,0,0,0,0,0,52,117,0,0,124,0,0,0,0,0,0,0,0,70,58,0,0,0,0,0,0,0,0,0,0,0,0,
 0,0,0,0,48,0,0,0,0,0,0,121,0,0,0,0,0,0,0,0,0,129,0,0,126,0,0,0,120,0,0,0,0,0,0,50,0,0,0,0,0,0,60,53,49,49,68,0,0,0,0,69,49,64,0,0,0,0,0,0,0,0,0,250,66,55,58,0,0,0,0,0,0,0,0,0,0,0,0,0,
 0,0,0,0,63,71,242,0,123,0,0,0,0,0,114,0,0,0,0,0,0,0,0,0,0,112,0,0,0,0,0,0,0,0,0,54,0,0,0,0,0,0,52,0,0,0,245,0,0,0,0,124,0,0,0,0,0,0,0,0,0,66,51,55,58,0,0,0,0,0,0,0,0,0,0,0,0,0,0,0,
-0,0,0,0,0,63,67,0,0,0,0,0,0,0,0,0,0,0,0,120,0,123,0,0,0,0,0,0,0,0,0,0,0,0,0,54,0,0,0,0,0,0,52,0,254,0,0,0,0,0,0,0,0,126,0,0,0,0,0,0,70,58,0,0,0,0,0,0,0,0,0,0,0,0,0,0,0,0,0,0,
+0,0,0,0,0,63,67,0,0,0,0,0,0,0,0,0,0,0,0,120,0,123,0,0,0,0,0,0,0,0,0,0,0,0,0,54,0,0,0,0,0,0,52,0,254,98,0,0,0,0,0,0,0,126,0,0,0,0,0,0,70,58,0,0,0,0,0,0,0,0,0,0,0,0,0,0,0,0,0,0,
 0,0,0,0,0,0,63,67,0,0,0,0,0,0,0,0,0,0,0,0,0,0,0,0,247,0,0,0,0,0,0,0,0,0,0,69,49,61,0,0,0,56,64,0,0,0,0,0,0,0,0,0,0,0,0,0,66,51,51,55,58,0,0,0,0,0,0,0,0,0,0,0,0,0,0,0,0,0,0,0,
 0,0,0,0,0,0,0,48,248,0,0,0,0,0,0,0,118,0,0,0,0,0,0,0,0,0,0,115,0,0,0,0,0,0,0,0,0,65,61,0,0,52,0,249,0,0,0,0,0,0,0,254,0,0,0,66,62,0,0,0,0,0,0,0,0,0,0,0,0,0,0,0,0,0,0,0,0,0,0,0,
 0,0,0,0,0,0,0,59,67,0,0,127,0,0,0,0,0,0,0,0,115,0,0,0,0,0,0,0,0,0,0,0,0,0,0,123,0,242,50,0,0,52,0,0,0,0,0,0,0,115,0,0,126,0,0,54,0,0,0,0,0,0,0,0,0,0,0,0,0,0,0,0,0,0,0,0,0,0,0,0,
@@ -138,8 +138,8 @@ data=
 0,0,0,0,0,0,0,0,0,0,48,252,0,0,0,0,0,0,0,0,0,0,0,0,0,0,0,115,0,0,0,121,0,0,0,0,0,127,65,49,64,0,124,0,0,0,0,0,0,0,0,0,0,0,0,50,0,0,0,60,53,49,64,0,253,0,54,0,0,0,0,0,0,0,0,0,0,0,0,0,
 0,0,0,0,0,0,0,0,0,0,59,71,0,0,112,0,0,0,0,0,0,0,0,0,0,66,67,0,0,0,0,0,0,0,0,0,0,0,0,0,0,0,0,0,0,0,0,0,0,0,0,0,0,0,254,50,0,0,0,48,0,0,0,0,0,0,50,0,0,0,0,0,0,0,0,0,0,0,0,0,
 0,0,0,0,0,0,0,0,0,0,0,48,0,0,0,0,0,0,0,0,121,0,0,0,120,65,64,0,0,0,0,0,0,0,120,0,242,0,0,0,0,0,0,0,0,0,120,0,0,0,0,126,0,0,0,50,0,0,0,52,0,255,0,0,0,0,54,0,0,0,0,0,0,0,0,0,0,0,0,0,
-0,0,0,0,0,0,0,0,0,0,0,48,244,0,0,0,0,0,127,0,0,0,0,0,0,0,0,0,0,120,0,115,0,0,0,0,0,0,0,0,0,0,0,0,0,0,0,0,0,249,0,0,0,0,66,62,0,0,0,48,113,0,0,0,250,0,54,0,0,0,0,0,0,0,0,0,0,0,0,0,
-0,0,0,0,0,0,0,0,0,0,0,63,71,0,0,0,0,0,0,0,0,0,0,0,0,0,0,0,0,0,0,0,0,0,0,0,0,0,127,0,0,0,0,0,0,115,0,0,0,0,0,0,0,0,50,0,0,0,0,52,0,0,127,0,0,0,50,0,0,0,0,0,0,0,0,0,0,0,0,0,
+0,0,0,0,0,0,0,0,0,0,0,48,244,0,0,0,0,0,127,0,0,0,0,0,0,0,0,0,0,120,0,115,0,0,0,0,0,0,0,0,0,0,0,0,0,0,0,0,0,249,0,0,0,0,66,62,0,0,0,48,113,0,96,0,250,0,54,0,0,0,0,0,0,0,0,0,0,0,0,0,
+0,0,0,0,0,0,0,0,0,0,0,63,71,0,0,0,0,0,0,0,0,0,0,0,0,0,0,0,0,0,0,0,0,0,0,0,0,0,127,0,0,0,0,0,0,115,0,0,0,0,0,0,0,0,50,0,0,0,0,52,137,0,127,0,0,0,50,0,0,0,0,0,0,0,0,0,0,0,0,0,
 0,0,0,0,0,0,0,0,0,0,0,0,52,0,0,0,249,0,0,0,126,0,0,0,120,0,0,0,0,0,0,0,0,0,0,0,0,0,0,0,0,240,0,0,0,0,0,0,0,0,124,0,0,0,54,0,0,0,60,68,0,0,0,0,0,0,54,0,0,0,0,0,0,0,0,0,0,0,0,0,
 0,0,0,0,0,0,0,0,0,0,0,60,64,0,0,0,0,0,122,0,0,0,0,0,0,0,0,0,0,0,0,0,0,0,0,120,0,0,0,0,0,0,0,123,0,0,0,0,121,0,0,0,0,70,62,0,0,0,52,0,250,0,0,0,0,66,58,0,0,0,0,0,0,0,0,0,0,0,0,0,
 0,0,0,0,0,0,0,0,0,0,0,48,0,0,125,0,0,0,0,0,0,0,0,0,0,0,0,0,0,0,0,0,0,0,114,0,0,0,0,0,0,0,0,130,0,0,120,0,0,0,0,0,0,50,0,0,0,0,52,0,0,127,0,0,0,50,0,0,0,0,0,0,0,0,0,0,0,0,0,0,
@@ -165,7 +165,7 @@ data=
 0,0,0,48,0,0,0,0,0,0,0,0,0,0,0,0,0,0,0,0,0,0,0,0,0,0,0,124,0,0,0,0,54,0,0,0,0,0,0,0,0,0,63,71,0,0,0,0,0,117,0,0,249,0,0,0,0,0,127,0,0,0,0,0,66,58,0,0,0,0,0,0,0,0,0,0,0,0,0,0,
 0,0,56,68,0,246,0,0,0,0,0,0,114,0,0,0,121,0,0,0,0,0,0,0,120,0,0,0,0,0,0,0,54,0,0,0,0,0,0,0,0,0,0,63,71,0,0,0,0,0,0,0,0,0,0,0,253,0,0,0,0,252,0,70,58,0,0,0,0,0,0,0,0,0,0,0,0,0,0,0,
 0,0,48,0,123,0,0,0,136,0,0,0,0,0,0,0,0,0,0,254,0,0,0,0,0,0,0,0,0,0,0,70,62,0,0,0,0,0,0,0,0,0,0,0,0,71,0,0,0,0,0,0,0,0,0,0,0,0,0,0,0,0,0,54,0,0,0,0,0,0,0,0,0,0,0,0,0,0,0,0,
-0,0,48,0,0,0,0,0,0,0,0,0,0,0,0,0,98,0,0,0,0,74,75,0,0,0,0,0,0,66,51,58,0,0,0,0,0,0,0,0,0,0,0,0,0,0,71,0,0,0,0,0,0,0,0,0,0,0,0,0,0,0,70,62,0,0,0,0,0,0,0,0,0,0,0,0,0,0,0,0,
+0,0,48,0,0,0,0,0,0,0,0,0,0,0,0,0,96,0,0,0,0,74,75,0,0,0,0,0,0,66,51,58,0,0,0,0,0,0,0,0,0,0,0,0,0,0,71,0,0,0,0,0,0,0,0,0,0,0,0,0,0,0,70,62,0,0,0,0,0,0,0,0,0,0,0,0,0,0,0,0,
 0,0,48,252,0,0,0,0,0,0,0,0,120,0,168,169,170,0,0,0,126,0,0,0,102,0,0,0,0,54,0,0,0,0,0,0,0,0,0,0,0,0,0,0,0,0,0,51,71,0,0,0,0,0,0,0,0,0,113,0,0,66,62,0,0,0,0,0,0,0,0,0,0,0,0,0,0,0,0,0,
 0,0,52,0,0,124,0,0,0,0,0,0,0,0,0,0,0,0,0,0,0,0,122,0,0,0,0,0,0,65,53,61,0,0,0,0,0,0,0,0,0,0,0,0,0,0,0,0,59,71,0,0,0,0,0,0,0,0,0,0,0,50,0,0,0,0,0,0,0,0,0,0,0,0,0,0,0,0,0,0,
 0,0,52,0,0,0,0,0,129,121,0,0,0,0,0,0,0,0,0,0,0,0,0,0,0,0,0,124,0,0,0,69,61,0,0,0,0,0,0,0,0,0,0,0,0,0,0,0,0,48,0,0,0,115,0,0,0,0,0,0,0,50,0,0,0,0,0,0,0,0,0,0,0,0,0,0,0,0,0,0,
@@ -199,7 +199,7 @@ data=
 3,3,3,3,1,1,1,1,1,1,1,3,3,3,3,3,3,3,3,3,3,1,1,0,0,0,2,2,2,2,0,1,1,3,3,3,3,3,3,3,3,3,3,3,3,3,3,3,3,3,3,3,3,3,3,3,3,3,3,3,3,3,3,3,3,3,3,3,3,3,3,3,3,3,3,3,3,3,3,3,
 3,3,3,1,1,0,0,0,0,0,1,1,1,1,3,3,3,3,3,3,1,1,0,0,0,0,0,2,2,2,0,0,1,1,3,3,3,3,3,3,3,3,3,3,3,3,3,3,3,3,3,3,3,3,3,3,3,3,3,3,3,3,3,3,3,1,1,1,1,1,1,3,3,3,3,3,3,3,3,3,
 3,3,3,1,0,1,0,0,1,0,0,0,0,1,1,3,3,3,3,1,1,0,1,0,0,0,0,0,0,0,0,0,1,1,1,3,3,3,3,3,3,3,3,3,3,3,3,3,3,3,3,3,3,3,3,3,3,3,3,3,3,3,1,1,1,1,0,1,0,0,1,1,1,1,1,1,1,1,1,1,
-3,3,3,1,0,0,0,0,0,0,0,0,1,0,1,1,1,3,1,1,0,0,0,0,0,0,0,0,0,0,0,0,0,0,1,1,3,3,3,3,3,3,3,3,3,3,3,3,3,3,3,3,3,3,3,3,3,3,3,3,3,1,1,0,0,0,0,0,0,0,0,0,0,1,0,2,2,0,1,0,
+3,3,3,1,0,0,0,0,0,0,0,0,1,0,1,1,1,3,1,1,0,0,0,0,0,0,0,0,0,0,0,0,0,0,1,1,3,3,3,3,3,3,3,3,3,3,3,3,3,3,3,3,3,3,3,3,3,3,3,3,3,1,1,0,2,0,0,0,0,0,0,0,0,1,0,2,2,0,1,0,
 3,3,1,1,0,0,0,0,0,0,0,0,0,0,0,0,1,1,1,0,1,0,0,0,0,0,2,2,2,2,0,0,0,0,0,1,3,3,3,3,3,3,3,3,3,3,3,3,3,3,3,3,3,3,3,3,3,3,3,3,3,1,0,0,0,0,0,0,0,0,0,0,0,0,0,0,0,0,0,0,
 3,3,1,0,1,0,0,0,0,0,0,0,0,0,0,0,0,1,0,0,0,0,0,0,0,2,2,2,2,2,0,0,0,0,0,1,3,3,3,3,3,3,3,3,3,3,3,3,3,3,3,3,3,3,3,3,3,3,3,3,3,1,1,1,1,1,0,0,0,0,0,0,0,0,0,0,0,0,0,0,
 3,3,1,0,0,0,0,0,0,0,2,2,2,2,2,0,0,0,0,0,0,0,0,0,0,2,2,2,2,2,0,0,0,0,0,1,3,3,3,3,3,3,3,3,3,3,3,3,3,3,3,3,3,3,3,3,3,3,3,3,3,3,3,3,3,1,0,0,0,0,0,0,0,0,0,0,0,0,0,0,
@@ -211,9 +211,9 @@ data=
 3,3,1,0,0,0,0,2,2,2,2,2,2,2,2,2,2,2,2,0,0,0,0,0,2,2,2,2,2,0,0,0,0,1,3,3,3,3,3,3,3,3,3,3,3,3,3,3,3,3,3,3,3,1,0,0,0,0,0,0,0,0,0,0,0,0,0,0,1,1,3,3,3,3,3,3,3,3,3,3,
 3,3,1,1,1,0,0,0,2,2,2,2,2,2,2,2,2,2,2,0,0,0,0,0,0,2,2,2,2,0,0,0,0,1,1,3,3,3,3,3,3,3,3,3,3,3,3,3,3,3,3,3,3,1,0,1,0,0,0,0,0,0,0,0,0,0,0,1,1,3,3,3,3,3,3,3,3,3,3,3,
 3,3,3,1,1,0,0,0,0,2,2,2,2,2,2,2,2,2,2,0,0,0,0,0,0,0,2,2,2,2,0,0,0,1,1,1,3,3,3,3,3,3,3,3,3,3,3,3,3,3,3,3,3,1,0,0,0,0,0,0,0,0,0,0,0,0,1,1,3,3,3,3,3,3,3,3,3,3,3,3,
-3,3,3,3,1,0,0,0,0,2,2,2,2,2,2,2,2,2,2,2,0,4,0,0,0,0,2,2,2,2,0,0,0,0,0,1,3,3,3,3,3,3,1,1,1,1,1,2,2,2,2,1,1,1,0,0,0,0,0,0,0,0,0,1,1,1,1,3,3,3,3,3,3,3,3,3,3,3,3,3,
+3,3,3,3,1,0,0,0,0,2,2,2,2,2,2,2,2,2,2,2,0,2,0,0,0,0,2,2,2,2,0,0,0,0,0,1,3,3,3,3,3,3,1,1,1,1,1,2,2,2,2,1,1,1,0,0,0,0,0,0,0,0,0,1,1,1,1,3,3,3,3,3,3,3,3,3,3,3,3,3,
 3,3,3,3,1,1,1,0,0,0,2,2,2,2,2,2,2,2,2,2,0,0,0,0,0,0,2,2,2,2,2,0,0,0,0,1,3,3,3,3,3,3,1,0,0,0,1,2,2,2,2,0,0,0,0,0,0,0,0,0,0,1,1,1,1,3,3,3,3,3,3,3,3,3,3,3,3,3,3,3,
-3,3,3,3,3,1,1,0,0,0,0,2,2,2,2,2,2,2,2,2,2,0,0,0,0,2,2,2,2,2,2,0,0,0,0,1,3,3,3,3,3,3,1,0,1,0,2,2,2,2,2,0,0,0,0,0,0,0,0,0,1,1,3,3,3,3,3,3,3,3,3,3,3,3,3,3,3,3,3,3,
+3,3,3,3,3,1,1,0,0,0,0,2,2,2,2,2,2,2,2,2,2,0,0,0,0,2,2,2,2,2,2,0,0,0,0,1,3,3,3,3,3,3,1,0,1,2,2,2,2,2,2,0,0,0,0,0,0,0,0,0,1,1,3,3,3,3,3,3,3,3,3,3,3,3,3,3,3,3,3,3,
 3,3,3,3,3,3,1,1,0,0,0,2,2,2,2,0,0,2,2,2,2,2,0,0,1,2,2,2,2,2,2,2,0,0,0,1,1,1,3,3,3,1,1,0,0,0,2,2,2,2,2,0,0,0,0,0,1,1,1,1,1,3,3,3,3,3,3,3,3,3,3,3,3,3,3,3,3,3,3,3,
 3,3,3,3,3,3,3,1,1,0,0,0,2,2,0,0,0,0,2,2,2,2,2,0,2,2,2,2,2,2,2,2,0,0,0,0,0,1,1,3,3,1,0,1,0,2,2,2,2,2,0,1,0,0,0,1,1,3,3,3,3,3,3,3,3,3,3,3,3,3,3,3,3,3,3,3,3,3,3,3,
 3,3,3,3,3,3,3,1,1,0,0,0,0,0,0,0,0,0,2,2,2,2,2,2,2,2,2,2,2,2,2,2,2,0,0,0,0,1,1,3,3,1,0,0,0,2,2,2,2,2,0,0,0,0,0,1,3,3,3,3,3,3,3,3,3,3,3,3,3,3,3,3,3,3,3,3,3,3,3,3,
@@ -222,8 +222,8 @@ data=
 3,3,3,3,3,3,3,3,3,3,1,1,0,0,0,0,0,0,2,2,2,2,2,2,2,2,2,2,2,2,2,2,2,2,2,0,0,0,1,1,1,0,0,0,2,2,2,2,2,0,0,0,0,0,0,1,3,3,3,1,1,1,1,0,1,0,1,3,3,3,3,3,3,3,3,3,3,3,3,3,
 3,3,3,3,3,3,3,3,3,3,1,1,0,0,0,0,0,0,2,2,2,2,2,2,2,1,1,2,2,2,2,2,2,2,2,2,0,0,0,0,0,0,0,2,2,2,2,2,0,0,0,0,0,0,1,1,3,3,3,1,0,0,0,0,0,0,1,3,3,3,3,3,3,3,3,3,3,3,3,3,
 3,3,3,3,3,3,3,3,3,3,3,1,0,0,0,0,0,0,2,2,2,2,2,2,2,1,1,2,2,2,2,2,2,2,2,2,1,0,0,0,0,0,0,2,2,2,2,2,0,0,0,0,0,0,0,1,3,3,3,1,0,1,0,0,0,0,1,3,3,3,3,3,3,3,3,3,3,3,3,3,
-3,3,3,3,3,3,3,3,3,3,3,1,1,0,0,0,0,0,0,2,2,2,2,2,2,2,2,2,2,2,2,2,2,2,2,2,2,0,0,0,0,0,0,2,2,2,2,2,0,1,0,0,0,0,1,1,3,3,3,1,0,0,0,0,1,0,1,3,3,3,3,3,3,3,3,3,3,3,3,3,
-3,3,3,3,3,3,3,3,3,3,3,1,1,0,0,0,0,0,0,2,2,2,2,2,2,2,2,2,2,2,2,2,2,2,2,2,2,0,0,0,0,0,2,2,2,2,2,2,2,0,0,0,0,0,1,3,3,3,3,1,0,0,0,0,0,0,1,3,3,3,3,3,3,3,3,3,3,3,3,3,
+3,3,3,3,3,3,3,3,3,3,3,1,1,0,0,0,0,0,0,2,2,2,2,2,2,2,2,2,2,2,2,2,2,2,2,2,2,0,0,0,0,0,0,2,2,2,2,2,0,1,0,0,0,0,1,1,3,3,3,1,0,0,2,0,1,0,1,3,3,3,3,3,3,3,3,3,3,3,3,3,
+3,3,3,3,3,3,3,3,3,3,3,1,1,0,0,0,0,0,0,2,2,2,2,2,2,2,2,2,2,2,2,2,2,2,2,2,2,0,0,0,0,0,2,2,2,2,2,2,2,0,0,0,0,0,1,3,3,3,3,1,2,0,0,0,0,0,1,3,3,3,3,3,3,3,3,3,3,3,3,3,
 3,3,3,3,3,3,3,3,3,3,3,3,1,0,0,0,1,0,0,0,0,2,2,2,2,2,2,2,2,2,2,2,2,2,2,2,2,2,0,0,0,1,2,2,2,2,2,2,2,0,0,0,0,0,1,3,3,3,1,1,0,0,0,0,0,0,1,3,3,3,3,3,3,3,3,3,3,3,3,3,
 3,3,3,3,3,3,3,3,3,3,3,1,1,0,0,0,0,0,0,0,0,2,2,2,2,2,2,2,2,2,2,2,2,2,2,2,2,2,0,0,0,0,2,2,2,2,2,2,2,0,0,0,0,1,1,3,3,3,1,0,1,0,0,0,0,1,1,3,3,3,3,3,3,3,3,3,3,3,3,3,
 3,3,3,3,3,3,3,3,3,3,3,1,0,0,0,0,0,0,0,2,2,2,2,2,2,2,2,2,0,0,0,2,2,2,2,2,2,2,0,0,0,0,2,2,2,2,2,2,2,0,0,0,0,1,3,3,3,3,1,0,0,0,0,0,0,1,3,3,3,3,3,3,3,3,3,3,3,3,3,3,
@@ -248,9 +248,9 @@ data=
 3,3,3,1,0,0,0,0,0,0,1,2,2,2,2,2,2,2,2,2,2,2,2,2,2,2,2,0,0,0,0,0,1,1,3,1,1,1,1,3,1,1,1,0,0,0,0,0,0,0,0,0,2,2,2,2,0,0,0,0,0,0,0,0,0,1,1,1,3,3,3,3,3,3,3,3,3,3,3,3,
 3,3,3,1,0,0,0,0,0,0,2,2,2,2,2,2,2,2,2,2,2,2,2,2,2,2,2,0,0,0,0,0,1,3,3,3,3,3,3,3,3,3,1,1,0,0,0,0,0,0,0,0,1,2,2,2,0,0,0,0,0,0,0,0,1,1,1,3,3,3,3,3,3,3,3,3,3,3,3,3,
 3,3,1,1,0,1,0,0,0,2,2,2,2,2,2,2,2,2,2,2,2,2,2,2,2,2,0,0,0,0,0,0,1,3,3,3,3,3,3,3,3,3,3,1,1,0,0,0,0,0,0,0,2,2,2,2,1,0,0,0,0,1,0,1,1,1,3,3,3,3,3,3,3,3,3,3,3,3,3,3,
-3,3,1,0,0,0,0,0,0,2,2,2,2,2,2,2,2,2,2,1,0,0,2,2,2,2,0,0,0,0,0,1,1,3,3,3,3,3,3,3,3,3,3,3,3,1,0,0,0,0,0,2,2,2,2,2,0,0,0,0,0,0,0,1,1,3,3,3,3,3,3,3,3,3,3,3,3,3,3,3,
-3,3,1,0,0,0,0,0,2,2,2,2,2,2,2,0,0,0,0,0,0,0,0,0,0,0,0,0,0,1,1,1,3,3,3,3,3,3,3,3,3,3,3,3,3,3,1,0,0,0,0,0,0,0,0,0,0,0,0,0,0,0,1,1,3,3,3,3,3,3,3,3,3,3,3,3,3,3,3,3,
-3,3,1,1,0,0,0,0,2,2,2,2,2,2,2,2,2,2,2,0,0,0,0,0,0,0,0,0,0,1,3,3,3,3,3,3,3,3,3,3,3,3,3,3,3,3,3,1,1,0,0,0,0,0,0,0,0,0,0,0,0,1,1,3,3,3,3,3,3,3,3,3,3,3,3,3,3,3,3,3,
+3,3,1,0,0,0,0,0,2,2,2,2,2,2,2,2,2,2,2,1,0,0,2,2,2,2,0,0,0,0,0,1,1,3,3,3,3,3,3,3,3,3,3,3,3,1,0,0,0,0,0,2,2,2,2,2,0,0,0,0,0,0,0,1,1,3,3,3,3,3,3,3,3,3,3,3,3,3,3,3,
+3,3,1,0,0,0,0,0,2,2,2,2,2,2,2,2,2,0,0,0,0,2,2,0,0,0,0,0,0,1,1,1,3,3,3,3,3,3,3,3,3,3,3,3,3,3,1,0,0,0,0,0,0,0,0,0,0,0,0,0,0,0,1,1,3,3,3,3,3,3,3,3,3,3,3,3,3,3,3,3,
+3,3,1,1,0,0,0,0,2,2,2,2,2,2,2,2,2,2,2,0,0,0,0,0,2,0,0,0,0,1,3,3,3,3,3,3,3,3,3,3,3,3,3,3,3,3,3,1,1,0,0,0,0,0,0,0,0,0,0,0,0,1,1,3,3,3,3,3,3,3,3,3,3,3,3,3,3,3,3,3,
 3,3,1,0,0,0,0,0,2,2,2,2,2,2,2,2,2,2,2,2,0,0,0,0,0,0,0,0,0,1,1,1,3,3,3,3,3,3,3,3,3,3,3,3,3,3,3,3,1,1,0,2,2,2,2,0,0,0,0,0,0,1,3,3,3,3,3,3,3,3,3,3,3,3,3,3,3,3,3,3,
 3,3,1,0,0,0,0,0,2,2,2,2,2,2,2,2,2,2,2,2,2,2,0,0,0,0,0,0,0,0,0,1,1,3,3,3,3,3,3,3,3,3,3,3,3,3,3,3,3,1,0,2,2,2,2,0,0,0,0,0,0,1,3,3,3,3,3,3,3,3,3,3,3,3,3,3,3,3,3,3,
 3,3,1,0,0,0,0,0,2,2,2,2,1,2,2,2,2,2,2,2,2,2,2,2,0,0,0,0,0,0,0,1,1,3,3,3,3,3,3,3,3,3,3,3,3,3,3,3,3,1,0,1,2,2,2,0,0,0,1,0,1,1,3,3,3,3,3,3,3,3,3,3,3,3,3,3,3,3,3,3,
@@ -275,3 +275,147 @@ type=on_trigger
 location=2,15,1,4
 intermap=maps/goblin_camp.txt,52,15
 
+[event]
+# Wind and crickets sound effect
+type=on_load
+location=0,0,1,1
+soundfx=soundfx/environment/wind_loop.ogg
+
+[event]
+# Raven sound effect
+type=on_load
+location=22,22,1,1
+soundfx=soundfx/environment/raven_loop.ogg
+
+[event]
+# River sound
+type=on_load
+location=13,21,1,1
+soundfx=soundfx/environment/river_loop.ogg
+
+[event]
+# River sound
+type=on_load
+location=27,32,1,1
+soundfx=soundfx/environment/river_loop.ogg
+
+[event]
+# River sound
+type=on_load
+location=29,13,1,1
+soundfx=soundfx/environment/river_loop.ogg
+
+[event]
+# River sound
+type=on_load
+location=17,43,1,1
+soundfx=soundfx/environment/river_loop.ogg
+
+[event]
+# River sound
+type=on_load
+location=15,65,1,1
+soundfx=soundfx/environment/river_loop.ogg
+
+[event]
+# River sound
+type=on_load
+location=25,57,1,1
+soundfx=soundfx/environment/river_loop.ogg
+
+[event]
+# River sound
+type=on_load
+location=35,49,1,1
+soundfx=soundfx/environment/river_loop.ogg
+
+[event]
+# River sound
+type=on_load
+location=53,64,1,1
+soundfx=soundfx/environment/river_loop.ogg
+
+[event]
+# River sound
+type=on_load
+location=46,43,1,1
+soundfx=soundfx/environment/river_loop.ogg
+
+[event]
+# River sound
+type=on_load
+location=60,49,1,1
+soundfx=soundfx/environment/river_loop.ogg
+
+[event]
+# River sound
+type=on_load
+location=48,29,1,1
+soundfx=soundfx/environment/river_loop.ogg
+
+[event]
+# Bird twitter
+type=on_load
+location=5,10,1,1
+soundfx=soundfx/environment/bird_twitter_loop.ogg
+
+[event]
+# Bird twitter
+type=on_load
+location=13,40,1,1
+soundfx=soundfx/environment/bird_twitter_loop.ogg
+
+[event]
+# Bird twitter
+type=on_load
+location=21,71,1,1
+soundfx=soundfx/environment/bird_twitter_loop.ogg
+
+[event]
+# Bird twitter
+type=on_load
+location=58,59,1,1
+soundfx=soundfx/environment/bird_twitter_loop.ogg
+
+[event]
+# Bird twitter
+type=on_load
+location=60,37,1,1
+soundfx=soundfx/environment/bird_twitter_loop.ogg
+
+[event]
+# Raven sound effect
+type=on_load
+location=40,44,1,1
+soundfx=soundfx/environment/raven_loop.ogg
+
+[event]
+# Raven sound effect
+type=on_load
+location=64,17,1,1
+soundfx=soundfx/environment/raven_loop.ogg
+
+[event]
+# Forrest owl sound effect
+type=on_load
+location=24,7,1,1
+soundfx=soundfx/environment/forest_owl_loop.ogg
+
+[event]
+# Forrest owl sound effect
+type=on_load
+location=7,54,1,1
+soundfx=soundfx/environment/forest_owl_loop.ogg
+
+[event]
+# Forrest owl sound effect
+type=on_load
+location=73,11,1,1
+soundfx=soundfx/environment/forest_owl_loop.ogg
+
+[event]
+# Forrest owl sound effect
+type=on_load
+location=43,27,1,1
+soundfx=soundfx/environment/forest_owl_loop.ogg
+
diff --git a/tiled/empyrean_campaign/merrimead_swamp.tmx b/tiled/empyrean_campaign/merrimead_swamp.tmx
index 6ca395f018fbdd7f3d2401269219565a896c0ca8..d34a406e97fce4b185c096eabf4ee1a981b2ced1 100644
--- a/tiled/empyrean_campaign/merrimead_swamp.tmx
+++ b/tiled/empyrean_campaign/merrimead_swamp.tmx
@@ -1,5 +1,5 @@
 <?xml version="1.0" encoding="UTF-8"?>
-<map version="1.0" orientation="isometric" renderorder="right-down" width="80" height="80" tilewidth="64" tileheight="32" backgroundcolor="#000000" nextobjectid="2">
+<map version="1.0" orientation="isometric" renderorder="right-down" width="80" height="80" tilewidth="64" tileheight="32" backgroundcolor="#000000" nextobjectid="26">
  <properties>
   <property name="music" value="music/overworld_theme.ogg"/>
   <property name="tileset" value="tilesetdefs/tileset_grassland.txt"/>
@@ -126,7 +126,7 @@
 0,0,0,0,60,53,49,53,53,53,61,0,0,0,0,0,0,0,0,0,0,56,64,0,0,0,0,0,0,0,0,69,61,0,0,0,0,0,0,0,0,0,0,0,0,0,0,0,0,0,0,0,0,0,0,0,0,0,0,0,0,0,0,0,0,0,0,0,0,0,0,0,0,0,0,0,0,0,0,0,
 0,0,0,56,68,0,0,0,0,0,65,49,53,57,0,0,0,0,0,0,60,64,0,0,0,0,0,0,0,0,0,0,65,61,0,0,0,0,0,0,0,0,0,0,0,0,0,0,0,0,0,0,0,0,0,0,0,0,0,0,0,0,0,0,0,56,53,49,49,53,61,0,0,0,0,0,0,0,0,0,
 0,0,0,48,0,243,0,0,254,0,0,0,0,69,61,0,0,0,0,56,64,119,241,0,0,0,0,0,0,0,0,0,252,65,61,0,0,0,0,0,0,0,0,0,0,0,0,0,0,0,0,0,0,0,0,0,0,0,0,0,0,0,60,53,49,68,0,252,0,127,65,53,53,49,49,49,53,53,49,49,
-0,0,0,48,0,0,0,0,0,0,0,0,250,0,65,49,57,0,60,68,0,0,0,0,0,0,0,0,0,0,0,0,0,0,65,61,0,0,0,0,0,0,0,0,0,0,0,0,0,0,0,0,0,0,0,0,0,0,0,0,0,56,64,113,127,0,0,0,0,0,0,0,0,254,0,110,111,0,250,92,
+0,0,0,48,0,0,0,0,0,0,0,0,250,0,65,49,57,0,60,68,0,0,0,0,0,0,0,0,0,0,0,0,0,0,65,61,0,0,0,0,0,0,0,0,0,0,0,0,0,0,0,0,0,0,0,0,0,0,0,0,0,56,64,113,143,0,0,0,0,0,0,0,0,254,0,110,111,0,250,92,
 0,0,56,68,0,0,0,0,0,112,0,0,0,0,0,0,69,53,68,0,254,0,0,0,0,0,0,0,0,0,0,0,0,0,0,50,0,0,0,0,0,0,0,0,0,0,0,0,0,0,0,0,0,0,0,0,0,0,0,0,0,52,0,0,0,0,0,0,0,0,0,0,122,0,0,0,0,125,0,92,
 0,0,52,0,254,0,0,0,0,0,0,0,0,0,0,0,0,253,0,112,0,0,124,0,0,0,0,0,0,0,0,0,0,0,0,50,0,0,0,0,0,0,0,0,0,0,0,0,0,0,0,0,0,0,0,0,0,0,0,0,0,63,51,55,51,67,0,0,0,0,0,0,0,0,0,0,0,0,0,92,
 0,0,64,0,0,0,0,0,0,0,0,0,0,117,0,0,0,0,0,0,0,0,0,0,0,0,0,114,0,0,0,0,0,0,0,50,0,0,0,0,0,0,0,0,0,0,0,0,0,0,0,0,0,0,0,0,0,0,0,0,0,0,0,0,0,52,0,0,0,0,0,0,0,0,0,0,0,0,0,92,
@@ -140,7 +140,7 @@
 0,0,0,63,67,0,0,0,0,0,0,0,0,0,0,0,0,121,0,126,0,0,0,131,0,0,0,0,0,0,0,0,0,251,69,57,0,0,0,0,0,0,0,0,0,0,0,0,0,0,0,0,0,52,117,0,0,124,0,0,0,0,0,0,0,0,70,58,0,0,0,0,0,0,0,0,0,0,0,0,
 0,0,0,0,48,0,0,0,0,0,0,121,0,0,0,0,0,0,0,0,0,129,0,0,126,0,0,0,120,0,0,0,0,0,0,50,0,0,0,0,0,0,60,53,49,49,68,0,0,0,0,69,49,64,0,0,0,0,0,0,0,0,0,250,66,55,58,0,0,0,0,0,0,0,0,0,0,0,0,0,
 0,0,0,0,63,71,242,0,123,0,0,0,0,0,114,0,0,0,0,0,0,0,0,0,0,112,0,0,0,0,0,0,0,0,0,54,0,0,0,0,0,0,52,0,0,0,245,0,0,0,0,124,0,0,0,0,0,0,0,0,0,66,51,55,58,0,0,0,0,0,0,0,0,0,0,0,0,0,0,0,
-0,0,0,0,0,63,67,0,0,0,0,0,0,0,0,0,0,0,0,120,0,123,0,0,0,0,0,0,0,0,0,0,0,0,0,54,0,0,0,0,0,0,52,0,254,0,0,0,0,0,0,0,0,126,0,0,0,0,0,0,70,58,0,0,0,0,0,0,0,0,0,0,0,0,0,0,0,0,0,0,
+0,0,0,0,0,63,67,0,0,0,0,0,0,0,0,0,0,0,0,120,0,123,0,0,0,0,0,0,0,0,0,0,0,0,0,54,0,0,0,0,0,0,52,0,254,98,0,0,0,0,0,0,0,126,0,0,0,0,0,0,70,58,0,0,0,0,0,0,0,0,0,0,0,0,0,0,0,0,0,0,
 0,0,0,0,0,0,63,67,0,0,0,0,0,0,0,0,0,0,0,0,0,0,0,0,247,0,0,0,0,0,0,0,0,0,0,69,49,61,0,0,0,56,64,0,0,0,0,0,0,0,0,0,0,0,0,0,66,51,51,55,58,0,0,0,0,0,0,0,0,0,0,0,0,0,0,0,0,0,0,0,
 0,0,0,0,0,0,0,48,248,0,0,0,0,0,0,0,118,0,0,0,0,0,0,0,0,0,0,115,0,0,0,0,0,0,0,0,0,65,61,0,0,52,0,249,0,0,0,0,0,0,0,254,0,0,0,66,62,0,0,0,0,0,0,0,0,0,0,0,0,0,0,0,0,0,0,0,0,0,0,0,
 0,0,0,0,0,0,0,59,67,0,0,127,0,0,0,0,0,0,0,0,115,0,0,0,0,0,0,0,0,0,0,0,0,0,0,123,0,242,50,0,0,52,0,0,0,0,0,0,0,115,0,0,126,0,0,54,0,0,0,0,0,0,0,0,0,0,0,0,0,0,0,0,0,0,0,0,0,0,0,0,
@@ -149,8 +149,8 @@
 0,0,0,0,0,0,0,0,0,0,48,252,0,0,0,0,0,0,0,0,0,0,0,0,0,0,0,115,0,0,0,121,0,0,0,0,0,127,65,49,64,0,124,0,0,0,0,0,0,0,0,0,0,0,0,50,0,0,0,60,53,49,64,0,253,0,54,0,0,0,0,0,0,0,0,0,0,0,0,0,
 0,0,0,0,0,0,0,0,0,0,59,71,0,0,112,0,0,0,0,0,0,0,0,0,0,66,67,0,0,0,0,0,0,0,0,0,0,0,0,0,0,0,0,0,0,0,0,0,0,0,0,0,0,0,254,50,0,0,0,48,0,0,0,0,0,0,50,0,0,0,0,0,0,0,0,0,0,0,0,0,
 0,0,0,0,0,0,0,0,0,0,0,48,0,0,0,0,0,0,0,0,121,0,0,0,120,65,64,0,0,0,0,0,0,0,120,0,242,0,0,0,0,0,0,0,0,0,120,0,0,0,0,126,0,0,0,50,0,0,0,52,0,255,0,0,0,0,54,0,0,0,0,0,0,0,0,0,0,0,0,0,
-0,0,0,0,0,0,0,0,0,0,0,48,244,0,0,0,0,0,127,0,0,0,0,0,0,0,0,0,0,120,0,115,0,0,0,0,0,0,0,0,0,0,0,0,0,0,0,0,0,249,0,0,0,0,66,62,0,0,0,48,113,0,0,0,250,0,54,0,0,0,0,0,0,0,0,0,0,0,0,0,
-0,0,0,0,0,0,0,0,0,0,0,63,71,0,0,0,0,0,0,0,0,0,0,0,0,0,0,0,0,0,0,0,0,0,0,0,0,0,127,0,0,0,0,0,0,115,0,0,0,0,0,0,0,0,50,0,0,0,0,52,0,0,127,0,0,0,50,0,0,0,0,0,0,0,0,0,0,0,0,0,
+0,0,0,0,0,0,0,0,0,0,0,48,244,0,0,0,0,0,127,0,0,0,0,0,0,0,0,0,0,120,0,115,0,0,0,0,0,0,0,0,0,0,0,0,0,0,0,0,0,249,0,0,0,0,66,62,0,0,0,48,113,0,96,0,250,0,54,0,0,0,0,0,0,0,0,0,0,0,0,0,
+0,0,0,0,0,0,0,0,0,0,0,63,71,0,0,0,0,0,0,0,0,0,0,0,0,0,0,0,0,0,0,0,0,0,0,0,0,0,127,0,0,0,0,0,0,115,0,0,0,0,0,0,0,0,50,0,0,0,0,52,137,0,127,0,0,0,50,0,0,0,0,0,0,0,0,0,0,0,0,0,
 0,0,0,0,0,0,0,0,0,0,0,0,52,0,0,0,249,0,0,0,126,0,0,0,120,0,0,0,0,0,0,0,0,0,0,0,0,0,0,0,0,240,0,0,0,0,0,0,0,0,124,0,0,0,54,0,0,0,60,68,0,0,0,0,0,0,54,0,0,0,0,0,0,0,0,0,0,0,0,0,
 0,0,0,0,0,0,0,0,0,0,0,60,64,0,0,0,0,0,122,0,0,0,0,0,0,0,0,0,0,0,0,0,0,0,0,120,0,0,0,0,0,0,0,123,0,0,0,0,121,0,0,0,0,70,62,0,0,0,52,0,250,0,0,0,0,66,58,0,0,0,0,0,0,0,0,0,0,0,0,0,
 0,0,0,0,0,0,0,0,0,0,0,48,0,0,125,0,0,0,0,0,0,0,0,0,0,0,0,0,0,0,0,0,0,0,114,0,0,0,0,0,0,0,0,130,0,0,120,0,0,0,0,0,0,50,0,0,0,0,52,0,0,127,0,0,0,50,0,0,0,0,0,0,0,0,0,0,0,0,0,0,
@@ -176,7 +176,7 @@
 0,0,0,48,0,0,0,0,0,0,0,0,0,0,0,0,0,0,0,0,0,0,0,0,0,0,0,124,0,0,0,0,54,0,0,0,0,0,0,0,0,0,63,71,0,0,0,0,0,117,0,0,249,0,0,0,0,0,127,0,0,0,0,0,66,58,0,0,0,0,0,0,0,0,0,0,0,0,0,0,
 0,0,56,68,0,246,0,0,0,0,0,0,114,0,0,0,121,0,0,0,0,0,0,0,120,0,0,0,0,0,0,0,54,0,0,0,0,0,0,0,0,0,0,63,71,0,0,0,0,0,0,0,0,0,0,0,253,0,0,0,0,252,0,70,58,0,0,0,0,0,0,0,0,0,0,0,0,0,0,0,
 0,0,48,0,123,0,0,0,136,0,0,0,0,0,0,0,0,0,0,254,0,0,0,0,0,0,0,0,0,0,0,70,62,0,0,0,0,0,0,0,0,0,0,0,0,71,0,0,0,0,0,0,0,0,0,0,0,0,0,0,0,0,0,54,0,0,0,0,0,0,0,0,0,0,0,0,0,0,0,0,
-0,0,48,0,0,0,0,0,0,0,0,0,0,0,0,0,98,0,0,0,0,74,75,0,0,0,0,0,0,66,51,58,0,0,0,0,0,0,0,0,0,0,0,0,0,0,71,0,0,0,0,0,0,0,0,0,0,0,0,0,0,0,70,62,0,0,0,0,0,0,0,0,0,0,0,0,0,0,0,0,
+0,0,48,0,0,0,0,0,0,0,0,0,0,0,0,0,96,0,0,0,0,74,75,0,0,0,0,0,0,66,51,58,0,0,0,0,0,0,0,0,0,0,0,0,0,0,71,0,0,0,0,0,0,0,0,0,0,0,0,0,0,0,70,62,0,0,0,0,0,0,0,0,0,0,0,0,0,0,0,0,
 0,0,48,252,0,0,0,0,0,0,0,0,120,0,168,169,170,0,0,0,126,0,0,0,102,0,0,0,0,54,0,0,0,0,0,0,0,0,0,0,0,0,0,0,0,0,0,51,71,0,0,0,0,0,0,0,0,0,113,0,0,66,62,0,0,0,0,0,0,0,0,0,0,0,0,0,0,0,0,0,
 0,0,52,0,0,124,0,0,0,0,0,0,0,0,0,0,0,0,0,0,0,0,122,0,0,0,0,0,0,65,53,61,0,0,0,0,0,0,0,0,0,0,0,0,0,0,0,0,59,71,0,0,0,0,0,0,0,0,0,0,0,50,0,0,0,0,0,0,0,0,0,0,0,0,0,0,0,0,0,0,
 0,0,52,0,0,0,0,0,129,121,0,0,0,0,0,0,0,0,0,0,0,0,0,0,0,0,0,124,0,0,0,69,61,0,0,0,0,0,0,0,0,0,0,0,0,0,0,0,0,48,0,0,0,115,0,0,0,0,0,0,0,50,0,0,0,0,0,0,0,0,0,0,0,0,0,0,0,0,0,0,
@@ -197,7 +197,7 @@
 0,0,0,0,0,0,0,0,0,0,0,0,0,0,0,0,0,0,0,0,0,0,0,0,0,0,0,0,0,0,0,0,0,0,0,0,0,0,0,0,0,0,0,0,0,0,0,0,0,0,0,0,0,0,0,0,0,0,0,0,0,0,0,0,0,0,0,0,0,0,0,0,0,0,0,0,0,0,0,0
 </data>
  </layer>
- <layer name="collision" width="80" height="80" visible="0">
+ <layer name="collision" width="80" height="80">
   <data encoding="csv">
 3,3,3,3,3,3,3,3,3,3,3,3,3,3,3,3,3,3,3,3,3,3,3,3,3,3,3,3,3,3,3,3,3,3,3,3,3,3,3,3,3,3,3,3,3,3,3,3,3,3,3,3,3,3,3,3,3,3,3,3,3,3,3,3,3,3,3,3,3,3,3,3,3,3,3,3,3,3,3,3,
 3,3,3,3,3,3,3,3,3,3,3,3,3,3,3,3,3,3,3,3,3,3,3,3,3,3,3,3,3,3,3,3,3,3,3,3,3,3,3,3,3,3,3,3,3,3,3,3,3,3,3,3,3,3,3,3,3,3,3,3,3,3,3,3,3,3,3,3,3,3,3,3,3,3,3,3,3,3,3,3,
@@ -210,7 +210,7 @@
 3,3,3,3,1,1,1,1,1,1,1,3,3,3,3,3,3,3,3,3,3,1,1,0,0,0,2,2,2,2,0,1,1,3,3,3,3,3,3,3,3,3,3,3,3,3,3,3,3,3,3,3,3,3,3,3,3,3,3,3,3,3,3,3,3,3,3,3,3,3,3,3,3,3,3,3,3,3,3,3,
 3,3,3,1,1,0,0,0,0,0,1,1,1,1,3,3,3,3,3,3,1,1,0,0,0,0,0,2,2,2,0,0,1,1,3,3,3,3,3,3,3,3,3,3,3,3,3,3,3,3,3,3,3,3,3,3,3,3,3,3,3,3,3,3,3,1,1,1,1,1,1,3,3,3,3,3,3,3,3,3,
 3,3,3,1,0,1,0,0,1,0,0,0,0,1,1,3,3,3,3,1,1,0,1,0,0,0,0,0,0,0,0,0,1,1,1,3,3,3,3,3,3,3,3,3,3,3,3,3,3,3,3,3,3,3,3,3,3,3,3,3,3,3,1,1,1,1,0,1,0,0,1,1,1,1,1,1,1,1,1,1,
-3,3,3,1,0,0,0,0,0,0,0,0,1,0,1,1,1,3,1,1,0,0,0,0,0,0,0,0,0,0,0,0,0,0,1,1,3,3,3,3,3,3,3,3,3,3,3,3,3,3,3,3,3,3,3,3,3,3,3,3,3,1,1,0,0,0,0,0,0,0,0,0,0,1,0,2,2,0,1,0,
+3,3,3,1,0,0,0,0,0,0,0,0,1,0,1,1,1,3,1,1,0,0,0,0,0,0,0,0,0,0,0,0,0,0,1,1,3,3,3,3,3,3,3,3,3,3,3,3,3,3,3,3,3,3,3,3,3,3,3,3,3,1,1,0,2,0,0,0,0,0,0,0,0,1,0,2,2,0,1,0,
 3,3,1,1,0,0,0,0,0,0,0,0,0,0,0,0,1,1,1,0,1,0,0,0,0,0,2,2,2,2,0,0,0,0,0,1,3,3,3,3,3,3,3,3,3,3,3,3,3,3,3,3,3,3,3,3,3,3,3,3,3,1,0,0,0,0,0,0,0,0,0,0,0,0,0,0,0,0,0,0,
 3,3,1,0,1,0,0,0,0,0,0,0,0,0,0,0,0,1,0,0,0,0,0,0,0,2,2,2,2,2,0,0,0,0,0,1,3,3,3,3,3,3,3,3,3,3,3,3,3,3,3,3,3,3,3,3,3,3,3,3,3,1,1,1,1,1,0,0,0,0,0,0,0,0,0,0,0,0,0,0,
 3,3,1,0,0,0,0,0,0,0,2,2,2,2,2,0,0,0,0,0,0,0,0,0,0,2,2,2,2,2,0,0,0,0,0,1,3,3,3,3,3,3,3,3,3,3,3,3,3,3,3,3,3,3,3,3,3,3,3,3,3,3,3,3,3,1,0,0,0,0,0,0,0,0,0,0,0,0,0,0,
@@ -222,9 +222,9 @@
 3,3,1,0,0,0,0,2,2,2,2,2,2,2,2,2,2,2,2,0,0,0,0,0,2,2,2,2,2,0,0,0,0,1,3,3,3,3,3,3,3,3,3,3,3,3,3,3,3,3,3,3,3,1,0,0,0,0,0,0,0,0,0,0,0,0,0,0,1,1,3,3,3,3,3,3,3,3,3,3,
 3,3,1,1,1,0,0,0,2,2,2,2,2,2,2,2,2,2,2,0,0,0,0,0,0,2,2,2,2,0,0,0,0,1,1,3,3,3,3,3,3,3,3,3,3,3,3,3,3,3,3,3,3,1,0,1,0,0,0,0,0,0,0,0,0,0,0,1,1,3,3,3,3,3,3,3,3,3,3,3,
 3,3,3,1,1,0,0,0,0,2,2,2,2,2,2,2,2,2,2,0,0,0,0,0,0,0,2,2,2,2,0,0,0,1,1,1,3,3,3,3,3,3,3,3,3,3,3,3,3,3,3,3,3,1,0,0,0,0,0,0,0,0,0,0,0,0,1,1,3,3,3,3,3,3,3,3,3,3,3,3,
-3,3,3,3,1,0,0,0,0,2,2,2,2,2,2,2,2,2,2,2,0,4,0,0,0,0,2,2,2,2,0,0,0,0,0,1,3,3,3,3,3,3,1,1,1,1,1,2,2,2,2,1,1,1,0,0,0,0,0,0,0,0,0,1,1,1,1,3,3,3,3,3,3,3,3,3,3,3,3,3,
+3,3,3,3,1,0,0,0,0,2,2,2,2,2,2,2,2,2,2,2,0,2,0,0,0,0,2,2,2,2,0,0,0,0,0,1,3,3,3,3,3,3,1,1,1,1,1,2,2,2,2,1,1,1,0,0,0,0,0,0,0,0,0,1,1,1,1,3,3,3,3,3,3,3,3,3,3,3,3,3,
 3,3,3,3,1,1,1,0,0,0,2,2,2,2,2,2,2,2,2,2,0,0,0,0,0,0,2,2,2,2,2,0,0,0,0,1,3,3,3,3,3,3,1,0,0,0,1,2,2,2,2,0,0,0,0,0,0,0,0,0,0,1,1,1,1,3,3,3,3,3,3,3,3,3,3,3,3,3,3,3,
-3,3,3,3,3,1,1,0,0,0,0,2,2,2,2,2,2,2,2,2,2,0,0,0,0,2,2,2,2,2,2,0,0,0,0,1,3,3,3,3,3,3,1,0,1,0,2,2,2,2,2,0,0,0,0,0,0,0,0,0,1,1,3,3,3,3,3,3,3,3,3,3,3,3,3,3,3,3,3,3,
+3,3,3,3,3,1,1,0,0,0,0,2,2,2,2,2,2,2,2,2,2,0,0,0,0,2,2,2,2,2,2,0,0,0,0,1,3,3,3,3,3,3,1,0,1,2,2,2,2,2,2,0,0,0,0,0,0,0,0,0,1,1,3,3,3,3,3,3,3,3,3,3,3,3,3,3,3,3,3,3,
 3,3,3,3,3,3,1,1,0,0,0,2,2,2,2,0,0,2,2,2,2,2,0,0,1,2,2,2,2,2,2,2,0,0,0,1,1,1,3,3,3,1,1,0,0,0,2,2,2,2,2,0,0,0,0,0,1,1,1,1,1,3,3,3,3,3,3,3,3,3,3,3,3,3,3,3,3,3,3,3,
 3,3,3,3,3,3,3,1,1,0,0,0,2,2,0,0,0,0,2,2,2,2,2,0,2,2,2,2,2,2,2,2,0,0,0,0,0,1,1,3,3,1,0,1,0,2,2,2,2,2,0,1,0,0,0,1,1,3,3,3,3,3,3,3,3,3,3,3,3,3,3,3,3,3,3,3,3,3,3,3,
 3,3,3,3,3,3,3,1,1,0,0,0,0,0,0,0,0,0,2,2,2,2,2,2,2,2,2,2,2,2,2,2,2,0,0,0,0,1,1,3,3,1,0,0,0,2,2,2,2,2,0,0,0,0,0,1,3,3,3,3,3,3,3,3,3,3,3,3,3,3,3,3,3,3,3,3,3,3,3,3,
@@ -233,8 +233,8 @@
 3,3,3,3,3,3,3,3,3,3,1,1,0,0,0,0,0,0,2,2,2,2,2,2,2,2,2,2,2,2,2,2,2,2,2,0,0,0,1,1,1,0,0,0,2,2,2,2,2,0,0,0,0,0,0,1,3,3,3,1,1,1,1,0,1,0,1,3,3,3,3,3,3,3,3,3,3,3,3,3,
 3,3,3,3,3,3,3,3,3,3,1,1,0,0,0,0,0,0,2,2,2,2,2,2,2,1,1,2,2,2,2,2,2,2,2,2,0,0,0,0,0,0,0,2,2,2,2,2,0,0,0,0,0,0,1,1,3,3,3,1,0,0,0,0,0,0,1,3,3,3,3,3,3,3,3,3,3,3,3,3,
 3,3,3,3,3,3,3,3,3,3,3,1,0,0,0,0,0,0,2,2,2,2,2,2,2,1,1,2,2,2,2,2,2,2,2,2,1,0,0,0,0,0,0,2,2,2,2,2,0,0,0,0,0,0,0,1,3,3,3,1,0,1,0,0,0,0,1,3,3,3,3,3,3,3,3,3,3,3,3,3,
-3,3,3,3,3,3,3,3,3,3,3,1,1,0,0,0,0,0,0,2,2,2,2,2,2,2,2,2,2,2,2,2,2,2,2,2,2,0,0,0,0,0,0,2,2,2,2,2,0,1,0,0,0,0,1,1,3,3,3,1,0,0,0,0,1,0,1,3,3,3,3,3,3,3,3,3,3,3,3,3,
-3,3,3,3,3,3,3,3,3,3,3,1,1,0,0,0,0,0,0,2,2,2,2,2,2,2,2,2,2,2,2,2,2,2,2,2,2,0,0,0,0,0,2,2,2,2,2,2,2,0,0,0,0,0,1,3,3,3,3,1,0,0,0,0,0,0,1,3,3,3,3,3,3,3,3,3,3,3,3,3,
+3,3,3,3,3,3,3,3,3,3,3,1,1,0,0,0,0,0,0,2,2,2,2,2,2,2,2,2,2,2,2,2,2,2,2,2,2,0,0,0,0,0,0,2,2,2,2,2,0,1,0,0,0,0,1,1,3,3,3,1,0,0,2,0,1,0,1,3,3,3,3,3,3,3,3,3,3,3,3,3,
+3,3,3,3,3,3,3,3,3,3,3,1,1,0,0,0,0,0,0,2,2,2,2,2,2,2,2,2,2,2,2,2,2,2,2,2,2,0,0,0,0,0,2,2,2,2,2,2,2,0,0,0,0,0,1,3,3,3,3,1,2,0,0,0,0,0,1,3,3,3,3,3,3,3,3,3,3,3,3,3,
 3,3,3,3,3,3,3,3,3,3,3,3,1,0,0,0,1,0,0,0,0,2,2,2,2,2,2,2,2,2,2,2,2,2,2,2,2,2,0,0,0,1,2,2,2,2,2,2,2,0,0,0,0,0,1,3,3,3,1,1,0,0,0,0,0,0,1,3,3,3,3,3,3,3,3,3,3,3,3,3,
 3,3,3,3,3,3,3,3,3,3,3,1,1,0,0,0,0,0,0,0,0,2,2,2,2,2,2,2,2,2,2,2,2,2,2,2,2,2,0,0,0,0,2,2,2,2,2,2,2,0,0,0,0,1,1,3,3,3,1,0,1,0,0,0,0,1,1,3,3,3,3,3,3,3,3,3,3,3,3,3,
 3,3,3,3,3,3,3,3,3,3,3,1,0,0,0,0,0,0,0,2,2,2,2,2,2,2,2,2,0,0,0,2,2,2,2,2,2,2,0,0,0,0,2,2,2,2,2,2,2,0,0,0,0,1,3,3,3,3,1,0,0,0,0,0,0,1,3,3,3,3,3,3,3,3,3,3,3,3,3,3,
@@ -259,9 +259,9 @@
 3,3,3,1,0,0,0,0,0,0,1,2,2,2,2,2,2,2,2,2,2,2,2,2,2,2,2,0,0,0,0,0,1,1,3,1,1,1,1,3,1,1,1,0,0,0,0,0,0,0,0,0,2,2,2,2,0,0,0,0,0,0,0,0,0,1,1,1,3,3,3,3,3,3,3,3,3,3,3,3,
 3,3,3,1,0,0,0,0,0,0,2,2,2,2,2,2,2,2,2,2,2,2,2,2,2,2,2,0,0,0,0,0,1,3,3,3,3,3,3,3,3,3,1,1,0,0,0,0,0,0,0,0,1,2,2,2,0,0,0,0,0,0,0,0,1,1,1,3,3,3,3,3,3,3,3,3,3,3,3,3,
 3,3,1,1,0,1,0,0,0,2,2,2,2,2,2,2,2,2,2,2,2,2,2,2,2,2,0,0,0,0,0,0,1,3,3,3,3,3,3,3,3,3,3,1,1,0,0,0,0,0,0,0,2,2,2,2,1,0,0,0,0,1,0,1,1,1,3,3,3,3,3,3,3,3,3,3,3,3,3,3,
-3,3,1,0,0,0,0,0,0,2,2,2,2,2,2,2,2,2,2,1,0,0,2,2,2,2,0,0,0,0,0,1,1,3,3,3,3,3,3,3,3,3,3,3,3,1,0,0,0,0,0,2,2,2,2,2,0,0,0,0,0,0,0,1,1,3,3,3,3,3,3,3,3,3,3,3,3,3,3,3,
-3,3,1,0,0,0,0,0,2,2,2,2,2,2,2,0,0,0,0,0,0,0,0,0,0,0,0,0,0,1,1,1,3,3,3,3,3,3,3,3,3,3,3,3,3,3,1,0,0,0,0,0,0,0,0,0,0,0,0,0,0,0,1,1,3,3,3,3,3,3,3,3,3,3,3,3,3,3,3,3,
-3,3,1,1,0,0,0,0,2,2,2,2,2,2,2,2,2,2,2,0,0,0,0,0,0,0,0,0,0,1,3,3,3,3,3,3,3,3,3,3,3,3,3,3,3,3,3,1,1,0,0,0,0,0,0,0,0,0,0,0,0,1,1,3,3,3,3,3,3,3,3,3,3,3,3,3,3,3,3,3,
+3,3,1,0,0,0,0,0,2,2,2,2,2,2,2,2,2,2,2,1,0,0,2,2,2,2,0,0,0,0,0,1,1,3,3,3,3,3,3,3,3,3,3,3,3,1,0,0,0,0,0,2,2,2,2,2,0,0,0,0,0,0,0,1,1,3,3,3,3,3,3,3,3,3,3,3,3,3,3,3,
+3,3,1,0,0,0,0,0,2,2,2,2,2,2,2,2,2,0,0,0,0,2,2,0,0,0,0,0,0,1,1,1,3,3,3,3,3,3,3,3,3,3,3,3,3,3,1,0,0,0,0,0,0,0,0,0,0,0,0,0,0,0,1,1,3,3,3,3,3,3,3,3,3,3,3,3,3,3,3,3,
+3,3,1,1,0,0,0,0,2,2,2,2,2,2,2,2,2,2,2,0,0,0,0,0,2,0,0,0,0,1,3,3,3,3,3,3,3,3,3,3,3,3,3,3,3,3,3,1,1,0,0,0,0,0,0,0,0,0,0,0,0,1,1,3,3,3,3,3,3,3,3,3,3,3,3,3,3,3,3,3,
 3,3,1,0,0,0,0,0,2,2,2,2,2,2,2,2,2,2,2,2,0,0,0,0,0,0,0,0,0,1,1,1,3,3,3,3,3,3,3,3,3,3,3,3,3,3,3,3,1,1,0,2,2,2,2,0,0,0,0,0,0,1,3,3,3,3,3,3,3,3,3,3,3,3,3,3,3,3,3,3,
 3,3,1,0,0,0,0,0,2,2,2,2,2,2,2,2,2,2,2,2,2,2,0,0,0,0,0,0,0,0,0,1,1,3,3,3,3,3,3,3,3,3,3,3,3,3,3,3,3,1,0,2,2,2,2,0,0,0,0,0,0,1,3,3,3,3,3,3,3,3,3,3,3,3,3,3,3,3,3,3,
 3,3,1,0,0,0,0,0,2,2,2,2,1,2,2,2,2,2,2,2,2,2,2,2,0,0,0,0,0,0,0,1,1,3,3,3,3,3,3,3,3,3,3,3,3,3,3,3,3,1,0,1,2,2,2,0,0,0,1,0,1,1,3,3,3,3,3,3,3,3,3,3,3,3,3,3,3,3,3,3,
@@ -287,5 +287,125 @@
     <property name="intermap" value="maps/goblin_camp.txt,52,15"/>
    </properties>
   </object>
+  <object id="2" name="Wind and crickets sound effect" type="on_load" x="0" y="0" width="32" height="32">
+   <properties>
+    <property name="soundfx" value="soundfx/environment/wind_loop.ogg"/>
+   </properties>
+  </object>
+  <object id="3" name="Raven sound effect" type="on_load" x="704" y="704" width="32" height="32">
+   <properties>
+    <property name="soundfx" value="soundfx/environment/raven_loop.ogg"/>
+   </properties>
+  </object>
+  <object id="4" name="River sound" type="on_load" x="416" y="672" width="32" height="32">
+   <properties>
+    <property name="soundfx" value="soundfx/environment/river_loop.ogg"/>
+   </properties>
+  </object>
+  <object id="5" name="River sound" type="on_load" x="864" y="1024" width="32" height="32">
+   <properties>
+    <property name="soundfx" value="soundfx/environment/river_loop.ogg"/>
+   </properties>
+  </object>
+  <object id="6" name="River sound" type="on_load" x="928" y="416" width="32" height="32">
+   <properties>
+    <property name="soundfx" value="soundfx/environment/river_loop.ogg"/>
+   </properties>
+  </object>
+  <object id="7" name="River sound" type="on_load" x="544" y="1376" width="32" height="32">
+   <properties>
+    <property name="soundfx" value="soundfx/environment/river_loop.ogg"/>
+   </properties>
+  </object>
+  <object id="8" name="River sound" type="on_load" x="480" y="2080" width="32" height="32">
+   <properties>
+    <property name="soundfx" value="soundfx/environment/river_loop.ogg"/>
+   </properties>
+  </object>
+  <object id="9" name="River sound" type="on_load" x="800" y="1824" width="32" height="32">
+   <properties>
+    <property name="soundfx" value="soundfx/environment/river_loop.ogg"/>
+   </properties>
+  </object>
+  <object id="10" name="River sound" type="on_load" x="1120" y="1568" width="32" height="32">
+   <properties>
+    <property name="soundfx" value="soundfx/environment/river_loop.ogg"/>
+   </properties>
+  </object>
+  <object id="11" name="River sound" type="on_load" x="1696" y="2048" width="32" height="32">
+   <properties>
+    <property name="soundfx" value="soundfx/environment/river_loop.ogg"/>
+   </properties>
+  </object>
+  <object id="12" name="River sound" type="on_load" x="1472" y="1376" width="32" height="32">
+   <properties>
+    <property name="soundfx" value="soundfx/environment/river_loop.ogg"/>
+   </properties>
+  </object>
+  <object id="13" name="River sound" type="on_load" x="1920" y="1568" width="32" height="32">
+   <properties>
+    <property name="soundfx" value="soundfx/environment/river_loop.ogg"/>
+   </properties>
+  </object>
+  <object id="14" name="River sound" type="on_load" x="1536" y="928" width="32" height="32">
+   <properties>
+    <property name="soundfx" value="soundfx/environment/river_loop.ogg"/>
+   </properties>
+  </object>
+  <object id="15" name="Bird twitter" type="on_load" x="160" y="320" width="32" height="32">
+   <properties>
+    <property name="soundfx" value="soundfx/environment/bird_twitter_loop.ogg"/>
+   </properties>
+  </object>
+  <object id="16" name="Bird twitter" type="on_load" x="416" y="1280" width="32" height="32">
+   <properties>
+    <property name="soundfx" value="soundfx/environment/bird_twitter_loop.ogg"/>
+   </properties>
+  </object>
+  <object id="17" name="Bird twitter" type="on_load" x="672" y="2272" width="32" height="32">
+   <properties>
+    <property name="soundfx" value="soundfx/environment/bird_twitter_loop.ogg"/>
+   </properties>
+  </object>
+  <object id="18" name="Bird twitter" type="on_load" x="1856" y="1888" width="32" height="32">
+   <properties>
+    <property name="soundfx" value="soundfx/environment/bird_twitter_loop.ogg"/>
+   </properties>
+  </object>
+  <object id="19" name="Bird twitter" type="on_load" x="1920" y="1184" width="32" height="32">
+   <properties>
+    <property name="soundfx" value="soundfx/environment/bird_twitter_loop.ogg"/>
+   </properties>
+  </object>
+  <object id="20" name="Raven sound effect" type="on_load" x="1280" y="1408" width="32" height="32">
+   <properties>
+    <property name="soundfx" value="soundfx/environment/raven_loop.ogg"/>
+   </properties>
+  </object>
+  <object id="21" name="Raven sound effect" type="on_load" x="2048" y="544" width="32" height="32">
+   <properties>
+    <property name="soundfx" value="soundfx/environment/raven_loop.ogg"/>
+   </properties>
+  </object>
+  <object id="22" name="Forrest owl sound effect" type="on_load" x="768" y="224" width="32" height="32">
+   <properties>
+    <property name="soundfx" value="soundfx/environment/forest_owl_loop.ogg"/>
+   </properties>
+  </object>
+  <object id="23" name="Forrest owl sound effect" type="on_load" x="224" y="1728" width="32" height="32">
+   <properties>
+    <property name="soundfx" value="soundfx/environment/forest_owl_loop.ogg"/>
+   </properties>
+  </object>
+  <object id="24" name="Forrest owl sound effect" type="on_load" x="2336" y="352" width="32" height="32">
+   <properties>
+    <property name="soundfx" value="soundfx/environment/forest_owl_loop.ogg"/>
+   </properties>
+  </object>
+  <object id="25" name="Forrest owl sound effect" type="on_load" x="1376" y="864" width="32" height="32">
+   <properties>
+    <property name="soundfx" value="soundfx/environment/forest_owl_loop.ogg"/>
+   </properties>
+  </object>
  </objectgroup>
 </map>
