diff --git a/mods/empyrean_campaign/maps/the_breach.txt b/mods/empyrean_campaign/maps/the_breach.txt
index ae426677530f7b4834334a6335e94a8a3af593e1..43e8551a50222f74ce789824512ad36417f80f4a 100644
--- a/mods/empyrean_campaign/maps/the_breach.txt
+++ b/mods/empyrean_campaign/maps/the_breach.txt
@@ -165,7 +165,7 @@ data=
 0,0,0,0,0,0,0,0,0,0,79,87,133,0,0,0,0,0,0,82,74,0,0,0,0,0,0,96,0,0,0,0,66,0,0,98,113,69,84,0,0,0,0,0,0,0,0,0,0,0,0,0,0,0,0,0,0,0,121,101,97,65,69,105,65,73,0,0,114,69,105,97,80,0,146,0,0,0,0,0,0,0,121,113,77,0,0,0,0,0,0,0,0,0,0,0,0,0,0,0,
 0,0,0,0,0,0,0,0,0,0,0,75,118,0,0,0,0,0,86,78,0,0,0,0,0,0,0,75,118,0,0,0,117,65,105,99,153,150,0,0,0,0,0,150,0,0,0,0,0,0,0,0,0,0,0,0,0,0,0,0,0,0,0,151,153,117,69,101,80,0,0,0,0,0,0,0,0,0,0,152,110,135,152,153,119,73,0,0,0,0,0,0,0,0,0,0,0,0,0,0,
 0,0,0,0,0,0,0,0,0,0,0,0,75,118,0,0,0,82,74,0,0,0,0,0,0,0,0,0,108,0,0,0,0,0,0,133,0,0,0,0,0,0,147,149,0,0,0,0,0,0,0,0,0,0,0,0,0,0,0,0,0,0,0,0,0,0,0,0,0,0,0,0,0,0,0,0,0,0,0,132,134,0,0,150,0,117,73,0,0,0,0,0,0,0,0,0,0,0,0,0,
-0,0,72,105,109,113,105,101,77,0,0,0,0,75,107,67,71,78,0,0,0,0,0,0,0,0,0,0,100,0,0,0,0,0,0,0,0,0,0,0,0,0,163,145,0,0,0,0,0,0,0,0,0,0,0,0,0,0,0,0,0,0,0,0,0,0,0,0,0,0,0,0,0,0,0,0,0,0,0,0,0,0,0,152,152,0,66,0,0,0,0,0,0,0,0,0,0,0,0,0,
+0,0,72,105,109,113,105,101,77,0,0,0,0,75,107,67,71,78,0,0,0,0,0,0,0,0,0,0,100,0,0,0,0,0,0,0,0,0,0,0,0,0,0,145,0,0,0,0,0,0,0,0,0,0,0,0,0,0,0,0,0,0,0,0,0,0,0,0,0,0,0,0,0,0,0,0,0,0,0,0,0,0,0,152,152,0,66,0,0,0,0,0,0,0,0,0,0,0,0,0,
 102,109,99,148,144,0,0,147,119,65,73,0,0,0,0,0,0,0,0,0,0,0,0,0,0,0,0,114,84,0,0,0,0,132,110,0,0,0,0,148,152,0,0,0,0,0,0,0,0,0,0,0,86,67,67,71,67,67,71,67,71,83,0,0,0,0,0,0,0,0,0,0,0,0,0,0,0,0,0,0,0,0,0,0,0,0,66,0,0,0,0,0,0,0,0,0,0,0,0,0,
 80,0,0,0,134,0,0,132,145,149,85,73,0,0,0,0,0,0,0,0,0,0,102,65,69,101,69,84,0,0,0,0,0,0,0,135,0,0,0,146,0,0,0,0,0,0,0,0,0,0,0,86,78,0,0,0,0,0,0,0,0,75,67,107,67,120,0,0,0,0,0,0,0,0,0,0,0,0,0,133,111,150,0,0,0,0,66,0,0,0,0,0,0,0,0,0,0,0,0,0,
 240,0,0,0,0,0,0,0,0,0,0,121,101,69,69,113,69,109,97,109,105,101,115,0,0,0,0,0,0,0,0,0,0,0,0,0,0,0,0,0,0,0,0,0,0,0,0,0,0,82,71,74,0,0,0,0,0,0,0,0,0,0,0,0,0,75,67,71,71,116,0,0,0,0,0,0,0,0,0,0,132,0,0,0,0,0,66,0,0,0,0,0,0,0,0,0,0,0,0,0,
@@ -180,7 +180,7 @@ data=
 0,0,112,0,0,0,0,0,0,134,0,0,0,0,0,134,152,151,117,69,73,0,0,0,0,0,0,0,72,99,150,151,0,0,0,0,0,0,0,0,0,0,152,117,105,109,84,150,0,0,0,0,0,0,0,0,0,0,146,148,119,69,115,145,0,0,0,0,0,85,97,109,109,69,113,84,149,146,0,0,119,97,73,0,0,0,0,0,0,0,0,0,0,0,0,0,0,0,0,0,
 0,0,108,0,0,146,0,0,150,111,0,0,0,0,0,0,0,0,0,0,121,65,65,73,0,0,0,98,99,152,0,0,0,0,0,0,0,0,0,0,0,0,0,0,0,0,0,0,0,0,0,0,0,0,0,0,0,0,0,0,0,144,0,0,0,0,0,0,0,0,0,0,0,0,0,0,0,0,0,0,0,0,85,97,77,0,0,0,0,0,0,0,0,0,0,0,0,0,0,0,
 0,0,108,0,133,148,0,0,0,0,0,0,0,0,0,0,0,0,0,0,0,0,149,119,97,109,69,115,0,0,0,0,0,0,0,0,0,0,0,0,0,0,0,0,0,0,0,0,0,0,0,0,0,0,0,0,0,0,0,0,0,0,0,0,0,0,0,0,0,0,0,0,0,0,0,0,0,0,0,0,0,0,0,0,81,73,0,0,0,0,0,0,0,0,0,0,0,0,0,0,
-0,0,64,134,0,0,0,0,0,0,0,0,0,0,0,0,0,0,0,0,0,0,0,0,0,0,0,0,0,0,0,0,0,0,0,0,0,0,0,0,0,0,0,0,162,152,0,0,0,0,0,0,0,0,0,0,0,0,0,0,0,0,0,0,0,0,0,0,0,0,0,0,0,0,0,0,0,0,0,0,0,0,0,0,0,85,69,77,0,0,0,0,0,0,0,0,0,0,0,0,
+0,0,64,134,0,0,0,0,0,0,0,0,0,0,0,0,0,0,0,0,0,0,0,0,0,0,0,0,0,0,0,0,0,0,0,0,0,0,0,0,0,0,0,0,0,152,0,0,0,0,0,0,0,0,0,0,0,0,0,0,0,0,0,0,0,0,0,0,0,0,0,0,0,0,0,0,0,0,0,0,0,0,0,0,0,85,69,77,0,0,0,0,0,0,0,0,0,0,0,0,
 0,0,79,83,0,0,0,0,0,0,0,0,82,71,67,71,67,67,120,0,0,0,0,0,0,0,0,0,0,0,0,0,0,0,0,0,82,67,67,71,87,0,0,151,110,0,0,0,0,0,0,0,0,0,0,0,0,0,0,0,0,0,0,0,0,0,0,0,0,0,0,0,0,0,0,0,0,0,0,0,0,0,0,0,0,0,153,119,77,0,0,0,0,0,0,0,0,0,0,0,
 0,0,0,79,83,0,0,0,0,0,0,86,78,0,0,0,0,0,75,120,0,0,0,0,0,0,0,0,0,0,0,0,0,0,0,86,74,0,0,0,75,118,0,0,0,0,0,0,0,0,0,0,86,67,116,0,0,0,0,0,82,71,67,116,0,0,0,0,0,0,0,0,82,67,71,67,67,67,67,67,71,116,0,0,0,0,0,150,85,73,0,0,0,0,0,0,0,0,0,0,
 0,0,0,0,79,118,241,241,82,67,67,74,0,0,0,0,0,0,0,112,145,0,0,0,0,0,0,0,0,0,0,0,0,86,71,78,0,0,0,0,0,100,0,0,0,0,0,0,0,0,0,86,78,0,79,67,67,67,67,71,74,0,0,75,71,67,71,67,71,71,67,67,78,0,0,0,0,0,0,0,0,75,116,150,0,0,0,151,0,66,0,0,0,0,0,0,0,0,0,0,
@@ -269,7 +269,7 @@ data=
 3,3,3,3,3,3,3,3,3,3,1,1,0,0,0,0,0,0,0,1,1,3,3,3,3,3,3,1,0,0,0,0,1,3,3,1,1,1,1,0,0,0,0,0,0,0,0,0,0,0,0,0,0,0,0,0,0,0,1,1,1,1,1,1,1,1,3,3,1,1,1,1,1,0,4,0,0,0,0,0,0,0,1,1,1,3,3,3,3,3,3,3,3,3,3,3,3,3,3,3,
 3,3,3,3,3,3,3,3,3,3,3,1,1,0,0,0,0,0,1,1,3,3,3,3,3,3,3,1,1,0,0,0,1,1,1,1,3,4,0,0,0,0,0,4,0,0,0,0,0,0,0,0,0,0,0,0,0,0,0,0,0,0,0,4,3,1,1,1,1,0,0,0,0,0,0,0,0,0,0,4,1,0,4,3,1,1,3,3,3,3,3,3,3,3,3,3,3,3,3,3,
 3,3,3,3,3,3,3,3,3,3,3,3,1,1,0,0,0,1,1,3,3,3,3,3,3,3,3,3,1,0,0,0,0,0,0,0,0,0,0,0,0,0,4,1,0,0,0,0,0,0,0,0,0,0,0,0,0,0,0,0,0,0,0,0,0,0,0,0,0,0,0,0,0,0,0,0,0,0,0,0,0,0,0,4,0,1,1,3,3,3,3,3,3,3,3,3,3,3,3,3,
-3,3,1,1,1,1,1,1,1,3,3,3,3,1,1,1,1,1,3,3,3,3,3,3,3,3,3,3,1,0,0,0,0,0,0,0,0,0,0,0,0,0,4,4,0,0,0,0,0,0,0,0,0,0,0,0,0,0,0,0,0,0,0,0,0,0,0,0,0,0,0,0,0,0,0,0,0,0,0,0,0,0,0,4,4,0,1,3,3,3,3,3,3,3,3,3,3,3,3,3,
+3,3,1,1,1,1,1,1,1,3,3,3,3,1,1,1,1,1,3,3,3,3,3,3,3,3,3,3,1,0,0,0,0,0,0,0,0,0,0,0,0,0,0,4,0,0,0,0,0,0,0,0,0,0,0,0,0,0,0,0,0,0,0,0,0,0,0,0,0,0,0,0,0,0,0,0,0,0,0,0,0,0,0,4,4,0,1,3,3,3,3,3,3,3,3,3,3,3,3,3,
 1,1,1,1,4,0,0,4,1,1,1,3,3,3,3,3,3,3,3,3,3,3,3,3,3,3,3,1,1,0,0,0,0,0,1,0,0,0,0,1,4,0,0,0,0,0,0,0,0,0,0,0,1,1,1,1,1,1,1,1,1,1,0,0,0,0,0,0,0,0,0,0,0,0,0,0,0,0,0,0,0,0,0,0,0,0,1,3,3,3,3,3,3,3,3,3,3,3,3,3,
 1,0,0,0,0,0,0,0,4,1,1,1,3,3,3,3,3,3,3,3,3,3,1,1,1,1,1,1,0,0,0,0,0,0,0,0,0,0,0,4,0,0,0,0,0,0,0,0,0,0,0,1,1,3,3,3,3,3,3,3,3,1,1,1,1,1,0,0,0,0,0,0,0,0,0,0,0,0,0,0,1,4,0,0,0,0,1,3,3,3,3,3,3,3,3,3,3,3,3,3,
 0,0,0,0,0,0,0,0,0,0,0,1,1,1,1,1,1,1,1,1,1,1,1,0,0,0,0,0,0,0,0,0,0,0,0,0,0,0,0,0,0,0,0,0,0,0,0,0,0,1,1,1,3,3,3,3,3,3,3,3,3,3,3,3,3,1,1,1,1,1,0,0,0,0,0,0,0,0,0,0,0,0,0,0,0,0,1,3,3,3,3,3,3,3,3,3,3,3,3,3,
@@ -284,7 +284,7 @@ data=
 3,3,1,0,0,0,0,0,0,0,0,0,0,0,0,0,4,4,1,1,1,3,3,3,3,3,3,3,1,1,4,4,0,0,0,0,0,0,0,0,0,0,4,1,1,1,1,4,0,0,0,0,0,0,0,0,0,0,4,1,1,1,1,4,0,0,0,0,0,1,1,1,1,1,1,1,1,4,0,0,1,1,1,3,3,3,3,3,3,3,3,3,3,3,3,3,3,3,3,3,
 3,3,1,0,0,4,0,0,4,1,0,0,0,0,0,0,0,0,0,0,1,1,1,1,3,3,3,1,1,4,0,0,0,0,0,0,0,0,0,0,0,0,0,0,0,0,0,0,0,0,0,0,0,0,0,0,0,0,0,0,0,4,0,0,0,0,0,0,0,0,0,0,0,0,0,0,0,0,0,0,0,0,1,1,1,3,3,3,3,3,3,3,3,3,3,3,3,3,3,3,
 3,3,1,0,0,1,0,0,0,0,0,0,0,0,0,0,0,0,0,0,0,0,1,1,1,1,1,1,0,0,0,0,0,0,0,0,0,0,0,0,0,0,0,0,0,0,0,0,0,0,0,0,0,0,0,0,0,0,0,0,0,0,0,0,0,0,0,0,0,0,0,0,0,0,0,0,0,0,0,0,0,0,0,0,1,1,3,3,3,3,3,3,3,3,3,3,3,3,3,3,
-3,3,1,0,0,0,0,0,0,0,0,0,0,0,0,0,0,0,0,0,0,0,0,0,0,0,0,0,0,0,0,0,0,0,0,0,0,0,0,0,0,0,0,0,4,4,0,0,0,0,0,0,0,0,0,0,0,0,0,0,0,0,0,0,0,0,0,0,0,0,0,0,0,0,0,0,0,0,0,0,0,0,0,0,0,1,1,1,3,3,3,3,3,3,3,3,3,3,3,3,
+3,3,1,0,0,0,0,0,0,0,0,0,0,0,0,0,0,0,0,0,0,0,0,0,0,0,0,0,0,0,0,0,0,0,0,0,0,0,0,0,0,0,0,0,0,4,0,0,0,0,0,0,0,0,0,0,0,0,0,0,0,0,0,0,0,0,0,0,0,0,0,0,0,0,0,0,0,0,0,0,0,0,0,0,0,1,1,1,3,3,3,3,3,3,3,3,3,3,3,3,
 3,3,1,1,0,0,0,0,0,0,0,0,1,1,1,1,1,1,1,0,0,0,0,0,0,0,0,0,0,0,0,0,0,0,0,0,1,1,1,1,1,0,0,4,1,0,0,0,0,0,0,0,0,0,0,0,0,0,0,0,0,0,0,0,0,0,0,0,0,0,0,0,0,0,0,0,0,0,0,0,0,0,0,0,0,0,3,1,1,3,3,3,3,3,3,3,3,3,3,3,
 3,3,3,1,1,0,0,0,0,0,0,1,1,3,3,3,3,3,1,1,0,0,0,0,0,0,0,0,0,0,0,0,0,0,0,1,1,3,3,3,1,1,0,0,0,0,0,0,0,0,0,0,1,1,1,0,0,0,0,0,1,1,1,1,0,0,0,0,0,0,0,0,1,1,1,1,1,1,1,1,1,1,0,0,0,0,0,4,1,1,3,3,3,3,3,3,3,3,3,3,
 3,3,3,3,1,1,0,0,1,1,1,1,3,3,3,3,3,3,3,1,4,0,0,0,0,0,0,0,0,0,0,0,0,1,1,1,3,3,3,3,3,1,0,0,0,0,0,0,0,0,0,1,1,3,1,1,1,1,1,1,1,3,3,1,1,1,1,1,1,1,1,1,1,3,3,3,3,3,3,3,3,1,1,4,0,0,0,4,0,1,3,3,3,3,3,3,3,3,3,3,
@@ -369,17 +369,6 @@ tooltip=Stormrock Pass
 [event]
 # Crate
 type=on_trigger
-location=42,44,1,1
-hotspot=location
-loot=loot/level_6.txt
-mapmod=object,42,44,179
-repeat=false
-soundfx=soundfx/wood_open.ogg
-tooltip=Crate
-
-[event]
-# Crate
-type=on_trigger
 location=12,78,1,1
 hotspot=location
 loot=loot/level_6.txt
@@ -421,17 +410,6 @@ repeat=false
 soundfx=soundfx/wood_open.ogg
 tooltip=Treasure Chest
 
-[event]
-# Barrel
-type=on_trigger
-location=44,59,1,1
-hotspot=location
-loot=loot/level_6.txt
-mapmod=object,44,59,178
-repeat=false
-soundfx=soundfx/wood_open.ogg
-tooltip=Barrel
-
 [enemy]
 type=antlion_burster
 location=46,80,1,1
diff --git a/tiled/empyrean_campaign/the_breach.tmx b/tiled/empyrean_campaign/the_breach.tmx
index d6929a856fe60b9f558bbf103d3e3f6b1cac810a..b59908329d0af226c011f1ec786f980f2726da20 100644
--- a/tiled/empyrean_campaign/the_breach.tmx
+++ b/tiled/empyrean_campaign/the_breach.tmx
@@ -168,7 +168,7 @@
 0,0,0,0,0,0,0,0,0,0,79,87,133,0,0,0,0,0,0,82,74,0,0,0,0,0,0,96,0,0,0,0,66,0,0,98,113,69,84,0,0,0,0,0,0,0,0,0,0,0,0,0,0,0,0,0,0,0,121,101,97,65,69,105,65,73,0,0,114,69,105,97,80,0,146,0,0,0,0,0,0,0,121,113,77,0,0,0,0,0,0,0,0,0,0,0,0,0,0,0,
 0,0,0,0,0,0,0,0,0,0,0,75,118,0,0,0,0,0,86,78,0,0,0,0,0,0,0,75,118,0,0,0,117,65,105,99,153,150,0,0,0,0,0,150,0,0,0,0,0,0,0,0,0,0,0,0,0,0,0,0,0,0,0,151,153,117,69,101,80,0,0,0,0,0,0,0,0,0,0,152,110,135,152,153,119,73,0,0,0,0,0,0,0,0,0,0,0,0,0,0,
 0,0,0,0,0,0,0,0,0,0,0,0,75,118,0,0,0,82,74,0,0,0,0,0,0,0,0,0,108,0,0,0,0,0,0,133,0,0,0,0,0,0,147,149,0,0,0,0,0,0,0,0,0,0,0,0,0,0,0,0,0,0,0,0,0,0,0,0,0,0,0,0,0,0,0,0,0,0,0,132,134,0,0,150,0,117,73,0,0,0,0,0,0,0,0,0,0,0,0,0,
-0,0,72,105,109,113,105,101,77,0,0,0,0,75,107,67,71,78,0,0,0,0,0,0,0,0,0,0,100,0,0,0,0,0,0,0,0,0,0,0,0,0,163,145,0,0,0,0,0,0,0,0,0,0,0,0,0,0,0,0,0,0,0,0,0,0,0,0,0,0,0,0,0,0,0,0,0,0,0,0,0,0,0,152,152,0,66,0,0,0,0,0,0,0,0,0,0,0,0,0,
+0,0,72,105,109,113,105,101,77,0,0,0,0,75,107,67,71,78,0,0,0,0,0,0,0,0,0,0,100,0,0,0,0,0,0,0,0,0,0,0,0,0,0,145,0,0,0,0,0,0,0,0,0,0,0,0,0,0,0,0,0,0,0,0,0,0,0,0,0,0,0,0,0,0,0,0,0,0,0,0,0,0,0,152,152,0,66,0,0,0,0,0,0,0,0,0,0,0,0,0,
 102,109,99,148,144,0,0,147,119,65,73,0,0,0,0,0,0,0,0,0,0,0,0,0,0,0,0,114,84,0,0,0,0,132,110,0,0,0,0,148,152,0,0,0,0,0,0,0,0,0,0,0,86,67,67,71,67,67,71,67,71,83,0,0,0,0,0,0,0,0,0,0,0,0,0,0,0,0,0,0,0,0,0,0,0,0,66,0,0,0,0,0,0,0,0,0,0,0,0,0,
 80,0,0,0,134,0,0,132,145,149,85,73,0,0,0,0,0,0,0,0,0,0,102,65,69,101,69,84,0,0,0,0,0,0,0,135,0,0,0,146,0,0,0,0,0,0,0,0,0,0,0,86,78,0,0,0,0,0,0,0,0,75,67,107,67,120,0,0,0,0,0,0,0,0,0,0,0,0,0,133,111,150,0,0,0,0,66,0,0,0,0,0,0,0,0,0,0,0,0,0,
 240,0,0,0,0,0,0,0,0,0,0,121,101,69,69,113,69,109,97,109,105,101,115,0,0,0,0,0,0,0,0,0,0,0,0,0,0,0,0,0,0,0,0,0,0,0,0,0,0,82,71,74,0,0,0,0,0,0,0,0,0,0,0,0,0,75,67,71,71,116,0,0,0,0,0,0,0,0,0,0,132,0,0,0,0,0,66,0,0,0,0,0,0,0,0,0,0,0,0,0,
@@ -183,7 +183,7 @@
 0,0,112,0,0,0,0,0,0,134,0,0,0,0,0,134,152,151,117,69,73,0,0,0,0,0,0,0,72,99,150,151,0,0,0,0,0,0,0,0,0,0,152,117,105,109,84,150,0,0,0,0,0,0,0,0,0,0,146,148,119,69,115,145,0,0,0,0,0,85,97,109,109,69,113,84,149,146,0,0,119,97,73,0,0,0,0,0,0,0,0,0,0,0,0,0,0,0,0,0,
 0,0,108,0,0,146,0,0,150,111,0,0,0,0,0,0,0,0,0,0,121,65,65,73,0,0,0,98,99,152,0,0,0,0,0,0,0,0,0,0,0,0,0,0,0,0,0,0,0,0,0,0,0,0,0,0,0,0,0,0,0,144,0,0,0,0,0,0,0,0,0,0,0,0,0,0,0,0,0,0,0,0,85,97,77,0,0,0,0,0,0,0,0,0,0,0,0,0,0,0,
 0,0,108,0,133,148,0,0,0,0,0,0,0,0,0,0,0,0,0,0,0,0,149,119,97,109,69,115,0,0,0,0,0,0,0,0,0,0,0,0,0,0,0,0,0,0,0,0,0,0,0,0,0,0,0,0,0,0,0,0,0,0,0,0,0,0,0,0,0,0,0,0,0,0,0,0,0,0,0,0,0,0,0,0,81,73,0,0,0,0,0,0,0,0,0,0,0,0,0,0,
-0,0,64,134,0,0,0,0,0,0,0,0,0,0,0,0,0,0,0,0,0,0,0,0,0,0,0,0,0,0,0,0,0,0,0,0,0,0,0,0,0,0,0,0,162,152,0,0,0,0,0,0,0,0,0,0,0,0,0,0,0,0,0,0,0,0,0,0,0,0,0,0,0,0,0,0,0,0,0,0,0,0,0,0,0,85,69,77,0,0,0,0,0,0,0,0,0,0,0,0,
+0,0,64,134,0,0,0,0,0,0,0,0,0,0,0,0,0,0,0,0,0,0,0,0,0,0,0,0,0,0,0,0,0,0,0,0,0,0,0,0,0,0,0,0,0,152,0,0,0,0,0,0,0,0,0,0,0,0,0,0,0,0,0,0,0,0,0,0,0,0,0,0,0,0,0,0,0,0,0,0,0,0,0,0,0,85,69,77,0,0,0,0,0,0,0,0,0,0,0,0,
 0,0,79,83,0,0,0,0,0,0,0,0,82,71,67,71,67,67,120,0,0,0,0,0,0,0,0,0,0,0,0,0,0,0,0,0,82,67,67,71,87,0,0,151,110,0,0,0,0,0,0,0,0,0,0,0,0,0,0,0,0,0,0,0,0,0,0,0,0,0,0,0,0,0,0,0,0,0,0,0,0,0,0,0,0,0,153,119,77,0,0,0,0,0,0,0,0,0,0,0,
 0,0,0,79,83,0,0,0,0,0,0,86,78,0,0,0,0,0,75,120,0,0,0,0,0,0,0,0,0,0,0,0,0,0,0,86,74,0,0,0,75,118,0,0,0,0,0,0,0,0,0,0,86,67,116,0,0,0,0,0,82,71,67,116,0,0,0,0,0,0,0,0,82,67,71,67,67,67,67,67,71,116,0,0,0,0,0,150,85,73,0,0,0,0,0,0,0,0,0,0,
 0,0,0,0,79,118,241,241,82,67,67,74,0,0,0,0,0,0,0,112,145,0,0,0,0,0,0,0,0,0,0,0,0,86,71,78,0,0,0,0,0,100,0,0,0,0,0,0,0,0,0,86,78,0,79,67,67,67,67,71,74,0,0,75,71,67,71,67,71,71,67,67,78,0,0,0,0,0,0,0,0,75,116,150,0,0,0,151,0,66,0,0,0,0,0,0,0,0,0,0,
@@ -272,7 +272,7 @@
 3,3,3,3,3,3,3,3,3,3,1,1,0,0,0,0,0,0,0,1,1,3,3,3,3,3,3,1,0,0,0,0,1,3,3,1,1,1,1,0,0,0,0,0,0,0,0,0,0,0,0,0,0,0,0,0,0,0,1,1,1,1,1,1,1,1,3,3,1,1,1,1,1,0,4,0,0,0,0,0,0,0,1,1,1,3,3,3,3,3,3,3,3,3,3,3,3,3,3,3,
 3,3,3,3,3,3,3,3,3,3,3,1,1,0,0,0,0,0,1,1,3,3,3,3,3,3,3,1,1,0,0,0,1,1,1,1,3,4,0,0,0,0,0,4,0,0,0,0,0,0,0,0,0,0,0,0,0,0,0,0,0,0,0,4,3,1,1,1,1,0,0,0,0,0,0,0,0,0,0,4,1,0,4,3,1,1,3,3,3,3,3,3,3,3,3,3,3,3,3,3,
 3,3,3,3,3,3,3,3,3,3,3,3,1,1,0,0,0,1,1,3,3,3,3,3,3,3,3,3,1,0,0,0,0,0,0,0,0,0,0,0,0,0,4,1,0,0,0,0,0,0,0,0,0,0,0,0,0,0,0,0,0,0,0,0,0,0,0,0,0,0,0,0,0,0,0,0,0,0,0,0,0,0,0,4,0,1,1,3,3,3,3,3,3,3,3,3,3,3,3,3,
-3,3,1,1,1,1,1,1,1,3,3,3,3,1,1,1,1,1,3,3,3,3,3,3,3,3,3,3,1,0,0,0,0,0,0,0,0,0,0,0,0,0,4,4,0,0,0,0,0,0,0,0,0,0,0,0,0,0,0,0,0,0,0,0,0,0,0,0,0,0,0,0,0,0,0,0,0,0,0,0,0,0,0,4,4,0,1,3,3,3,3,3,3,3,3,3,3,3,3,3,
+3,3,1,1,1,1,1,1,1,3,3,3,3,1,1,1,1,1,3,3,3,3,3,3,3,3,3,3,1,0,0,0,0,0,0,0,0,0,0,0,0,0,0,4,0,0,0,0,0,0,0,0,0,0,0,0,0,0,0,0,0,0,0,0,0,0,0,0,0,0,0,0,0,0,0,0,0,0,0,0,0,0,0,4,4,0,1,3,3,3,3,3,3,3,3,3,3,3,3,3,
 1,1,1,1,4,0,0,4,1,1,1,3,3,3,3,3,3,3,3,3,3,3,3,3,3,3,3,1,1,0,0,0,0,0,1,0,0,0,0,1,4,0,0,0,0,0,0,0,0,0,0,0,1,1,1,1,1,1,1,1,1,1,0,0,0,0,0,0,0,0,0,0,0,0,0,0,0,0,0,0,0,0,0,0,0,0,1,3,3,3,3,3,3,3,3,3,3,3,3,3,
 1,0,0,0,0,0,0,0,4,1,1,1,3,3,3,3,3,3,3,3,3,3,1,1,1,1,1,1,0,0,0,0,0,0,0,0,0,0,0,4,0,0,0,0,0,0,0,0,0,0,0,1,1,3,3,3,3,3,3,3,3,1,1,1,1,1,0,0,0,0,0,0,0,0,0,0,0,0,0,0,1,4,0,0,0,0,1,3,3,3,3,3,3,3,3,3,3,3,3,3,
 0,0,0,0,0,0,0,0,0,0,0,1,1,1,1,1,1,1,1,1,1,1,1,0,0,0,0,0,0,0,0,0,0,0,0,0,0,0,0,0,0,0,0,0,0,0,0,0,0,1,1,1,3,3,3,3,3,3,3,3,3,3,3,3,3,1,1,1,1,1,0,0,0,0,0,0,0,0,0,0,0,0,0,0,0,0,1,3,3,3,3,3,3,3,3,3,3,3,3,3,
@@ -287,7 +287,7 @@
 3,3,1,0,0,0,0,0,0,0,0,0,0,0,0,0,4,4,1,1,1,3,3,3,3,3,3,3,1,1,4,4,0,0,0,0,0,0,0,0,0,0,4,1,1,1,1,4,0,0,0,0,0,0,0,0,0,0,4,1,1,1,1,4,0,0,0,0,0,1,1,1,1,1,1,1,1,4,0,0,1,1,1,3,3,3,3,3,3,3,3,3,3,3,3,3,3,3,3,3,
 3,3,1,0,0,4,0,0,4,1,0,0,0,0,0,0,0,0,0,0,1,1,1,1,3,3,3,1,1,4,0,0,0,0,0,0,0,0,0,0,0,0,0,0,0,0,0,0,0,0,0,0,0,0,0,0,0,0,0,0,0,4,0,0,0,0,0,0,0,0,0,0,0,0,0,0,0,0,0,0,0,0,1,1,1,3,3,3,3,3,3,3,3,3,3,3,3,3,3,3,
 3,3,1,0,0,1,0,0,0,0,0,0,0,0,0,0,0,0,0,0,0,0,1,1,1,1,1,1,0,0,0,0,0,0,0,0,0,0,0,0,0,0,0,0,0,0,0,0,0,0,0,0,0,0,0,0,0,0,0,0,0,0,0,0,0,0,0,0,0,0,0,0,0,0,0,0,0,0,0,0,0,0,0,0,1,1,3,3,3,3,3,3,3,3,3,3,3,3,3,3,
-3,3,1,0,0,0,0,0,0,0,0,0,0,0,0,0,0,0,0,0,0,0,0,0,0,0,0,0,0,0,0,0,0,0,0,0,0,0,0,0,0,0,0,0,4,4,0,0,0,0,0,0,0,0,0,0,0,0,0,0,0,0,0,0,0,0,0,0,0,0,0,0,0,0,0,0,0,0,0,0,0,0,0,0,0,1,1,1,3,3,3,3,3,3,3,3,3,3,3,3,
+3,3,1,0,0,0,0,0,0,0,0,0,0,0,0,0,0,0,0,0,0,0,0,0,0,0,0,0,0,0,0,0,0,0,0,0,0,0,0,0,0,0,0,0,0,4,0,0,0,0,0,0,0,0,0,0,0,0,0,0,0,0,0,0,0,0,0,0,0,0,0,0,0,0,0,0,0,0,0,0,0,0,0,0,0,1,1,1,3,3,3,3,3,3,3,3,3,3,3,3,
 3,3,1,1,0,0,0,0,0,0,0,0,1,1,1,1,1,1,1,0,0,0,0,0,0,0,0,0,0,0,0,0,0,0,0,0,1,1,1,1,1,0,0,4,1,0,0,0,0,0,0,0,0,0,0,0,0,0,0,0,0,0,0,0,0,0,0,0,0,0,0,0,0,0,0,0,0,0,0,0,0,0,0,0,0,0,3,1,1,3,3,3,3,3,3,3,3,3,3,3,
 3,3,3,1,1,0,0,0,0,0,0,1,1,3,3,3,3,3,1,1,0,0,0,0,0,0,0,0,0,0,0,0,0,0,0,1,1,3,3,3,1,1,0,0,0,0,0,0,0,0,0,0,1,1,1,0,0,0,0,0,1,1,1,1,0,0,0,0,0,0,0,0,1,1,1,1,1,1,1,1,1,1,0,0,0,0,0,4,1,1,3,3,3,3,3,3,3,3,3,3,
 3,3,3,3,1,1,0,0,1,1,1,1,3,3,3,3,3,3,3,1,4,0,0,0,0,0,0,0,0,0,0,0,0,1,1,1,3,3,3,3,3,1,0,0,0,0,0,0,0,0,0,1,1,3,1,1,1,1,1,1,1,3,3,1,1,1,1,1,1,1,1,1,1,3,3,3,3,3,3,3,3,1,1,4,0,0,0,4,0,1,3,3,3,3,3,3,3,3,3,3,
@@ -366,16 +366,6 @@
     <property name="tooltip" value="Stormrock Pass"/>
    </properties>
   </object>
-  <object id="6" name="Crate" type="on_trigger" x="1344" y="1408" width="32" height="32">
-   <properties>
-    <property name="hotspot" value="location"/>
-    <property name="loot" value="loot/level_6.txt"/>
-    <property name="mapmod" value="object,42,44,179"/>
-    <property name="repeat" value="false"/>
-    <property name="soundfx" value="soundfx/wood_open.ogg"/>
-    <property name="tooltip" value="Crate"/>
-   </properties>
-  </object>
   <object id="7" name="Crate" type="on_trigger" x="384" y="2496" width="32" height="32">
    <properties>
     <property name="hotspot" value="location"/>
@@ -416,16 +406,6 @@
     <property name="tooltip" value="Treasure Chest"/>
    </properties>
   </object>
-  <object id="11" name="Barrel" type="on_trigger" x="1408" y="1888" width="32" height="32">
-   <properties>
-    <property name="hotspot" value="location"/>
-    <property name="loot" value="loot/level_6.txt"/>
-    <property name="mapmod" value="object,44,59,178"/>
-    <property name="repeat" value="false"/>
-    <property name="soundfx" value="soundfx/wood_open.ogg"/>
-    <property name="tooltip" value="Barrel"/>
-   </properties>
-  </object>
  </objectgroup>
  <objectgroup name="enemy" visible="0">
   <object id="12" type="antlion_burster" x="1472" y="2560" width="32" height="32">
