diff --git a/mods/empyrean_campaign/maps/black_oak_farm.txt b/mods/empyrean_campaign/maps/black_oak_farm.txt
index 0754b3aaa183381fbf160f90ac4619ed73041b9c..0f3ef9330da86d906d79f4e8ac6d27238278613e 100644
--- a/mods/empyrean_campaign/maps/black_oak_farm.txt
+++ b/mods/empyrean_campaign/maps/black_oak_farm.txt
@@ -95,10 +95,10 @@ data=
 0,0,0,0,0,0,0,0,0,0,0,0,0,0,0,0,0,0,0,27,24,25,26,27,24,25,26,27,24,43,45,27,24,25,26,27,24,25,26,27,24,25,26,27,24,25,26,27,24,25,144,187,184,185,186,187,162,154,19,16,17,18,19,16,17,18,19,16,17,18,19,16,17,18,19,16,17,18,19,0,0,0,0,0,0,0,0,0,0,0,0,0,0,0,0,0,0,0,0,0,
 0,0,0,0,0,0,0,0,0,29,30,31,28,29,30,0,0,0,30,31,28,29,30,31,28,29,30,31,28,32,47,31,28,29,30,31,28,29,30,31,28,29,30,31,28,29,30,31,28,29,148,191,188,189,190,191,150,22,23,20,21,22,23,20,21,22,23,20,21,22,23,20,21,22,23,20,21,22,23,0,0,0,0,0,0,0,0,0,0,0,0,0,0,0,0,0,0,0,0,0,
 0,0,0,0,0,0,0,0,16,17,18,19,16,17,18,0,0,17,18,19,16,17,18,19,16,17,18,19,16,34,18,19,16,17,18,19,16,17,36,19,16,17,18,19,16,17,18,19,16,17,148,179,176,177,178,179,150,26,27,24,25,26,27,24,25,26,27,24,25,26,27,24,25,26,27,24,25,26,27,0,0,0,0,0,0,0,0,0,0,0,0,0,0,0,0,0,0,0,0,0,
-0,0,0,0,0,0,0,23,20,0,0,0,238,21,22,23,20,21,22,23,20,21,22,23,20,21,22,23,20,43,32,23,20,21,22,23,20,21,45,23,20,21,22,23,20,21,22,23,20,21,148,183,180,181,182,183,165,157,31,28,29,30,31,28,29,30,31,28,42,30,31,28,29,30,31,28,29,30,31,28,0,0,0,0,0,0,0,0,0,0,0,0,0,0,0,0,0,0,0,0,
-0,0,0,0,0,0,26,27,24,0,0,0,237,25,26,27,24,25,26,27,24,25,26,27,24,25,26,27,24,25,47,27,24,25,26,27,24,25,37,27,24,25,26,27,24,25,26,27,24,152,164,187,184,185,186,187,184,161,153,16,17,18,19,16,17,18,19,16,35,35,19,16,17,18,19,16,17,18,19,16,17,0,0,0,0,0,0,0,0,0,0,0,0,0,0,0,0,0,0,0,
-0,0,0,0,0,29,30,31,28,0,0,0,236,29,30,31,28,29,30,31,28,29,30,31,28,29,30,31,28,29,36,34,28,29,30,31,28,41,34,31,28,29,30,31,28,29,30,31,28,148,190,191,188,189,190,191,188,189,150,20,21,22,23,20,21,22,23,20,36,33,23,20,21,22,23,20,21,22,23,20,21,22,0,0,0,0,0,0,0,0,0,0,0,0,0,0,0,0,0,0,
-0,0,0,0,16,17,18,19,16,232,233,234,235,17,18,19,16,17,18,19,16,17,18,19,16,17,18,19,16,17,18,36,16,17,18,19,34,37,18,19,16,17,18,19,16,17,18,19,16,148,178,179,176,177,178,179,176,177,150,24,25,26,27,24,25,26,27,24,46,26,44,24,25,26,27,24,25,26,27,24,25,26,27,0,0,0,0,0,0,0,0,0,0,0,0,0,0,0,0,0,
+0,0,0,0,0,0,0,23,20,16,17,18,19,21,22,23,20,21,22,23,20,21,22,23,20,21,22,23,20,43,32,23,20,21,22,23,20,21,45,23,20,21,22,23,20,21,22,23,20,21,148,183,180,181,182,183,165,157,31,28,29,30,31,28,29,30,31,28,42,30,31,28,29,30,31,28,29,30,31,28,0,0,0,0,0,0,0,0,0,0,0,0,0,0,0,0,0,0,0,0,
+0,0,0,0,0,0,26,27,24,20,21,22,23,25,26,27,24,25,26,27,24,25,26,27,24,25,26,27,24,25,47,27,24,25,26,27,24,25,37,27,24,25,26,27,24,25,26,27,24,152,164,187,184,185,186,187,184,161,153,16,17,18,19,16,17,18,19,16,35,35,19,16,17,18,19,16,17,18,19,16,17,0,0,0,0,0,0,0,0,0,0,0,0,0,0,0,0,0,0,0,
+0,0,0,0,0,29,30,31,28,24,25,26,27,29,30,31,28,29,30,31,28,29,30,31,28,29,30,31,28,29,36,34,28,29,30,31,28,41,34,31,28,29,30,31,28,29,30,31,28,148,190,191,188,189,190,191,188,189,150,20,21,22,23,20,21,22,23,20,36,33,23,20,21,22,23,20,21,22,23,20,21,22,0,0,0,0,0,0,0,0,0,0,0,0,0,0,0,0,0,0,
+0,0,0,0,16,17,18,19,16,28,29,30,31,17,18,19,16,17,18,19,16,17,18,19,16,17,18,19,16,17,18,36,16,17,18,19,34,37,18,19,16,17,18,19,16,17,18,19,16,148,178,179,176,177,178,179,176,177,150,24,25,26,27,24,25,26,27,24,46,26,44,24,25,26,27,24,25,26,27,24,25,26,27,0,0,0,0,0,0,0,0,0,0,0,0,0,0,0,0,0,
 0,0,0,0,20,21,22,23,20,21,22,23,20,21,22,23,20,21,22,23,20,21,22,23,20,21,22,23,20,21,22,34,20,21,40,41,37,44,22,23,20,21,22,23,20,21,22,23,152,164,182,183,180,181,182,183,180,162,158,28,29,30,31,28,29,30,31,28,29,39,46,28,29,30,31,28,29,30,31,28,29,30,31,0,0,0,0,0,0,0,0,0,0,0,0,0,0,0,0,0,
 0,0,0,27,24,25,26,27,24,25,26,27,24,25,26,27,24,25,26,27,24,25,26,27,24,25,26,27,24,25,26,41,24,44,38,44,34,25,26,27,24,25,26,27,24,25,26,152,164,185,186,187,184,185,186,187,162,158,19,16,17,18,19,46,17,18,19,16,17,37,40,16,17,18,19,16,17,18,19,16,17,18,19,16,0,0,0,0,0,0,0,0,0,0,0,0,0,0,0,0,
 0,0,30,31,28,29,30,31,28,29,30,31,28,29,45,41,35,47,37,31,28,29,30,31,28,47,42,47,43,34,30,40,41,46,45,33,28,29,30,31,28,29,30,31,28,29,156,160,188,189,190,191,188,189,190,191,146,22,23,20,21,22,23,32,21,22,23,20,21,40,32,20,21,22,23,20,21,22,23,20,21,22,23,20,0,0,0,0,0,0,0,0,0,0,0,0,0,0,0,0,
@@ -201,17 +201,17 @@ data=
 0,0,0,0,0,0,0,60,68,249,131,0,252,105,134,50,0,48,252,0,0,0,0,0,0,0,0,0,0,0,0,0,0,0,0,0,0,0,0,0,0,118,0,0,0,0,0,0,0,105,0,129,0,0,0,0,0,0,0,0,0,0,0,0,0,0,0,0,0,0,0,0,0,0,0,109,0,0,0,50,0,0,0,0,0,0,0,0,0,0,0,0,0,0,0,0,0,0,0,0,
 0,0,0,0,0,0,56,68,0,0,0,0,0,104,0,65,53,64,0,0,0,0,0,0,0,0,0,0,0,0,0,0,0,0,0,0,0,0,0,0,0,0,0,0,0,0,0,0,0,104,0,0,121,0,0,0,0,0,0,240,0,0,0,0,0,0,0,0,0,0,0,0,0,0,0,108,0,0,0,65,61,0,0,0,0,0,0,0,0,0,0,0,0,0,0,0,0,0,0,0,
 0,0,0,0,0,60,68,0,249,0,0,0,0,0,0,0,0,0,0,0,0,0,0,0,0,0,0,0,0,0,0,0,0,0,0,0,0,0,0,0,0,0,0,0,0,0,0,0,0,0,0,0,0,0,0,0,0,0,0,0,0,0,0,0,0,0,0,0,0,0,0,0,0,0,0,0,0,0,0,0,69,61,0,0,0,0,0,0,0,0,0,0,0,0,0,0,0,0,0,0,
-0,0,0,0,56,64,0,0,0,0,0,0,0,0,0,0,124,0,0,0,0,0,0,0,0,0,0,0,0,0,0,0,0,0,0,0,0,0,0,0,0,123,0,0,0,0,252,0,0,0,0,0,0,0,0,0,0,0,0,0,0,0,0,0,0,243,0,0,0,0,0,0,0,0,0,0,0,0,0,0,0,69,61,0,0,0,0,0,0,0,0,0,0,0,0,0,0,0,0,0,
-0,0,0,0,52,255,0,0,0,0,0,0,0,0,0,0,0,0,0,0,0,0,0,0,0,0,255,0,0,0,0,0,0,0,250,0,0,0,0,0,0,0,0,0,0,0,0,0,0,0,0,115,0,0,0,0,0,0,0,0,0,0,211,0,0,0,0,0,0,0,0,0,127,0,0,0,0,0,0,0,0,0,69,57,0,0,0,0,0,0,0,0,0,0,0,0,0,0,0,0,
+0,0,0,0,56,64,0,73,0,0,0,0,0,0,0,0,124,0,0,0,0,0,0,0,0,0,0,0,0,0,0,0,0,0,0,0,0,0,0,0,0,123,0,0,0,0,252,0,0,0,0,0,0,0,0,0,0,0,0,0,0,0,0,0,0,243,0,0,0,0,0,0,0,0,0,0,0,0,0,0,0,69,61,0,0,0,0,0,0,0,0,0,0,0,0,0,0,0,0,0,
+0,0,0,0,52,255,124,72,0,0,0,0,0,0,0,0,0,0,0,0,0,0,0,0,0,0,255,0,0,0,0,0,0,0,250,0,0,0,0,0,0,0,0,0,0,0,0,0,0,0,0,115,0,0,0,0,0,0,0,0,0,0,211,0,0,0,0,0,0,0,0,0,127,0,0,0,0,0,0,0,0,0,69,57,0,0,0,0,0,0,0,0,0,0,0,0,0,0,0,0,
 0,0,0,60,64,0,0,0,0,0,0,0,0,0,0,0,0,0,0,0,0,0,0,0,0,0,0,0,0,0,0,0,0,0,0,0,0,0,0,0,0,0,0,0,0,0,0,0,0,0,0,0,0,0,0,0,0,0,0,0,0,0,210,0,0,0,102,0,0,0,0,0,0,0,0,0,252,0,0,0,0,0,0,54,0,0,0,0,0,0,0,0,0,0,0,0,0,0,0,0,
 0,0,60,64,0,0,0,0,0,0,0,0,0,0,0,0,0,0,0,0,0,0,0,0,0,0,0,0,0,0,0,0,0,0,0,0,0,0,0,0,0,0,0,0,0,0,0,0,0,0,0,0,0,0,0,0,0,0,0,0,0,208,209,0,0,0,0,0,0,0,0,0,0,0,0,0,0,0,0,0,0,0,253,65,61,0,0,0,0,0,0,0,0,0,0,0,0,0,0,0,
-0,0,52,254,0,0,0,0,0,0,0,0,0,0,0,0,0,0,0,0,0,0,0,0,0,0,0,0,0,0,0,0,0,0,0,0,0,0,0,0,0,0,0,0,0,0,0,0,0,0,0,0,0,0,0,0,0,0,0,0,0,0,101,0,0,0,0,0,0,0,0,0,0,0,0,0,0,0,0,0,0,0,0,0,50,0,0,0,0,0,0,0,0,0,0,0,0,0,0,0,
-0,0,48,0,0,0,0,0,0,0,0,0,0,0,0,0,0,0,0,0,0,0,253,0,0,0,0,0,0,0,0,0,0,0,0,0,0,0,0,0,0,251,0,0,0,0,0,0,0,0,0,0,0,0,0,0,0,0,254,0,0,0,0,0,0,0,0,0,0,0,0,0,138,0,0,0,0,0,133,0,0,0,0,0,54,0,0,0,0,0,0,0,0,0,0,0,0,0,0,0,
+0,0,52,254,116,0,102,0,0,0,0,0,0,0,0,0,0,0,0,0,0,0,0,0,0,0,0,0,0,0,0,0,0,0,0,0,0,0,0,0,0,0,0,0,0,0,0,0,0,0,0,0,0,0,0,0,0,0,0,0,0,0,101,0,0,0,0,0,0,0,0,0,0,0,0,0,0,0,0,0,0,0,0,0,50,0,0,0,0,0,0,0,0,0,0,0,0,0,0,0,
+0,0,48,123,0,0,0,0,0,0,0,0,0,0,0,0,0,0,0,0,0,0,253,0,0,0,0,0,0,0,0,0,0,0,0,0,0,0,0,0,0,251,0,0,0,0,0,0,0,0,0,0,0,0,0,0,0,0,254,0,0,0,0,0,0,0,0,0,0,0,0,0,138,0,0,0,0,0,133,0,0,0,0,0,54,0,0,0,0,0,0,0,0,0,0,0,0,0,0,0,
 0,0,52,0,0,0,0,0,0,0,0,0,0,0,0,0,0,0,0,0,0,0,0,0,0,0,0,0,0,0,0,0,0,0,0,0,0,0,0,0,0,0,0,0,0,0,0,0,0,0,0,0,0,0,0,0,66,51,71,0,0,0,0,0,0,0,0,0,0,0,0,0,0,0,0,0,0,0,0,0,0,0,0,0,69,57,0,0,0,0,0,0,0,0,0,0,0,0,0,0,
 0,0,48,0,0,0,0,0,0,0,0,241,0,0,0,0,0,0,0,0,0,0,0,0,0,0,0,0,0,0,0,0,0,0,0,0,0,0,0,0,0,0,0,0,0,0,0,0,0,0,0,0,0,0,0,0,54,0,63,67,0,0,0,0,0,0,0,0,0,0,0,0,0,0,0,0,0,0,0,0,0,0,0,0,0,65,57,0,0,0,0,0,0,0,0,0,0,0,0,0,
 0,0,48,0,251,0,0,0,0,0,0,0,0,0,0,0,0,0,248,0,0,0,0,0,0,0,0,0,0,0,0,0,0,0,0,0,0,0,0,123,0,0,0,0,0,0,0,0,0,0,0,0,0,0,0,70,58,0,0,59,51,71,250,0,0,0,0,0,0,0,0,0,0,0,0,0,0,0,0,0,0,0,0,0,0,0,69,57,0,0,0,0,0,0,0,0,0,0,0,0,
-0,0,48,0,0,0,0,0,0,0,0,0,0,0,0,0,0,0,0,0,0,0,0,0,0,0,0,0,0,0,0,0,0,0,0,0,0,0,0,0,0,0,0,0,0,0,0,0,0,0,0,0,0,0,0,54,0,0,0,0,0,63,71,0,0,0,0,0,0,125,0,0,0,0,0,0,0,0,0,0,0,0,0,0,0,0,0,69,57,0,0,0,0,0,0,0,0,0,0,0,
-49,49,64,255,0,0,0,0,0,0,0,0,0,0,0,0,125,0,0,0,0,0,0,0,0,0,0,0,0,0,0,0,0,240,0,0,0,0,0,0,0,0,0,0,0,0,0,0,0,0,0,0,0,0,70,62,0,0,0,0,0,0,63,71,0,0,0,246,0,0,0,0,0,0,0,0,0,0,0,0,0,0,0,0,0,0,0,0,65,57,0,0,0,0,0,0,0,0,0,0,
+0,0,48,0,98,125,0,0,0,0,0,0,0,0,0,0,0,0,0,0,0,0,0,0,0,0,0,0,0,0,0,0,0,0,0,0,0,0,0,0,0,0,0,0,0,0,0,0,0,0,0,0,0,0,0,54,0,0,0,0,0,63,71,0,0,0,0,0,0,125,0,0,0,0,0,0,0,0,0,0,0,0,0,0,0,0,0,69,57,0,0,0,0,0,0,0,0,0,0,0,
+49,49,64,255,126,0,0,0,0,0,0,0,0,0,0,0,125,0,0,0,0,0,0,0,0,0,0,0,0,0,0,0,0,240,0,0,0,0,0,0,0,0,0,0,0,0,0,0,0,0,0,0,0,0,70,62,0,0,0,0,0,0,63,71,0,0,0,246,0,0,0,0,0,0,0,0,0,0,0,0,0,0,0,0,0,0,0,0,65,57,0,0,0,0,0,0,0,0,0,0,
 120,0,0,0,0,0,0,0,0,248,0,0,0,0,0,0,0,0,0,0,0,0,0,0,0,0,0,0,0,0,0,0,0,0,0,0,0,0,0,0,0,0,0,0,0,0,0,0,0,0,0,0,0,66,62,0,0,0,0,0,0,0,0,59,51,51,51,55,67,0,0,0,0,0,0,0,132,0,0,0,0,0,0,0,0,0,0,0,0,54,0,0,0,0,0,0,0,0,0,0,
 0,130,0,115,0,0,0,0,0,0,0,0,0,0,0,0,0,0,0,0,0,0,0,0,0,0,0,0,106,107,0,0,0,0,0,0,0,0,0,0,0,0,0,0,0,0,0,0,0,0,0,0,70,62,0,0,0,0,0,0,0,0,0,0,0,0,0,0,63,55,55,67,0,0,0,0,0,0,0,0,255,0,0,0,0,0,0,0,0,54,0,0,0,0,0,0,0,0,0,0,
 0,115,121,130,0,120,0,0,0,0,0,0,0,0,0,0,0,0,0,0,0,0,0,0,0,110,111,0,0,0,0,0,0,114,0,0,130,0,0,0,0,0,0,0,0,0,0,0,0,0,0,66,62,0,0,0,0,0,0,0,0,0,0,0,0,0,0,0,0,0,0,0,67,0,0,0,0,0,0,0,0,0,0,0,0,0,0,0,255,65,61,0,0,0,0,0,0,0,0,0,
@@ -305,16 +305,16 @@ data=
 3,3,3,3,3,3,3,1,1,1,4,0,1,4,1,1,3,1,1,0,0,0,0,0,0,0,0,0,0,0,0,0,0,0,0,0,0,0,0,0,0,0,0,0,0,0,0,0,0,4,2,4,2,2,2,2,2,0,0,0,0,0,0,0,0,0,0,0,0,0,0,0,0,0,0,4,0,0,0,1,3,3,3,3,3,3,3,3,3,3,3,3,3,3,3,3,3,3,3,3,
 3,3,3,3,3,3,1,1,0,0,0,0,0,4,0,1,1,1,0,0,0,0,0,0,0,0,0,0,0,0,0,0,0,0,0,0,0,0,0,0,0,0,0,0,0,0,0,0,0,4,2,2,2,2,2,2,2,2,0,1,0,0,0,0,0,0,0,0,0,0,0,0,0,0,0,4,0,0,0,1,1,3,3,3,3,3,3,3,3,3,3,3,3,3,3,3,3,3,3,3,
 3,3,3,3,3,1,1,0,1,0,0,0,0,0,0,0,0,0,0,0,0,0,0,0,0,0,0,0,0,0,0,0,0,0,0,0,0,0,0,0,0,0,0,0,0,0,0,0,0,2,2,2,2,2,2,2,2,2,2,0,0,0,0,0,0,0,0,0,0,0,0,0,0,0,0,0,0,0,0,0,1,1,3,3,3,3,3,3,3,3,3,3,3,3,3,3,3,3,3,3,
-3,3,3,3,1,1,0,0,0,0,0,0,0,0,0,0,0,0,0,0,0,0,0,0,0,0,0,0,0,0,0,0,0,0,0,0,0,0,0,0,0,0,0,0,0,0,1,0,0,2,2,2,2,2,2,2,2,2,2,0,0,0,0,0,0,1,0,0,0,0,0,0,0,0,0,0,0,0,0,0,0,1,1,3,3,3,3,3,3,3,3,3,3,3,3,3,3,3,3,3,
-3,3,3,3,1,1,0,0,0,0,0,0,0,0,0,0,0,0,0,0,0,0,0,0,0,0,1,0,0,0,0,0,0,0,1,0,0,0,0,0,0,0,0,0,0,0,0,0,0,2,2,2,2,2,2,2,2,2,2,0,0,1,1,0,0,0,0,0,0,0,0,0,0,0,0,0,0,0,0,0,0,0,1,1,3,3,3,3,3,3,3,3,3,3,3,3,3,3,3,3,
+3,3,3,3,1,1,0,4,0,0,0,0,0,0,0,0,0,0,0,0,0,0,0,0,0,0,0,0,0,0,0,0,0,0,0,0,0,0,0,0,0,0,0,0,0,0,1,0,0,2,2,2,2,2,2,2,2,2,2,0,0,0,0,0,0,1,0,0,0,0,0,0,0,0,0,0,0,0,0,0,0,1,1,3,3,3,3,3,3,3,3,3,3,3,3,3,3,3,3,3,
+3,3,3,3,1,1,0,4,0,0,0,0,0,0,0,0,0,0,0,0,0,0,0,0,0,0,1,0,0,0,0,0,0,0,1,0,0,0,0,0,0,0,0,0,0,0,0,0,0,2,2,2,2,2,2,2,2,2,2,0,0,1,1,0,0,0,0,0,0,0,0,0,0,0,0,0,0,0,0,0,0,0,1,1,3,3,3,3,3,3,3,3,3,3,3,3,3,3,3,3,
 3,3,3,1,1,0,0,0,0,0,0,0,0,0,0,0,0,0,0,0,0,0,0,0,0,0,0,0,0,0,0,0,0,0,0,0,0,0,0,0,0,0,0,0,0,0,0,0,2,2,2,2,2,2,2,2,2,2,2,0,0,1,1,0,0,0,4,0,0,0,0,0,0,0,0,0,1,0,0,0,0,0,0,1,3,3,3,3,3,3,3,3,3,3,3,3,3,3,3,3,
 3,3,1,1,0,0,0,0,0,0,0,0,0,0,0,0,0,0,0,0,0,0,0,0,0,0,0,0,0,0,0,0,0,0,0,0,0,0,0,0,0,0,0,0,0,0,0,2,2,2,2,2,2,2,2,2,2,2,0,0,0,1,1,0,0,0,0,0,0,0,0,0,0,0,0,0,0,0,0,0,0,0,1,1,1,3,3,3,3,3,3,3,3,3,3,3,3,3,3,3,
-3,3,1,1,0,0,0,0,0,0,0,0,0,0,0,0,0,0,0,0,0,0,0,0,0,0,0,0,0,0,0,0,0,0,0,0,0,0,0,0,0,0,0,0,0,0,2,2,2,2,2,2,2,2,2,2,2,0,0,0,0,0,4,0,0,0,0,0,0,0,0,0,0,0,0,0,0,0,0,0,0,0,0,0,1,3,3,3,3,3,3,3,3,3,3,3,3,3,3,3,
+3,3,1,1,0,0,4,0,0,0,0,0,0,0,0,0,0,0,0,0,0,0,0,0,0,0,0,0,0,0,0,0,0,0,0,0,0,0,0,0,0,0,0,0,0,0,2,2,2,2,2,2,2,2,2,2,2,0,0,0,0,0,4,0,0,0,0,0,0,0,0,0,0,0,0,0,0,0,0,0,0,0,0,0,1,3,3,3,3,3,3,3,3,3,3,3,3,3,3,3,
 3,3,1,0,0,0,0,0,0,0,0,0,0,0,0,0,0,0,0,0,0,0,1,0,0,0,0,0,0,0,0,0,0,0,0,0,0,0,0,0,0,1,0,0,0,2,2,2,2,2,2,2,2,2,2,2,2,0,1,0,0,0,0,0,0,0,0,0,0,0,0,0,1,0,0,0,0,0,1,0,0,0,0,0,1,3,3,3,3,3,3,3,3,3,3,3,3,3,3,3,
 3,3,1,0,0,0,0,0,0,0,0,0,0,0,0,0,0,0,0,0,0,0,0,0,0,0,0,0,0,0,0,0,0,0,0,0,0,0,0,0,0,0,0,2,2,2,2,2,2,2,2,2,2,2,2,2,1,1,1,0,0,0,0,0,0,0,0,0,0,0,0,0,0,0,0,0,0,0,0,0,0,0,0,0,1,1,3,3,3,3,3,3,3,3,3,3,3,3,3,3,
 3,3,1,0,0,0,0,0,0,0,0,1,0,0,0,0,0,0,0,0,0,0,0,0,0,0,0,0,0,0,0,0,0,0,0,0,0,0,0,0,0,0,2,2,2,2,2,2,2,2,2,2,2,2,2,2,1,3,1,1,0,0,0,0,0,0,0,0,0,0,0,0,0,0,0,0,0,0,0,0,0,0,0,0,0,1,1,3,3,3,3,3,3,3,3,3,3,3,3,3,
 3,3,1,0,1,0,0,0,0,0,0,0,0,0,0,0,0,0,1,0,0,0,0,0,0,0,0,0,0,0,0,0,0,0,0,0,0,0,0,0,0,2,2,2,2,2,2,2,2,2,2,2,2,2,2,1,1,3,3,1,1,1,1,0,0,0,0,0,0,0,0,0,0,0,0,0,0,0,0,0,0,0,0,0,0,0,1,1,3,3,3,3,3,3,3,3,3,3,3,3,
-3,3,1,0,0,0,0,0,0,0,0,0,0,0,0,0,0,0,0,0,0,0,0,0,0,0,0,0,0,0,0,0,0,0,0,0,0,0,0,0,2,2,2,2,2,2,2,2,2,2,2,2,2,2,2,1,3,3,3,3,3,1,1,0,0,0,0,0,0,0,0,0,0,0,0,0,0,0,0,0,0,0,0,0,0,0,0,1,1,3,3,3,3,3,3,3,3,3,3,3,
+3,3,1,0,4,0,0,0,0,0,0,0,0,0,0,0,0,0,0,0,0,0,0,0,0,0,0,0,0,0,0,0,0,0,0,0,0,0,0,0,2,2,2,2,2,2,2,2,2,2,2,2,2,2,2,1,3,3,3,3,3,1,1,0,0,0,0,0,0,0,0,0,0,0,0,0,0,0,0,0,0,0,0,0,0,0,0,1,1,3,3,3,3,3,3,3,3,3,3,3,
 1,1,1,1,0,0,0,0,0,0,0,0,0,0,0,0,0,0,0,0,0,0,0,0,0,0,0,0,0,0,0,0,0,1,0,0,0,0,0,2,2,2,2,2,2,2,2,2,2,2,2,2,2,2,1,1,3,3,3,3,3,3,1,1,0,0,0,1,0,0,0,0,0,0,0,0,0,0,0,0,0,0,0,0,0,0,0,0,1,1,3,3,3,3,3,3,3,3,3,3,
 2,2,2,2,2,2,0,0,0,1,0,0,0,0,0,0,0,0,0,0,0,0,0,0,0,0,0,0,0,0,0,0,0,0,0,0,0,2,2,2,2,2,2,2,2,2,2,2,2,2,2,2,2,1,1,3,3,3,3,3,3,3,3,1,1,1,1,1,1,0,0,0,0,0,0,0,1,0,0,0,0,0,0,0,0,0,0,0,0,1,3,3,3,3,3,3,3,3,3,3,
 2,4,2,2,2,2,2,2,2,2,0,0,0,0,0,0,0,0,0,0,0,0,0,0,0,0,0,0,4,4,2,2,2,2,2,2,2,2,2,2,2,2,2,2,2,2,2,2,2,2,2,2,1,1,3,3,3,3,3,3,3,3,3,3,3,3,3,3,1,1,1,1,0,0,0,0,0,0,0,0,1,0,0,0,0,0,0,0,0,1,3,3,3,3,3,3,3,3,3,3,
@@ -524,7 +524,7 @@ tooltip=Dilapidated Sewers
 [event]
 # to Dilapidated Sewers (west)
 type=event
-location=9,73,4,4
+location=38,71,2,1
 activate=on_trigger
 hotspot=location
 intermap=maps/dilapidated_sewers.txt,21,72
@@ -562,6 +562,19 @@ hotspot=location
 intermap=maps/black_oak_city.txt,98,50
 tooltip=Black Oak City
 
+[event]
+# Supplies
+type=event
+location=4,84,1,1
+activate=on_trigger
+hotspot=location
+loot=loot/level_10.txt
+loot_count=1,2
+mapmod=object,4,84,99
+repeat=false
+soundfx=soundfx/wood_open.ogg
+tooltip=Supplies
+
 [enemy]
 type=enemy
 location=69,81,1,1
@@ -634,14 +647,14 @@ number=2
 
 [enemy]
 type=enemy
-location=21,71,13,16
+location=15,61,9,29
 category=grassland
 level=10
 number=3,4
 
 [enemy]
 type=enemy
-location=24,45,13,16
+location=24,45,13,15
 category=grassland
 level=10
 number=4
@@ -660,3 +673,10 @@ category=grassland
 level=10
 number=3
 
+[enemy]
+type=enemy
+location=3,72,7,15
+category=grassland
+level=10
+number=3
+
diff --git a/mods/empyrean_campaign/maps/dilapidated_sewers.txt b/mods/empyrean_campaign/maps/dilapidated_sewers.txt
index e57609364b7bd9ad1a5eeeb9e6b67b9fceb552c9..65bb20aeb611fb29fc667e1c77ae58eb527f60d8 100644
--- a/mods/empyrean_campaign/maps/dilapidated_sewers.txt
+++ b/mods/empyrean_campaign/maps/dilapidated_sewers.txt
@@ -286,7 +286,7 @@ type=event
 location=21,70,2,1
 activate=on_trigger
 hotspot=location
-intermap=maps/black_oak_farm.txt,7,77
+intermap=maps/black_oak_farm.txt,38,73
 soundfx=soundfx/environment/stairs.ogg,0,0
 tooltip=Black Oak Farm
 
diff --git a/tiled/empyrean_campaign/black_oak_farm.tmx b/tiled/empyrean_campaign/black_oak_farm.tmx
index a036c6747405d7c5f4e12a629cff35a6cfbd3402..fcb0c66189b7abd605539a8d23fe0447e6764ca5 100644
--- a/tiled/empyrean_campaign/black_oak_farm.tmx
+++ b/tiled/empyrean_campaign/black_oak_farm.tmx
@@ -1,5 +1,5 @@
 <?xml version="1.0" encoding="UTF-8"?>
-<map version="1.0" orientation="isometric" renderorder="right-down" width="100" height="100" tilewidth="64" tileheight="32" backgroundcolor="#000000" nextobjectid="49">
+<map version="1.0" orientation="isometric" renderorder="right-down" width="100" height="100" tilewidth="64" tileheight="32" backgroundcolor="#000000" nextobjectid="51">
  <properties>
   <property name="hero_pos" value="87,97"/>
   <property name="music" value="music/overworld_theme.ogg"/>
@@ -109,10 +109,10 @@
 0,0,0,0,0,0,0,0,0,0,0,0,0,0,0,0,0,0,0,27,24,25,26,27,24,25,26,27,24,43,45,27,24,25,26,27,24,25,26,27,24,25,26,27,24,25,26,27,24,25,144,187,184,185,186,187,162,154,19,16,17,18,19,16,17,18,19,16,17,18,19,16,17,18,19,16,17,18,19,0,0,0,0,0,0,0,0,0,0,0,0,0,0,0,0,0,0,0,0,0,
 0,0,0,0,0,0,0,0,0,29,30,31,28,29,30,0,0,0,30,31,28,29,30,31,28,29,30,31,28,32,47,31,28,29,30,31,28,29,30,31,28,29,30,31,28,29,30,31,28,29,148,191,188,189,190,191,150,22,23,20,21,22,23,20,21,22,23,20,21,22,23,20,21,22,23,20,21,22,23,0,0,0,0,0,0,0,0,0,0,0,0,0,0,0,0,0,0,0,0,0,
 0,0,0,0,0,0,0,0,16,17,18,19,16,17,18,0,0,17,18,19,16,17,18,19,16,17,18,19,16,34,18,19,16,17,18,19,16,17,36,19,16,17,18,19,16,17,18,19,16,17,148,179,176,177,178,179,150,26,27,24,25,26,27,24,25,26,27,24,25,26,27,24,25,26,27,24,25,26,27,0,0,0,0,0,0,0,0,0,0,0,0,0,0,0,0,0,0,0,0,0,
-0,0,0,0,0,0,0,23,20,0,0,0,238,21,22,23,20,21,22,23,20,21,22,23,20,21,22,23,20,43,32,23,20,21,22,23,20,21,45,23,20,21,22,23,20,21,22,23,20,21,148,183,180,181,182,183,165,157,31,28,29,30,31,28,29,30,31,28,42,30,31,28,29,30,31,28,29,30,31,28,0,0,0,0,0,0,0,0,0,0,0,0,0,0,0,0,0,0,0,0,
-0,0,0,0,0,0,26,27,24,0,0,0,237,25,26,27,24,25,26,27,24,25,26,27,24,25,26,27,24,25,47,27,24,25,26,27,24,25,37,27,24,25,26,27,24,25,26,27,24,152,164,187,184,185,186,187,184,161,153,16,17,18,19,16,17,18,19,16,35,35,19,16,17,18,19,16,17,18,19,16,17,0,0,0,0,0,0,0,0,0,0,0,0,0,0,0,0,0,0,0,
-0,0,0,0,0,29,30,31,28,0,0,0,236,29,30,31,28,29,30,31,28,29,30,31,28,29,30,31,28,29,36,34,28,29,30,31,28,41,34,31,28,29,30,31,28,29,30,31,28,148,190,191,188,189,190,191,188,189,150,20,21,22,23,20,21,22,23,20,36,33,23,20,21,22,23,20,21,22,23,20,21,22,0,0,0,0,0,0,0,0,0,0,0,0,0,0,0,0,0,0,
-0,0,0,0,16,17,18,19,16,232,233,234,235,17,18,19,16,17,18,19,16,17,18,19,16,17,18,19,16,17,18,36,16,17,18,19,34,37,18,19,16,17,18,19,16,17,18,19,16,148,178,179,176,177,178,179,176,177,150,24,25,26,27,24,25,26,27,24,46,26,44,24,25,26,27,24,25,26,27,24,25,26,27,0,0,0,0,0,0,0,0,0,0,0,0,0,0,0,0,0,
+0,0,0,0,0,0,0,23,20,16,17,18,19,21,22,23,20,21,22,23,20,21,22,23,20,21,22,23,20,43,32,23,20,21,22,23,20,21,45,23,20,21,22,23,20,21,22,23,20,21,148,183,180,181,182,183,165,157,31,28,29,30,31,28,29,30,31,28,42,30,31,28,29,30,31,28,29,30,31,28,0,0,0,0,0,0,0,0,0,0,0,0,0,0,0,0,0,0,0,0,
+0,0,0,0,0,0,26,27,24,20,21,22,23,25,26,27,24,25,26,27,24,25,26,27,24,25,26,27,24,25,47,27,24,25,26,27,24,25,37,27,24,25,26,27,24,25,26,27,24,152,164,187,184,185,186,187,184,161,153,16,17,18,19,16,17,18,19,16,35,35,19,16,17,18,19,16,17,18,19,16,17,0,0,0,0,0,0,0,0,0,0,0,0,0,0,0,0,0,0,0,
+0,0,0,0,0,29,30,31,28,24,25,26,27,29,30,31,28,29,30,31,28,29,30,31,28,29,30,31,28,29,36,34,28,29,30,31,28,41,34,31,28,29,30,31,28,29,30,31,28,148,190,191,188,189,190,191,188,189,150,20,21,22,23,20,21,22,23,20,36,33,23,20,21,22,23,20,21,22,23,20,21,22,0,0,0,0,0,0,0,0,0,0,0,0,0,0,0,0,0,0,
+0,0,0,0,16,17,18,19,16,28,29,30,31,17,18,19,16,17,18,19,16,17,18,19,16,17,18,19,16,17,18,36,16,17,18,19,34,37,18,19,16,17,18,19,16,17,18,19,16,148,178,179,176,177,178,179,176,177,150,24,25,26,27,24,25,26,27,24,46,26,44,24,25,26,27,24,25,26,27,24,25,26,27,0,0,0,0,0,0,0,0,0,0,0,0,0,0,0,0,0,
 0,0,0,0,20,21,22,23,20,21,22,23,20,21,22,23,20,21,22,23,20,21,22,23,20,21,22,23,20,21,22,34,20,21,40,41,37,44,22,23,20,21,22,23,20,21,22,23,152,164,182,183,180,181,182,183,180,162,158,28,29,30,31,28,29,30,31,28,29,39,46,28,29,30,31,28,29,30,31,28,29,30,31,0,0,0,0,0,0,0,0,0,0,0,0,0,0,0,0,0,
 0,0,0,27,24,25,26,27,24,25,26,27,24,25,26,27,24,25,26,27,24,25,26,27,24,25,26,27,24,25,26,41,24,44,38,44,34,25,26,27,24,25,26,27,24,25,26,152,164,185,186,187,184,185,186,187,162,158,19,16,17,18,19,46,17,18,19,16,17,37,40,16,17,18,19,16,17,18,19,16,17,18,19,16,0,0,0,0,0,0,0,0,0,0,0,0,0,0,0,0,
 0,0,30,31,28,29,30,31,28,29,30,31,28,29,45,41,35,47,37,31,28,29,30,31,28,47,42,47,43,34,30,40,41,46,45,33,28,29,30,31,28,29,30,31,28,29,156,160,188,189,190,191,188,189,190,191,146,22,23,20,21,22,23,32,21,22,23,20,21,40,32,20,21,22,23,20,21,22,23,20,21,22,23,20,0,0,0,0,0,0,0,0,0,0,0,0,0,0,0,0,
@@ -215,17 +215,17 @@
 0,0,0,0,0,0,0,60,68,249,131,0,252,105,134,50,0,48,252,0,0,0,0,0,0,0,0,0,0,0,0,0,0,0,0,0,0,0,0,0,0,118,0,0,0,0,0,0,0,105,0,129,0,0,0,0,0,0,0,0,0,0,0,0,0,0,0,0,0,0,0,0,0,0,0,109,0,0,0,50,0,0,0,0,0,0,0,0,0,0,0,0,0,0,0,0,0,0,0,0,
 0,0,0,0,0,0,56,68,0,0,0,0,0,104,0,65,53,64,0,0,0,0,0,0,0,0,0,0,0,0,0,0,0,0,0,0,0,0,0,0,0,0,0,0,0,0,0,0,0,104,0,0,121,0,0,0,0,0,0,240,0,0,0,0,0,0,0,0,0,0,0,0,0,0,0,108,0,0,0,65,61,0,0,0,0,0,0,0,0,0,0,0,0,0,0,0,0,0,0,0,
 0,0,0,0,0,60,68,0,249,0,0,0,0,0,0,0,0,0,0,0,0,0,0,0,0,0,0,0,0,0,0,0,0,0,0,0,0,0,0,0,0,0,0,0,0,0,0,0,0,0,0,0,0,0,0,0,0,0,0,0,0,0,0,0,0,0,0,0,0,0,0,0,0,0,0,0,0,0,0,0,69,61,0,0,0,0,0,0,0,0,0,0,0,0,0,0,0,0,0,0,
-0,0,0,0,56,64,0,0,0,0,0,0,0,0,0,0,124,0,0,0,0,0,0,0,0,0,0,0,0,0,0,0,0,0,0,0,0,0,0,0,0,123,0,0,0,0,252,0,0,0,0,0,0,0,0,0,0,0,0,0,0,0,0,0,0,243,0,0,0,0,0,0,0,0,0,0,0,0,0,0,0,69,61,0,0,0,0,0,0,0,0,0,0,0,0,0,0,0,0,0,
-0,0,0,0,52,255,0,0,0,0,0,0,0,0,0,0,0,0,0,0,0,0,0,0,0,0,255,0,0,0,0,0,0,0,250,0,0,0,0,0,0,0,0,0,0,0,0,0,0,0,0,115,0,0,0,0,0,0,0,0,0,0,211,0,0,0,0,0,0,0,0,0,127,0,0,0,0,0,0,0,0,0,69,57,0,0,0,0,0,0,0,0,0,0,0,0,0,0,0,0,
+0,0,0,0,56,64,0,73,0,0,0,0,0,0,0,0,124,0,0,0,0,0,0,0,0,0,0,0,0,0,0,0,0,0,0,0,0,0,0,0,0,123,0,0,0,0,252,0,0,0,0,0,0,0,0,0,0,0,0,0,0,0,0,0,0,243,0,0,0,0,0,0,0,0,0,0,0,0,0,0,0,69,61,0,0,0,0,0,0,0,0,0,0,0,0,0,0,0,0,0,
+0,0,0,0,52,255,124,72,0,0,0,0,0,0,0,0,0,0,0,0,0,0,0,0,0,0,255,0,0,0,0,0,0,0,250,0,0,0,0,0,0,0,0,0,0,0,0,0,0,0,0,115,0,0,0,0,0,0,0,0,0,0,211,0,0,0,0,0,0,0,0,0,127,0,0,0,0,0,0,0,0,0,69,57,0,0,0,0,0,0,0,0,0,0,0,0,0,0,0,0,
 0,0,0,60,64,0,0,0,0,0,0,0,0,0,0,0,0,0,0,0,0,0,0,0,0,0,0,0,0,0,0,0,0,0,0,0,0,0,0,0,0,0,0,0,0,0,0,0,0,0,0,0,0,0,0,0,0,0,0,0,0,0,210,0,0,0,102,0,0,0,0,0,0,0,0,0,252,0,0,0,0,0,0,54,0,0,0,0,0,0,0,0,0,0,0,0,0,0,0,0,
 0,0,60,64,0,0,0,0,0,0,0,0,0,0,0,0,0,0,0,0,0,0,0,0,0,0,0,0,0,0,0,0,0,0,0,0,0,0,0,0,0,0,0,0,0,0,0,0,0,0,0,0,0,0,0,0,0,0,0,0,0,208,209,0,0,0,0,0,0,0,0,0,0,0,0,0,0,0,0,0,0,0,253,65,61,0,0,0,0,0,0,0,0,0,0,0,0,0,0,0,
-0,0,52,254,0,0,0,0,0,0,0,0,0,0,0,0,0,0,0,0,0,0,0,0,0,0,0,0,0,0,0,0,0,0,0,0,0,0,0,0,0,0,0,0,0,0,0,0,0,0,0,0,0,0,0,0,0,0,0,0,0,0,101,0,0,0,0,0,0,0,0,0,0,0,0,0,0,0,0,0,0,0,0,0,50,0,0,0,0,0,0,0,0,0,0,0,0,0,0,0,
-0,0,48,0,0,0,0,0,0,0,0,0,0,0,0,0,0,0,0,0,0,0,253,0,0,0,0,0,0,0,0,0,0,0,0,0,0,0,0,0,0,251,0,0,0,0,0,0,0,0,0,0,0,0,0,0,0,0,254,0,0,0,0,0,0,0,0,0,0,0,0,0,138,0,0,0,0,0,133,0,0,0,0,0,54,0,0,0,0,0,0,0,0,0,0,0,0,0,0,0,
+0,0,52,254,116,0,102,0,0,0,0,0,0,0,0,0,0,0,0,0,0,0,0,0,0,0,0,0,0,0,0,0,0,0,0,0,0,0,0,0,0,0,0,0,0,0,0,0,0,0,0,0,0,0,0,0,0,0,0,0,0,0,101,0,0,0,0,0,0,0,0,0,0,0,0,0,0,0,0,0,0,0,0,0,50,0,0,0,0,0,0,0,0,0,0,0,0,0,0,0,
+0,0,48,123,0,0,0,0,0,0,0,0,0,0,0,0,0,0,0,0,0,0,253,0,0,0,0,0,0,0,0,0,0,0,0,0,0,0,0,0,0,251,0,0,0,0,0,0,0,0,0,0,0,0,0,0,0,0,254,0,0,0,0,0,0,0,0,0,0,0,0,0,138,0,0,0,0,0,133,0,0,0,0,0,54,0,0,0,0,0,0,0,0,0,0,0,0,0,0,0,
 0,0,52,0,0,0,0,0,0,0,0,0,0,0,0,0,0,0,0,0,0,0,0,0,0,0,0,0,0,0,0,0,0,0,0,0,0,0,0,0,0,0,0,0,0,0,0,0,0,0,0,0,0,0,0,0,66,51,71,0,0,0,0,0,0,0,0,0,0,0,0,0,0,0,0,0,0,0,0,0,0,0,0,0,69,57,0,0,0,0,0,0,0,0,0,0,0,0,0,0,
 0,0,48,0,0,0,0,0,0,0,0,241,0,0,0,0,0,0,0,0,0,0,0,0,0,0,0,0,0,0,0,0,0,0,0,0,0,0,0,0,0,0,0,0,0,0,0,0,0,0,0,0,0,0,0,0,54,0,63,67,0,0,0,0,0,0,0,0,0,0,0,0,0,0,0,0,0,0,0,0,0,0,0,0,0,65,57,0,0,0,0,0,0,0,0,0,0,0,0,0,
 0,0,48,0,251,0,0,0,0,0,0,0,0,0,0,0,0,0,248,0,0,0,0,0,0,0,0,0,0,0,0,0,0,0,0,0,0,0,0,123,0,0,0,0,0,0,0,0,0,0,0,0,0,0,0,70,58,0,0,59,51,71,250,0,0,0,0,0,0,0,0,0,0,0,0,0,0,0,0,0,0,0,0,0,0,0,69,57,0,0,0,0,0,0,0,0,0,0,0,0,
-0,0,48,0,0,0,0,0,0,0,0,0,0,0,0,0,0,0,0,0,0,0,0,0,0,0,0,0,0,0,0,0,0,0,0,0,0,0,0,0,0,0,0,0,0,0,0,0,0,0,0,0,0,0,0,54,0,0,0,0,0,63,71,0,0,0,0,0,0,125,0,0,0,0,0,0,0,0,0,0,0,0,0,0,0,0,0,69,57,0,0,0,0,0,0,0,0,0,0,0,
-49,49,64,255,0,0,0,0,0,0,0,0,0,0,0,0,125,0,0,0,0,0,0,0,0,0,0,0,0,0,0,0,0,240,0,0,0,0,0,0,0,0,0,0,0,0,0,0,0,0,0,0,0,0,70,62,0,0,0,0,0,0,63,71,0,0,0,246,0,0,0,0,0,0,0,0,0,0,0,0,0,0,0,0,0,0,0,0,65,57,0,0,0,0,0,0,0,0,0,0,
+0,0,48,0,98,125,0,0,0,0,0,0,0,0,0,0,0,0,0,0,0,0,0,0,0,0,0,0,0,0,0,0,0,0,0,0,0,0,0,0,0,0,0,0,0,0,0,0,0,0,0,0,0,0,0,54,0,0,0,0,0,63,71,0,0,0,0,0,0,125,0,0,0,0,0,0,0,0,0,0,0,0,0,0,0,0,0,69,57,0,0,0,0,0,0,0,0,0,0,0,
+49,49,64,255,126,0,0,0,0,0,0,0,0,0,0,0,125,0,0,0,0,0,0,0,0,0,0,0,0,0,0,0,0,240,0,0,0,0,0,0,0,0,0,0,0,0,0,0,0,0,0,0,0,0,70,62,0,0,0,0,0,0,63,71,0,0,0,246,0,0,0,0,0,0,0,0,0,0,0,0,0,0,0,0,0,0,0,0,65,57,0,0,0,0,0,0,0,0,0,0,
 120,0,0,0,0,0,0,0,0,248,0,0,0,0,0,0,0,0,0,0,0,0,0,0,0,0,0,0,0,0,0,0,0,0,0,0,0,0,0,0,0,0,0,0,0,0,0,0,0,0,0,0,0,66,62,0,0,0,0,0,0,0,0,59,51,51,51,55,67,0,0,0,0,0,0,0,132,0,0,0,0,0,0,0,0,0,0,0,0,54,0,0,0,0,0,0,0,0,0,0,
 0,130,0,115,0,0,0,0,0,0,0,0,0,0,0,0,0,0,0,0,0,0,0,0,0,0,0,0,106,107,0,0,0,0,0,0,0,0,0,0,0,0,0,0,0,0,0,0,0,0,0,0,70,62,0,0,0,0,0,0,0,0,0,0,0,0,0,0,63,55,55,67,0,0,0,0,0,0,0,0,255,0,0,0,0,0,0,0,0,54,0,0,0,0,0,0,0,0,0,0,
 0,115,121,130,0,120,0,0,0,0,0,0,0,0,0,0,0,0,0,0,0,0,0,0,0,110,111,0,0,0,0,0,0,114,0,0,130,0,0,0,0,0,0,0,0,0,0,0,0,0,0,66,62,0,0,0,0,0,0,0,0,0,0,0,0,0,0,0,0,0,0,0,67,0,0,0,0,0,0,0,0,0,0,0,0,0,0,0,255,65,61,0,0,0,0,0,0,0,0,0,
@@ -242,7 +242,7 @@
 0,0,0,0,0,0,0,0,0,0,0,0,0,0,0,0,0,0,0,0,0,0,0,0,0,0,0,0,0,0,0,0,0,0,0,0,0,0,0,0,0,0,0,0,0,0,0,0,0,0,0,0,0,0,0,0,0,0,0,0,0,0,0,0,0,0,0,0,0,0,0,0,0,0,0,0,0,0,0,0,0,0,0,0,0,0,52,93,93,93,93,54,0,0,0,0,0,0,0,0
 </data>
  </layer>
- <layer name="collision" width="100" height="100" visible="0">
+ <layer name="collision" width="100" height="100">
   <data encoding="csv">
 3,3,3,3,3,3,3,3,3,3,3,1,0,2,2,2,2,2,2,2,2,2,2,2,1,3,3,3,3,3,3,3,3,3,3,3,3,3,3,3,3,3,3,3,3,3,3,3,3,3,3,3,3,3,3,3,3,3,3,3,3,3,3,3,3,3,3,3,3,3,3,3,3,3,3,3,3,3,3,3,3,3,3,3,3,3,3,3,3,3,3,3,3,3,3,3,3,3,3,3,
 3,3,3,3,3,3,3,3,3,3,3,1,1,2,2,2,2,2,2,2,2,2,2,2,1,3,3,3,3,3,3,3,3,3,3,3,3,3,3,3,3,3,3,3,3,3,3,3,3,3,3,3,3,3,3,3,3,3,3,3,3,3,3,3,3,3,3,3,3,3,3,3,3,3,3,3,3,3,3,3,3,3,3,3,3,3,3,3,3,3,3,3,3,3,3,3,3,3,3,3,
@@ -319,16 +319,16 @@
 3,3,3,3,3,3,3,1,1,1,4,0,1,4,1,1,3,1,1,0,0,0,0,0,0,0,0,0,0,0,0,0,0,0,0,0,0,0,0,0,0,0,0,0,0,0,0,0,0,4,2,4,2,2,2,2,2,0,0,0,0,0,0,0,0,0,0,0,0,0,0,0,0,0,0,4,0,0,0,1,3,3,3,3,3,3,3,3,3,3,3,3,3,3,3,3,3,3,3,3,
 3,3,3,3,3,3,1,1,0,0,0,0,0,4,0,1,1,1,0,0,0,0,0,0,0,0,0,0,0,0,0,0,0,0,0,0,0,0,0,0,0,0,0,0,0,0,0,0,0,4,2,2,2,2,2,2,2,2,0,1,0,0,0,0,0,0,0,0,0,0,0,0,0,0,0,4,0,0,0,1,1,3,3,3,3,3,3,3,3,3,3,3,3,3,3,3,3,3,3,3,
 3,3,3,3,3,1,1,0,1,0,0,0,0,0,0,0,0,0,0,0,0,0,0,0,0,0,0,0,0,0,0,0,0,0,0,0,0,0,0,0,0,0,0,0,0,0,0,0,0,2,2,2,2,2,2,2,2,2,2,0,0,0,0,0,0,0,0,0,0,0,0,0,0,0,0,0,0,0,0,0,1,1,3,3,3,3,3,3,3,3,3,3,3,3,3,3,3,3,3,3,
-3,3,3,3,1,1,0,0,0,0,0,0,0,0,0,0,0,0,0,0,0,0,0,0,0,0,0,0,0,0,0,0,0,0,0,0,0,0,0,0,0,0,0,0,0,0,1,0,0,2,2,2,2,2,2,2,2,2,2,0,0,0,0,0,0,1,0,0,0,0,0,0,0,0,0,0,0,0,0,0,0,1,1,3,3,3,3,3,3,3,3,3,3,3,3,3,3,3,3,3,
-3,3,3,3,1,1,0,0,0,0,0,0,0,0,0,0,0,0,0,0,0,0,0,0,0,0,1,0,0,0,0,0,0,0,1,0,0,0,0,0,0,0,0,0,0,0,0,0,0,2,2,2,2,2,2,2,2,2,2,0,0,1,1,0,0,0,0,0,0,0,0,0,0,0,0,0,0,0,0,0,0,0,1,1,3,3,3,3,3,3,3,3,3,3,3,3,3,3,3,3,
+3,3,3,3,1,1,0,4,0,0,0,0,0,0,0,0,0,0,0,0,0,0,0,0,0,0,0,0,0,0,0,0,0,0,0,0,0,0,0,0,0,0,0,0,0,0,1,0,0,2,2,2,2,2,2,2,2,2,2,0,0,0,0,0,0,1,0,0,0,0,0,0,0,0,0,0,0,0,0,0,0,1,1,3,3,3,3,3,3,3,3,3,3,3,3,3,3,3,3,3,
+3,3,3,3,1,1,0,4,0,0,0,0,0,0,0,0,0,0,0,0,0,0,0,0,0,0,1,0,0,0,0,0,0,0,1,0,0,0,0,0,0,0,0,0,0,0,0,0,0,2,2,2,2,2,2,2,2,2,2,0,0,1,1,0,0,0,0,0,0,0,0,0,0,0,0,0,0,0,0,0,0,0,1,1,3,3,3,3,3,3,3,3,3,3,3,3,3,3,3,3,
 3,3,3,1,1,0,0,0,0,0,0,0,0,0,0,0,0,0,0,0,0,0,0,0,0,0,0,0,0,0,0,0,0,0,0,0,0,0,0,0,0,0,0,0,0,0,0,0,2,2,2,2,2,2,2,2,2,2,2,0,0,1,1,0,0,0,4,0,0,0,0,0,0,0,0,0,1,0,0,0,0,0,0,1,3,3,3,3,3,3,3,3,3,3,3,3,3,3,3,3,
 3,3,1,1,0,0,0,0,0,0,0,0,0,0,0,0,0,0,0,0,0,0,0,0,0,0,0,0,0,0,0,0,0,0,0,0,0,0,0,0,0,0,0,0,0,0,0,2,2,2,2,2,2,2,2,2,2,2,0,0,0,1,1,0,0,0,0,0,0,0,0,0,0,0,0,0,0,0,0,0,0,0,1,1,1,3,3,3,3,3,3,3,3,3,3,3,3,3,3,3,
-3,3,1,1,0,0,0,0,0,0,0,0,0,0,0,0,0,0,0,0,0,0,0,0,0,0,0,0,0,0,0,0,0,0,0,0,0,0,0,0,0,0,0,0,0,0,2,2,2,2,2,2,2,2,2,2,2,0,0,0,0,0,4,0,0,0,0,0,0,0,0,0,0,0,0,0,0,0,0,0,0,0,0,0,1,3,3,3,3,3,3,3,3,3,3,3,3,3,3,3,
+3,3,1,1,0,0,4,0,0,0,0,0,0,0,0,0,0,0,0,0,0,0,0,0,0,0,0,0,0,0,0,0,0,0,0,0,0,0,0,0,0,0,0,0,0,0,2,2,2,2,2,2,2,2,2,2,2,0,0,0,0,0,4,0,0,0,0,0,0,0,0,0,0,0,0,0,0,0,0,0,0,0,0,0,1,3,3,3,3,3,3,3,3,3,3,3,3,3,3,3,
 3,3,1,0,0,0,0,0,0,0,0,0,0,0,0,0,0,0,0,0,0,0,1,0,0,0,0,0,0,0,0,0,0,0,0,0,0,0,0,0,0,1,0,0,0,2,2,2,2,2,2,2,2,2,2,2,2,0,1,0,0,0,0,0,0,0,0,0,0,0,0,0,1,0,0,0,0,0,1,0,0,0,0,0,1,3,3,3,3,3,3,3,3,3,3,3,3,3,3,3,
 3,3,1,0,0,0,0,0,0,0,0,0,0,0,0,0,0,0,0,0,0,0,0,0,0,0,0,0,0,0,0,0,0,0,0,0,0,0,0,0,0,0,0,2,2,2,2,2,2,2,2,2,2,2,2,2,1,1,1,0,0,0,0,0,0,0,0,0,0,0,0,0,0,0,0,0,0,0,0,0,0,0,0,0,1,1,3,3,3,3,3,3,3,3,3,3,3,3,3,3,
 3,3,1,0,0,0,0,0,0,0,0,1,0,0,0,0,0,0,0,0,0,0,0,0,0,0,0,0,0,0,0,0,0,0,0,0,0,0,0,0,0,0,2,2,2,2,2,2,2,2,2,2,2,2,2,2,1,3,1,1,0,0,0,0,0,0,0,0,0,0,0,0,0,0,0,0,0,0,0,0,0,0,0,0,0,1,1,3,3,3,3,3,3,3,3,3,3,3,3,3,
 3,3,1,0,1,0,0,0,0,0,0,0,0,0,0,0,0,0,1,0,0,0,0,0,0,0,0,0,0,0,0,0,0,0,0,0,0,0,0,0,0,2,2,2,2,2,2,2,2,2,2,2,2,2,2,1,1,3,3,1,1,1,1,0,0,0,0,0,0,0,0,0,0,0,0,0,0,0,0,0,0,0,0,0,0,0,1,1,3,3,3,3,3,3,3,3,3,3,3,3,
-3,3,1,0,0,0,0,0,0,0,0,0,0,0,0,0,0,0,0,0,0,0,0,0,0,0,0,0,0,0,0,0,0,0,0,0,0,0,0,0,2,2,2,2,2,2,2,2,2,2,2,2,2,2,2,1,3,3,3,3,3,1,1,0,0,0,0,0,0,0,0,0,0,0,0,0,0,0,0,0,0,0,0,0,0,0,0,1,1,3,3,3,3,3,3,3,3,3,3,3,
+3,3,1,0,4,0,0,0,0,0,0,0,0,0,0,0,0,0,0,0,0,0,0,0,0,0,0,0,0,0,0,0,0,0,0,0,0,0,0,0,2,2,2,2,2,2,2,2,2,2,2,2,2,2,2,1,3,3,3,3,3,1,1,0,0,0,0,0,0,0,0,0,0,0,0,0,0,0,0,0,0,0,0,0,0,0,0,1,1,3,3,3,3,3,3,3,3,3,3,3,
 1,1,1,1,0,0,0,0,0,0,0,0,0,0,0,0,0,0,0,0,0,0,0,0,0,0,0,0,0,0,0,0,0,1,0,0,0,0,0,2,2,2,2,2,2,2,2,2,2,2,2,2,2,2,1,1,3,3,3,3,3,3,1,1,0,0,0,1,0,0,0,0,0,0,0,0,0,0,0,0,0,0,0,0,0,0,0,0,1,1,3,3,3,3,3,3,3,3,3,3,
 2,2,2,2,2,2,0,0,0,1,0,0,0,0,0,0,0,0,0,0,0,0,0,0,0,0,0,0,0,0,0,0,0,0,0,0,0,2,2,2,2,2,2,2,2,2,2,2,2,2,2,2,2,1,1,3,3,3,3,3,3,3,3,1,1,1,1,1,1,0,0,0,0,0,0,0,1,0,0,0,0,0,0,0,0,0,0,0,0,1,3,3,3,3,3,3,3,3,3,3,
 2,4,2,2,2,2,2,2,2,2,0,0,0,0,0,0,0,0,0,0,0,0,0,0,0,0,0,0,4,4,2,2,2,2,2,2,2,2,2,2,2,2,2,2,2,2,2,2,2,2,2,2,1,1,3,3,3,3,3,3,3,3,3,3,3,3,3,3,1,1,1,1,0,0,0,0,0,0,0,0,1,0,0,0,0,0,0,0,0,1,3,3,3,3,3,3,3,3,3,3,
@@ -512,7 +512,7 @@
     <property name="tooltip" value="Dilapidated Sewers"/>
    </properties>
   </object>
-  <object id="44" name="to Dilapidated Sewers (west)" type="event" x="288" y="2336" width="128" height="128">
+  <object id="44" name="to Dilapidated Sewers (west)" type="event" x="1216" y="2272" width="64" height="32">
    <properties>
     <property name="activate" value="on_trigger"/>
     <property name="hotspot" value="location"/>
@@ -549,6 +549,18 @@
     <property name="tooltip" value="Black Oak City"/>
    </properties>
   </object>
+  <object id="50" name="Supplies" type="event" x="128" y="2688" width="32" height="32">
+   <properties>
+    <property name="activate" value="on_trigger"/>
+    <property name="hotspot" value="location"/>
+    <property name="loot" value="loot/level_10.txt"/>
+    <property name="loot_count" value="1,2"/>
+    <property name="mapmod" value="object,4,84,99"/>
+    <property name="repeat" value="false"/>
+    <property name="soundfx" value="soundfx/wood_open.ogg"/>
+    <property name="tooltip" value="Supplies"/>
+   </properties>
+  </object>
  </objectgroup>
  <objectgroup name="enemy">
   <object id="29" type="enemy" x="2208" y="2592" width="32" height="32">
@@ -621,14 +633,14 @@
     <property name="number" value="2"/>
    </properties>
   </object>
-  <object id="39" type="enemy" x="672" y="2272" width="416" height="512">
+  <object id="39" type="enemy" x="480" y="1952" width="288" height="928">
    <properties>
     <property name="category" value="grassland"/>
     <property name="level" value="10"/>
     <property name="number" value="3,4"/>
    </properties>
   </object>
-  <object id="40" type="enemy" x="768" y="1440" width="416" height="512">
+  <object id="40" type="enemy" x="768" y="1440" width="416" height="480">
    <properties>
     <property name="category" value="grassland"/>
     <property name="level" value="10"/>
@@ -649,5 +661,12 @@
     <property name="number" value="3"/>
    </properties>
   </object>
+  <object id="49" type="enemy" x="96" y="2304" width="224" height="480">
+   <properties>
+    <property name="category" value="grassland"/>
+    <property name="level" value="10"/>
+    <property name="number" value="3"/>
+   </properties>
+  </object>
  </objectgroup>
 </map>
diff --git a/tiled/empyrean_campaign/dilapidated_sewers.tmx b/tiled/empyrean_campaign/dilapidated_sewers.tmx
index 7d41850a7441711e2e49c5f5e3d3080cfcd01b25..d74ea586ea1710273d0ad2c02fa97531b453ad06 100644
--- a/tiled/empyrean_campaign/dilapidated_sewers.tmx
+++ b/tiled/empyrean_campaign/dilapidated_sewers.tmx
@@ -283,7 +283,7 @@
 3,3,3,3,3,3,3,3,3,3,3,3,3,3,3,3,3,3,3,3,3,3,3,3,3,3,3,3,3,3,3,3,3,3,3,3,3,3,3,3,3,3,3,3,3,3,3,3,3,3,3,3,3,3,3,3,3,3,3,3,3,3,3,3,3,3,3,3,3,3,3,3,3,3,3,3,3,3,3,3
 </data>
  </layer>
- <objectgroup name="event" visible="0">
+ <objectgroup name="event">
   <object id="1" name="to Black Oak Farm (east)" type="event" x="2016" y="224" width="32" height="64">
    <properties>
     <property name="activate" value="on_trigger"/>
@@ -297,7 +297,7 @@
    <properties>
     <property name="activate" value="on_trigger"/>
     <property name="hotspot" value="location"/>
-    <property name="intermap" value="maps/black_oak_farm.txt,7,77"/>
+    <property name="intermap" value="maps/black_oak_farm.txt,38,73"/>
     <property name="soundfx" value="soundfx/environment/stairs.ogg,0,0"/>
     <property name="tooltip" value="Black Oak Farm"/>
    </properties>
@@ -549,7 +549,7 @@
    </properties>
   </object>
  </objectgroup>
- <objectgroup name="enemy" visible="0">
+ <objectgroup name="enemy">
   <object id="41" type="enemy" x="2304" y="192" width="128" height="128">
    <properties>
     <property name="category" value="dungeon"/>
