diff --git a/mods/fantasycore/enemies/skeletal_occultist.txt b/mods/fantasycore/enemies/skeletal_occultist.txt
index 50625690f4c862217b94a9bd6547b91b9c79742c..64bb41469abfe47a9740be2ebfab819e17bf106d 100644
--- a/mods/fantasycore/enemies/skeletal_occultist.txt
+++ b/mods/fantasycore/enemies/skeletal_occultist.txt
@@ -1,4 +1,4 @@
-name=Skeletal Mage
+name=Skeletal Occultist
 level=7
 categories=skeleton,undead,dungeon,ice
 
diff --git a/mods/living_bones/maps/brothers_lair_ice_hall.txt b/mods/living_bones/maps/brothers_lair_ice_hall.txt
index 53020aef62eee1ec0fdc8ba9158baad440a12d5c..8f59db1e9e705330e764455d209fbda2fb483f58 100644
--- a/mods/living_bones/maps/brothers_lair_ice_hall.txt
+++ b/mods/living_bones/maps/brothers_lair_ice_hall.txt
@@ -206,16 +206,16 @@ data=
 3,4,4,4,4,4,4,4,4,4,4,4,4,4,4,4,4,0,4,4,4,4,4,4,4,4,4,4,4,4,4,4,4,4,4,4,4,4,4,4,4,4,4,4,4,4,4,4,4,3,
 3,4,4,4,4,4,4,4,4,4,4,4,4,4,4,4,4,0,4,4,4,4,4,4,4,4,4,4,4,4,4,4,4,4,4,4,4,4,4,4,4,4,4,4,4,4,4,4,4,3,
 3,4,4,4,4,4,4,4,4,4,4,4,4,4,4,4,4,0,4,4,4,4,4,4,4,4,4,4,4,4,4,4,4,4,4,4,4,4,4,4,4,4,4,4,4,4,4,4,4,3,
+3,4,4,4,4,4,4,4,4,4,4,3,3,3,4,4,4,0,4,4,4,3,3,3,4,4,4,4,4,4,4,4,4,4,4,4,4,4,4,4,4,4,4,4,4,4,4,4,4,3,
+3,4,4,4,4,4,4,4,4,4,4,3,0,3,0,0,0,0,0,0,0,3,0,3,4,4,4,4,4,4,4,4,4,4,4,4,4,4,4,4,4,4,4,4,4,4,4,4,4,3,
+3,4,4,4,4,4,4,4,4,4,4,3,3,3,4,4,4,0,4,4,4,3,3,3,4,4,4,4,4,4,4,4,4,4,4,4,4,4,4,4,4,4,4,4,4,4,4,4,4,3,
 3,4,4,4,4,4,4,4,4,4,4,4,4,4,4,4,4,0,4,4,4,4,4,4,4,4,4,4,4,4,4,4,4,4,4,4,4,4,4,4,4,4,4,4,4,4,4,4,4,3,
-3,4,4,4,4,4,4,4,4,4,4,4,4,4,0,0,0,0,0,0,0,4,4,4,4,4,4,4,4,4,4,4,4,4,4,4,4,4,4,4,4,4,4,4,4,4,4,4,4,3,
 3,4,4,4,4,4,4,4,4,4,4,4,4,4,4,4,4,0,4,4,4,4,4,4,4,4,4,4,4,4,4,4,4,4,4,4,4,4,4,4,4,4,4,4,4,4,4,4,4,3,
 3,4,4,4,4,4,4,4,4,4,4,4,4,4,4,4,4,0,4,4,4,4,4,4,4,4,4,4,4,4,4,4,4,4,4,4,4,4,4,4,4,4,4,4,4,4,4,4,4,3,
 3,4,4,4,4,4,4,4,4,4,4,4,4,4,4,4,4,0,4,4,4,4,4,4,4,4,4,4,4,4,4,4,4,4,4,4,4,4,4,4,4,4,4,4,4,4,4,4,4,3,
-3,4,4,4,4,4,4,4,4,4,4,4,4,4,4,4,4,0,4,4,4,4,4,4,4,4,4,4,4,4,4,4,4,4,4,4,4,4,4,4,4,4,4,4,4,4,4,4,4,3,
-3,4,4,4,4,4,4,4,4,4,4,4,4,4,4,4,4,0,4,4,4,4,4,4,4,4,4,4,4,4,4,4,4,4,4,4,4,4,4,4,4,4,4,4,4,4,4,4,4,3,
-3,4,4,4,4,4,4,4,4,4,4,4,4,4,4,4,4,0,4,4,4,4,4,4,4,4,4,4,4,4,4,4,4,4,4,4,4,4,4,4,4,4,4,4,4,4,4,4,4,3,
-3,4,4,4,4,4,4,4,4,4,4,4,4,4,0,0,0,0,0,0,0,4,4,4,4,4,4,4,4,4,4,4,4,4,4,4,4,4,4,4,4,4,4,4,4,4,4,4,4,3,
-3,4,4,4,4,4,4,4,4,4,4,4,4,4,4,4,4,0,4,4,4,4,4,4,4,4,4,4,4,4,4,4,4,4,4,4,4,4,4,4,4,4,4,4,4,4,4,4,4,3,
+3,4,4,4,4,4,4,4,4,4,4,3,3,3,4,4,4,0,4,4,4,3,3,3,4,4,4,4,4,4,4,4,4,4,4,4,4,4,4,4,4,4,4,4,4,4,4,4,4,3,
+3,4,4,4,4,4,4,4,4,4,4,3,0,3,0,0,0,0,0,0,0,3,0,3,4,4,4,4,4,4,4,4,4,4,4,4,4,4,4,4,4,4,4,4,4,4,4,4,4,3,
+3,4,4,4,4,4,4,4,4,4,4,3,3,3,4,4,4,0,4,4,4,3,3,3,4,4,4,4,4,4,4,4,4,4,4,4,4,4,4,4,4,4,4,4,4,4,4,4,4,3,
 3,4,4,4,4,4,4,4,4,4,4,4,4,4,4,4,4,0,4,4,4,4,4,4,4,4,4,4,4,4,4,4,4,4,4,4,4,4,4,4,4,4,4,4,4,4,4,4,4,3,
 3,4,4,4,4,4,4,4,4,4,4,4,4,4,4,4,4,0,4,4,4,4,4,4,4,4,4,4,4,4,4,4,4,4,4,4,4,4,4,4,4,4,4,4,4,4,4,4,4,3,
 3,4,4,4,4,4,4,4,4,4,4,4,4,4,4,4,4,0,4,4,4,4,4,4,4,4,4,4,4,4,4,4,4,4,4,4,4,4,4,4,4,4,4,4,4,4,4,4,4,3,
@@ -351,3 +351,73 @@ mapmod=object,18,10,165
 msg=The last entry in this diary is signed: "Scathelocke"
 tooltip=Book Stand
 
+[enemygroup]
+# 3-4 Undead
+type=undead
+location=15,52,12,13
+level=4,7
+number=3,4
+
+[enemygroup]
+# 1-3 Undead
+type=undead
+location=7,48,4,5
+chance=80
+level=4,7
+number=1,3
+
+[enemygroup]
+# 1-3 Undead
+type=undead
+location=7,57,4,7
+chance=80
+level=4,7
+number=1,3
+
+[enemygroup]
+# 1-3 Undead
+type=undead
+location=17,68,4,6
+chance=80
+level=4,7
+number=1,3
+
+[enemygroup]
+# 1-3 Undead
+type=undead
+location=27,48,6,4
+chance=80
+level=4,7
+number=1,3
+
+[enemygroup]
+# 2 Undead
+type=undead
+location=31,56,4,4
+level=4,7
+number=2,2
+
+[enemy]
+# Skeletal Warrior
+type=skeletal_warrior
+location=22,38,1,1
+direction=1
+
+[enemy]
+# Skeletal Warrior
+type=skeletal_warrior
+location=22,31,1,1
+direction=1
+
+[enemy]
+# Skeletal Warrior
+type=skeletal_warrior
+location=12,38,1,1
+direction=5
+
+[enemy]
+# Skeletal Warrior
+type=skeletal_warrior
+location=12,31,1,1
+direction=5
+
diff --git a/mods/living_bones/maps/cave_of_living_bones1.txt b/mods/living_bones/maps/cave_of_living_bones1.txt
index 14824903fffee9839507df4cee0a87a86ef82ae5..5d94d9fdbd2803242af0600a8f78091976715cba 100644
--- a/mods/living_bones/maps/cave_of_living_bones1.txt
+++ b/mods/living_bones/maps/cave_of_living_bones1.txt
@@ -1,14 +1,12 @@
 [header]
-title=Cave of Living Bones 1
 width=100
 height=100
-tileset=tileset_cave.txt
-location=4,12,5
 music=cave_theme.ogg
+tileset=tileset_cave.txt
+title=Cave of Living Bones 1
 
 [layer]
 type=background
-format=dec
 data=
 0,0,0,0,0,0,0,0,0,0,0,0,0,0,0,0,0,0,0,0,0,0,0,0,0,0,0,0,0,0,0,0,0,0,0,0,0,0,0,0,0,0,0,0,0,0,0,0,0,0,0,0,0,0,0,0,0,0,0,0,0,0,0,0,0,0,0,0,0,0,0,0,0,0,0,0,0,0,0,0,0,0,0,0,0,0,0,0,0,0,0,0,0,0,0,0,0,0,0,0,
 0,0,0,0,0,0,0,0,0,0,0,0,0,0,0,0,0,0,0,0,0,0,0,0,0,0,0,0,0,0,0,0,0,0,0,0,0,0,0,0,0,0,0,0,0,0,0,0,0,0,0,0,0,0,0,0,0,0,0,0,0,0,0,0,0,0,0,0,0,0,0,0,0,0,0,0,0,0,0,0,0,0,0,0,0,0,0,0,0,0,0,0,0,0,0,0,0,0,0,0,
@@ -102,20 +100,19 @@ data=
 0,0,0,0,0,0,0,0,0,0,0,0,0,0,0,0,0,0,0,0,0,0,0,0,0,0,0,0,0,0,0,0,0,0,0,0,0,0,0,0,0,0,0,0,0,0,0,0,0,0,0,16,48,20,48,22,23,0,0,0,0,0,0,0,0,0,0,0,0,0,0,0,0,0,0,0,0,0,0,0,0,0,0,0,0,0,0,0,0,0,0,0,0,0,0,0,0,0,0,0,
 0,0,0,0,0,0,0,0,0,0,0,0,0,0,0,0,0,0,0,0,0,0,0,0,0,0,0,0,0,0,0,0,0,0,0,0,0,0,0,0,0,0,0,0,0,0,0,0,0,0,0,50,22,24,25,27,27,0,0,0,0,0,0,0,0,0,0,0,0,0,0,0,0,0,0,0,0,0,0,0,0,0,0,0,0,0,0,0,0,0,0,0,0,0,0,0,0,0,0,0,
 0,0,0,0,0,0,0,0,0,0,0,0,0,0,0,0,0,0,0,0,0,0,0,0,0,0,0,0,0,0,0,0,0,0,0,0,0,0,0,0,0,0,0,0,0,0,0,0,0,0,0,48,22,27,29,30,31,0,0,0,0,0,0,0,0,0,0,0,0,0,0,0,0,0,0,0,0,0,0,0,0,0,0,0,0,0,0,0,0,0,0,0,0,0,0,0,0,0,0,0,
-0,0,0,0,0,0,0,0,0,0,0,0,0,0,0,0,0,0,0,0,0,0,0,0,0,0,0,0,0,0,0,0,0,0,0,0,0,0,0,0,0,0,0,0,0,0,0,0,0,0,16,21,24,26,17,50,0,0,0,0,0,0,0,0,0,0,0,0,0,0,0,0,0,0,0,0,0,0,0,0,0,0,0,0,0,0,0,0,0,0,0,0,0,0,0,0,0,0,0,0,
-0,0,0,0,0,0,0,0,0,0,0,0,0,0,0,0,0,0,0,0,0,0,0,0,0,0,0,0,0,0,0,0,0,0,0,0,0,0,0,0,0,0,0,0,0,0,0,0,0,0,16,48,16,48,21,22,0,0,0,0,0,0,0,0,0,0,0,0,0,0,0,0,0,0,0,0,0,0,0,0,0,0,0,0,0,0,0,0,0,0,0,0,0,0,0,0,0,0,0,0,
-0,0,0,0,0,0,0,0,0,0,0,0,0,0,0,0,0,0,0,0,0,0,0,0,0,0,0,0,0,0,0,0,0,0,0,0,0,0,0,0,0,0,0,0,0,0,0,0,0,0,50,22,16,16,27,0,0,0,0,0,0,0,0,0,0,0,0,0,0,0,0,0,0,0,0,0,0,0,0,0,0,0,0,0,0,0,0,0,0,0,0,0,0,0,0,0,0,0,0,0,
-0,0,0,0,0,0,0,0,0,0,0,0,0,0,0,0,0,0,0,0,0,0,0,0,0,0,0,0,0,0,0,0,0,0,0,0,0,0,0,0,0,0,0,0,0,0,0,0,0,0,48,22,27,16,16,57,0,0,0,0,0,0,0,0,0,0,0,0,0,0,0,0,0,0,0,0,0,0,0,0,0,0,0,0,0,0,0,0,0,0,0,0,0,0,0,0,0,0,0,0,
-0,0,0,0,0,0,0,0,0,0,0,0,0,0,0,0,0,0,0,0,0,0,0,0,0,0,0,0,0,0,0,0,0,0,0,0,0,0,0,0,0,0,0,0,0,0,0,0,0,0,0,51,27,24,50,16,0,0,0,0,0,0,0,0,0,0,0,0,0,0,0,0,0,0,0,0,0,0,0,0,0,0,0,0,0,0,0,0,0,0,0,0,0,0,0,0,0,0,0,0,
+0,0,0,0,0,0,0,0,0,0,0,0,0,0,0,0,0,0,0,0,0,0,0,0,0,0,0,0,0,0,0,0,0,0,0,0,0,0,0,0,0,0,0,0,0,0,0,0,0,0,0,21,24,26,17,50,0,0,0,0,0,0,0,0,0,0,0,0,0,0,0,0,0,0,0,0,0,0,0,0,0,0,0,0,0,0,0,0,0,0,0,0,0,0,0,0,0,0,0,0,
+0,0,0,0,0,0,0,0,0,0,0,0,0,0,0,0,0,0,0,0,0,0,0,0,0,0,0,0,0,0,0,0,0,0,0,0,0,0,0,0,0,0,0,0,0,0,0,0,0,0,0,48,16,48,21,22,0,0,0,0,0,0,0,0,0,0,0,0,0,0,0,0,0,0,0,0,0,0,0,0,0,0,0,0,0,0,0,0,0,0,0,0,0,0,0,0,0,0,0,0,
+0,0,0,0,0,0,0,0,0,0,0,0,0,0,0,0,0,0,0,0,0,0,0,0,0,0,0,0,0,0,0,0,0,0,0,0,0,0,0,0,0,0,0,0,0,0,0,0,0,0,0,0,16,16,27,0,0,0,0,0,0,0,0,0,0,0,0,0,0,0,0,0,0,0,0,0,0,0,0,0,0,0,0,0,0,0,0,0,0,0,0,0,0,0,0,0,0,0,0,0,
+0,0,0,0,0,0,0,0,0,0,0,0,0,0,0,0,0,0,0,0,0,0,0,0,0,0,0,0,0,0,0,0,0,0,0,0,0,0,0,0,0,0,0,0,0,0,0,0,0,0,0,0,0,16,16,57,0,0,0,0,0,0,0,0,0,0,0,0,0,0,0,0,0,0,0,0,0,0,0,0,0,0,0,0,0,0,0,0,0,0,0,0,0,0,0,0,0,0,0,0,
+0,0,0,0,0,0,0,0,0,0,0,0,0,0,0,0,0,0,0,0,0,0,0,0,0,0,0,0,0,0,0,0,0,0,0,0,0,0,0,0,0,0,0,0,0,0,0,0,0,0,0,0,0,0,50,16,0,0,0,0,0,0,0,0,0,0,0,0,0,0,0,0,0,0,0,0,0,0,0,0,0,0,0,0,0,0,0,0,0,0,0,0,0,0,0,0,0,0,0,0,
 0,0,0,0,0,0,0,0,0,0,0,0,0,0,0,0,0,0,0,0,0,0,0,0,0,0,0,0,0,0,0,0,0,0,0,0,0,0,0,0,0,0,0,0,0,0,0,0,0,0,0,0,0,0,0,0,0,0,0,0,0,0,0,0,0,0,0,0,0,0,0,0,0,0,0,0,0,0,0,0,0,0,0,0,0,0,0,0,0,0,0,0,0,0,0,0,0,0,0,0,
 0,0,0,0,0,0,0,0,0,0,0,0,0,0,0,0,0,0,0,0,0,0,0,0,0,0,0,0,0,0,0,0,0,0,0,0,0,0,0,0,0,0,0,0,0,0,0,0,0,0,0,0,0,0,0,0,0,0,0,0,0,0,0,0,0,0,0,0,0,0,0,0,0,0,0,0,0,0,0,0,0,0,0,0,0,0,0,0,0,0,0,0,0,0,0,0,0,0,0,0,
 0,0,0,0,0,0,0,0,0,0,0,0,0,0,0,0,0,0,0,0,0,0,0,0,0,0,0,0,0,0,0,0,0,0,0,0,0,0,0,0,0,0,0,0,0,0,0,0,0,0,0,0,0,0,0,0,0,0,0,0,0,0,0,0,0,0,0,0,0,0,0,0,0,0,0,0,0,0,0,0,0,0,0,0,0,0,0,0,0,0,0,0,0,0,0,0,0,0,0,0
 
 [layer]
 type=object
-format=dec
 data=
-00,0,0,0,0,0,0,0,0,0,0,0,0,0,0,0,0,0,0,0,0,0,0,0,0,0,0,0,0,0,0,0,0,0,0,0,0,0,0,0,0,0,0,0,0,0,0,0,0,0,0,0,0,0,0,0,0,0,0,0,0,0,0,0,0,0,0,0,0,0,0,0,0,0,0,0,0,0,0,0,0,0,0,0,0,0,0,0,0,0,0,0,0,0,0,0,0,0,0,0,
+0,0,0,0,0,0,0,0,0,0,0,0,0,0,0,0,0,0,0,0,0,0,0,0,0,0,0,0,0,0,0,0,0,0,0,0,0,0,0,0,0,0,0,0,0,0,0,0,0,0,0,0,0,0,0,0,0,0,0,0,0,0,0,0,0,0,0,0,0,0,0,0,0,0,0,0,0,0,0,0,0,0,0,0,0,0,0,0,0,0,0,0,0,0,0,0,0,0,0,0,
 0,0,0,0,0,0,0,0,0,0,0,0,0,0,0,0,0,0,0,0,0,0,0,0,0,0,0,0,0,0,0,0,0,0,0,0,0,0,0,0,0,0,0,0,0,0,0,0,0,0,0,0,0,0,0,0,0,0,0,0,0,0,0,0,0,0,0,0,0,0,0,0,0,0,0,0,0,0,0,0,0,0,0,0,0,0,0,0,0,0,0,0,0,0,0,0,0,0,0,0,
 0,0,0,0,0,0,0,0,0,0,0,0,0,0,0,0,0,0,0,0,0,0,0,0,0,0,0,0,0,0,0,112,241,241,241,66,0,0,0,0,0,0,0,0,0,0,0,0,0,0,0,0,0,0,0,0,0,0,0,0,0,0,0,0,0,0,0,0,0,0,0,0,0,0,0,0,0,0,0,0,0,0,0,0,0,0,0,0,0,0,0,0,0,0,0,0,0,0,0,0,
 0,0,0,0,0,0,0,0,0,0,0,0,0,0,0,0,0,0,0,0,0,0,0,0,0,0,0,0,0,0,0,100,132,0,0,66,0,0,0,0,0,0,0,0,0,0,0,0,0,0,0,0,0,0,0,0,0,0,0,0,0,0,0,0,0,0,0,0,0,0,0,0,0,0,0,0,0,0,0,0,0,0,0,0,0,0,0,0,0,0,0,0,0,0,0,0,0,0,0,0,
@@ -207,18 +204,17 @@ data=
 0,0,0,0,0,0,0,0,0,0,0,0,0,0,0,0,0,0,0,0,0,0,0,0,0,0,0,0,0,0,0,0,0,0,0,0,0,0,0,0,0,0,0,0,0,0,0,0,0,0,0,0,68,0,0,134,0,70,0,0,0,0,0,0,0,0,0,0,0,0,0,0,0,0,0,0,0,0,0,0,0,0,0,0,0,0,0,0,0,0,0,0,0,0,0,0,0,0,0,0,
 0,0,0,0,0,0,0,0,0,0,0,0,0,0,0,0,0,0,0,0,0,0,0,0,0,0,0,0,0,0,0,0,0,0,0,0,0,0,0,0,0,0,0,0,0,0,0,0,0,0,0,0,75,83,0,0,0,66,0,0,0,0,0,0,0,0,0,0,0,0,0,0,0,0,0,0,0,0,0,0,0,0,0,0,0,0,0,0,0,0,0,0,0,0,0,0,0,0,0,0,
 0,0,0,0,0,0,0,0,0,0,0,0,0,0,0,0,0,0,0,0,0,0,0,0,0,0,0,0,0,0,0,0,0,0,0,0,0,0,0,0,0,0,0,0,0,0,0,0,0,0,0,72,69,80,0,0,0,66,0,0,0,0,0,0,0,0,0,0,0,0,0,0,0,0,0,0,0,0,0,0,0,0,0,0,0,0,0,0,0,0,0,0,0,0,0,0,0,0,0,0,
-0,0,0,0,0,0,0,0,0,0,0,0,0,0,0,0,0,0,0,0,0,0,0,0,0,0,0,0,0,0,0,0,0,0,0,0,0,0,0,0,0,0,0,0,0,0,0,0,0,0,102,99,0,0,0,0,82,74,0,0,0,0,0,0,0,0,0,0,0,0,0,0,0,0,0,0,0,0,0,0,0,0,0,0,0,0,0,0,0,0,0,0,0,0,0,0,0,0,0,0,
-0,0,0,0,0,0,0,0,0,0,0,0,0,0,0,0,0,0,0,0,0,0,0,0,0,0,0,0,0,0,0,0,0,0,0,0,0,0,0,0,0,0,0,0,0,0,0,0,0,0,100,132,0,0,0,0,66,0,0,0,0,0,0,0,0,0,0,0,0,0,0,0,0,0,0,0,0,0,0,0,0,0,0,0,0,0,0,0,0,0,0,0,0,0,0,0,0,0,0,0,
-0,0,0,0,0,0,0,0,0,0,0,0,0,0,0,0,0,0,0,0,0,0,0,0,0,0,0,0,0,0,0,0,0,0,0,0,0,0,0,0,0,0,0,0,0,0,0,0,0,0,64,0,0,0,0,82,74,0,0,0,0,0,0,0,0,0,0,0,0,0,0,0,0,0,0,0,0,0,0,0,0,0,0,0,0,0,0,0,0,0,0,0,0,0,0,0,0,0,0,0,
-0,0,0,0,0,0,0,0,0,0,0,0,0,0,0,0,0,0,0,0,0,0,0,0,0,0,0,0,0,0,0,0,0,0,0,0,0,0,0,0,0,0,0,0,0,0,0,0,0,0,64,0,0,0,0,81,77,0,0,0,0,0,0,0,0,0,0,0,0,0,0,0,0,0,0,0,0,0,0,0,0,0,0,0,0,0,0,0,0,0,0,0,0,0,0,0,0,0,0,0,
-0,0,0,0,0,0,0,0,0,0,0,0,0,0,0,0,0,0,0,0,0,0,0,0,0,0,0,0,0,0,0,0,0,0,0,0,0,0,0,0,0,0,0,0,0,0,0,0,0,0,96,241,241,241,241,241,70,0,0,0,0,0,0,0,0,0,0,0,0,0,0,0,0,0,0,0,0,0,0,0,0,0,0,0,0,0,0,0,0,0,0,0,0,0,0,0,0,0,0,0,
+0,0,0,0,0,0,0,0,0,0,0,0,0,0,0,0,0,0,0,0,0,0,0,0,0,0,0,0,0,0,0,0,0,0,0,0,0,0,0,0,0,0,0,0,0,0,0,0,0,0,0,68,0,0,0,0,82,74,0,0,0,0,0,0,0,0,0,0,0,0,0,0,0,0,0,0,0,0,0,0,0,0,0,0,0,0,0,0,0,0,0,0,0,0,0,0,0,0,0,0,
+0,0,0,0,0,0,0,0,0,0,0,0,0,0,0,0,0,0,0,0,0,0,0,0,0,0,0,0,0,0,0,0,0,0,0,0,0,0,0,0,0,0,0,0,0,0,0,0,0,0,0,64,0,0,0,0,66,0,0,0,0,0,0,0,0,0,0,0,0,0,0,0,0,0,0,0,0,0,0,0,0,0,0,0,0,0,0,0,0,0,0,0,0,0,0,0,0,0,0,0,
+0,0,0,0,0,0,0,0,0,0,0,0,0,0,0,0,0,0,0,0,0,0,0,0,0,0,0,0,0,0,0,0,0,0,0,0,0,0,0,0,0,0,0,0,0,0,0,0,0,0,0,75,83,0,0,82,74,0,0,0,0,0,0,0,0,0,0,0,0,0,0,0,0,0,0,0,0,0,0,0,0,0,0,0,0,0,0,0,0,0,0,0,0,0,0,0,0,0,0,0,
+0,0,0,0,0,0,0,0,0,0,0,0,0,0,0,0,0,0,0,0,0,0,0,0,0,0,0,0,0,0,0,0,0,0,0,0,0,0,0,0,0,0,0,0,0,0,0,0,0,0,0,0,79,87,0,81,77,0,0,0,0,0,0,0,0,0,0,0,0,0,0,0,0,0,0,0,0,0,0,0,0,0,0,0,0,0,0,0,0,0,0,0,0,0,0,0,0,0,0,0,
+0,0,0,0,0,0,0,0,0,0,0,0,0,0,0,0,0,0,0,0,0,0,0,0,0,0,0,0,0,0,0,0,0,0,0,0,0,0,0,0,0,0,0,0,0,0,0,0,0,0,0,0,0,64,241,241,70,0,0,0,0,0,0,0,0,0,0,0,0,0,0,0,0,0,0,0,0,0,0,0,0,0,0,0,0,0,0,0,0,0,0,0,0,0,0,0,0,0,0,0,
 0,0,0,0,0,0,0,0,0,0,0,0,0,0,0,0,0,0,0,0,0,0,0,0,0,0,0,0,0,0,0,0,0,0,0,0,0,0,0,0,0,0,0,0,0,0,0,0,0,0,0,0,0,0,0,0,0,0,0,0,0,0,0,0,0,0,0,0,0,0,0,0,0,0,0,0,0,0,0,0,0,0,0,0,0,0,0,0,0,0,0,0,0,0,0,0,0,0,0,0,
 0,0,0,0,0,0,0,0,0,0,0,0,0,0,0,0,0,0,0,0,0,0,0,0,0,0,0,0,0,0,0,0,0,0,0,0,0,0,0,0,0,0,0,0,0,0,0,0,0,0,0,0,0,0,0,0,0,0,0,0,0,0,0,0,0,0,0,0,0,0,0,0,0,0,0,0,0,0,0,0,0,0,0,0,0,0,0,0,0,0,0,0,0,0,0,0,0,0,0,0,
 0,0,0,0,0,0,0,0,0,0,0,0,0,0,0,0,0,0,0,0,0,0,0,0,0,0,0,0,0,0,0,0,0,0,0,0,0,0,0,0,0,0,0,0,0,0,0,0,0,0,0,0,0,0,0,0,0,0,0,0,0,0,0,0,0,0,0,0,0,0,0,0,0,0,0,0,0,0,0,0,0,0,0,0,0,0,0,0,0,0,0,0,0,0,0,0,0,0,0,0
 
 [layer]
 type=collision
-format=dec
 data=
 3,3,3,3,3,3,3,3,3,3,3,3,3,3,3,3,3,3,3,3,3,3,3,3,3,3,3,3,3,3,3,3,3,3,3,3,3,3,3,3,3,3,3,3,3,3,3,3,3,3,3,3,3,3,3,3,3,3,3,3,3,3,3,3,3,3,3,3,3,3,3,3,3,3,3,3,3,3,3,3,3,3,3,3,3,3,3,3,3,3,3,3,3,3,3,3,3,3,3,3,
 3,3,3,3,3,3,3,3,3,3,3,3,3,3,3,3,3,3,3,3,3,3,3,3,3,3,3,3,3,3,3,3,3,3,3,3,3,3,3,3,3,3,3,3,3,3,3,3,3,3,3,3,3,3,3,3,3,3,3,3,3,3,3,3,3,3,3,3,3,3,3,3,3,3,3,3,3,3,3,3,3,3,3,3,3,3,3,3,3,3,3,3,3,3,3,3,3,3,3,3,
@@ -312,71 +308,210 @@ data=
 3,3,3,3,3,3,3,3,3,3,3,3,3,3,3,3,3,3,3,3,3,3,3,3,3,3,3,3,3,3,3,3,3,3,3,3,3,3,3,3,3,3,3,3,3,3,3,3,3,3,3,3,1,0,0,0,0,1,3,3,3,3,3,3,3,3,3,3,3,3,3,3,3,3,3,3,3,3,3,3,3,3,3,3,3,3,3,3,3,3,3,3,3,3,3,3,3,3,3,3,
 3,3,3,3,3,3,3,3,3,3,3,3,3,3,3,3,3,3,3,3,3,3,3,3,3,3,3,3,3,3,3,3,3,3,3,3,3,3,3,3,3,3,3,3,3,3,3,3,3,3,3,3,1,1,0,0,0,1,3,3,3,3,3,3,3,3,3,3,3,3,3,3,3,3,3,3,3,3,3,3,3,3,3,3,3,3,3,3,3,3,3,3,3,3,3,3,3,3,3,3,
 3,3,3,3,3,3,3,3,3,3,3,3,3,3,3,3,3,3,3,3,3,3,3,3,3,3,3,3,3,3,3,3,3,3,3,3,3,3,3,3,3,3,3,3,3,3,3,3,3,3,3,1,1,1,0,0,0,1,3,3,3,3,3,3,3,3,3,3,3,3,3,3,3,3,3,3,3,3,3,3,3,3,3,3,3,3,3,3,3,3,3,3,3,3,3,3,3,3,3,3,
-3,3,3,3,3,3,3,3,3,3,3,3,3,3,3,3,3,3,3,3,3,3,3,3,3,3,3,3,3,3,3,3,3,3,3,3,3,3,3,3,3,3,3,3,3,3,3,3,3,3,1,1,0,0,0,0,1,1,3,3,3,3,3,3,3,3,3,3,3,3,3,3,3,3,3,3,3,3,3,3,3,3,3,3,3,3,3,3,3,3,3,3,3,3,3,3,3,3,3,3,
-3,3,3,3,3,3,3,3,3,3,3,3,3,3,3,3,3,3,3,3,3,3,3,3,3,3,3,3,3,3,3,3,3,3,3,3,3,3,3,3,3,3,3,3,3,3,3,3,3,3,1,0,0,0,0,0,1,3,3,3,3,3,3,3,3,3,3,3,3,3,3,3,3,3,3,3,3,3,3,3,3,3,3,3,3,3,3,3,3,3,3,3,3,3,3,3,3,3,3,3,
-3,3,3,3,3,3,3,3,3,3,3,3,3,3,3,3,3,3,3,3,3,3,3,3,3,3,3,3,3,3,3,3,3,3,3,3,3,3,3,3,3,3,3,3,3,3,3,3,3,3,1,0,0,0,0,1,1,3,3,3,3,3,3,3,3,3,3,3,3,3,3,3,3,3,3,3,3,3,3,3,3,3,3,3,3,3,3,3,3,3,3,3,3,3,3,3,3,3,3,3,
-3,3,3,3,3,3,3,3,3,3,3,3,3,3,3,3,3,3,3,3,3,3,3,3,3,3,3,3,3,3,3,3,3,3,3,3,3,3,3,3,3,3,3,3,3,3,3,3,3,3,1,0,0,0,0,1,1,3,3,3,3,3,3,3,3,3,3,3,3,3,3,3,3,3,3,3,3,3,3,3,3,3,3,3,3,3,3,3,3,3,3,3,3,3,3,3,3,3,3,3,
-3,3,3,3,3,3,3,3,3,3,3,3,3,3,3,3,3,3,3,3,3,3,3,3,3,3,3,3,3,3,3,3,3,3,3,3,3,3,3,3,3,3,3,3,3,3,3,3,3,3,1,0,0,0,0,0,1,3,3,3,3,3,3,3,3,3,3,3,3,3,3,3,3,3,3,3,3,3,3,3,3,3,3,3,3,3,3,3,3,3,3,3,3,3,3,3,3,3,3,3,
+3,3,3,3,3,3,3,3,3,3,3,3,3,3,3,3,3,3,3,3,3,3,3,3,3,3,3,3,3,3,3,3,3,3,3,3,3,3,3,3,3,3,3,3,3,3,3,3,3,3,3,1,0,0,0,0,1,1,3,3,3,3,3,3,3,3,3,3,3,3,3,3,3,3,3,3,3,3,3,3,3,3,3,3,3,3,3,3,3,3,3,3,3,3,3,3,3,3,3,3,
+3,3,3,3,3,3,3,3,3,3,3,3,3,3,3,3,3,3,3,3,3,3,3,3,3,3,3,3,3,3,3,3,3,3,3,3,3,3,3,3,3,3,3,3,3,3,3,3,3,3,3,1,0,0,0,0,1,3,3,3,3,3,3,3,3,3,3,3,3,3,3,3,3,3,3,3,3,3,3,3,3,3,3,3,3,3,3,3,3,3,3,3,3,3,3,3,3,3,3,3,
+3,3,3,3,3,3,3,3,3,3,3,3,3,3,3,3,3,3,3,3,3,3,3,3,3,3,3,3,3,3,3,3,3,3,3,3,3,3,3,3,3,3,3,3,3,3,3,3,3,3,3,1,1,0,0,1,1,3,3,3,3,3,3,3,3,3,3,3,3,3,3,3,3,3,3,3,3,3,3,3,3,3,3,3,3,3,3,3,3,3,3,3,3,3,3,3,3,3,3,3,
+3,3,3,3,3,3,3,3,3,3,3,3,3,3,3,3,3,3,3,3,3,3,3,3,3,3,3,3,3,3,3,3,3,3,3,3,3,3,3,3,3,3,3,3,3,3,3,3,3,3,3,3,1,1,0,1,1,3,3,3,3,3,3,3,3,3,3,3,3,3,3,3,3,3,3,3,3,3,3,3,3,3,3,3,3,3,3,3,3,3,3,3,3,3,3,3,3,3,3,3,
+3,3,3,3,3,3,3,3,3,3,3,3,3,3,3,3,3,3,3,3,3,3,3,3,3,3,3,3,3,3,3,3,3,3,3,3,3,3,3,3,3,3,3,3,3,3,3,3,3,3,3,3,3,1,0,0,1,3,3,3,3,3,3,3,3,3,3,3,3,3,3,3,3,3,3,3,3,3,3,3,3,3,3,3,3,3,3,3,3,3,3,3,3,3,3,3,3,3,3,3,
 3,3,3,3,3,3,3,3,3,3,3,3,3,3,3,3,3,3,3,3,3,3,3,3,3,3,3,3,3,3,3,3,3,3,3,3,3,3,3,3,3,3,3,3,3,3,3,3,3,3,3,3,3,3,3,3,3,3,3,3,3,3,3,3,3,3,3,3,3,3,3,3,3,3,3,3,3,3,3,3,3,3,3,3,3,3,3,3,3,3,3,3,3,3,3,3,3,3,3,3,
 3,3,3,3,3,3,3,3,3,3,3,3,3,3,3,3,3,3,3,3,3,3,3,3,3,3,3,3,3,3,3,3,3,3,3,3,3,3,3,3,3,3,3,3,3,3,3,3,3,3,3,3,3,3,3,3,3,3,3,3,3,3,3,3,3,3,3,3,3,3,3,3,3,3,3,3,3,3,3,3,3,3,3,3,3,3,3,3,3,3,3,3,3,3,3,3,3,3,3,3,
 3,3,3,3,3,3,3,3,3,3,3,3,3,3,3,3,3,3,3,3,3,3,3,3,3,3,3,3,3,3,3,3,3,3,3,3,3,3,3,3,3,3,3,3,3,3,3,3,3,3,3,3,3,3,3,3,3,3,3,3,3,3,3,3,3,3,3,3,3,3,3,3,3,3,3,3,3,3,3,3,3,3,3,3,3,3,3,3,3,3,3,3,3,3,3,3,3,3,3,3
 
 [event]
+# to Ydrakka Pass
+type=teleport
+location=54,96,2,1
+intermap=ydrakka_pass.txt,213,31
+
+[event]
+# to Cave 2
 type=teleport
 location=32,2,3,1
 intermap=cave_of_living_bones2.txt,37,74
 
-[enemygroup]
-type=antlion
-level=3,6
-number=3,5
-location=22,68,9,6
+[event]
+# Crate
+type=run_once
+location=69,66,1,1
+hotspot=-16,-30,32,36
+loot=random,69,67,5
+mapmod=object,69,66,179
+soundfx=soundfx/wood_open.ogg
+tooltip=Crate
+
+[event]
+# Crate
+type=run_once
+location=83,83,1,1
+hotspot=-16,-30,32,36
+loot=random,84,82,5
+mapmod=object,83,83,179
+soundfx=soundfx/wood_open.ogg
+tooltip=Crate
+
+[event]
+# Crate
+type=run_once
+location=88,76,1,1
+hotspot=-16,-30,32,36
+loot=random,87,76,5
+mapmod=object,88,76,179
+soundfx=soundfx/wood_open.ogg
+tooltip=Crate
+
+[event]
+# Crate
+type=run_once
+location=30,71,1,1
+hotspot=-16,-30,32,36
+loot=random,29,71,6
+mapmod=object,30,71,179
+soundfx=soundfx/wood_open.ogg
+tooltip=Crate
+
+[event]
+# Crate
+type=run_once
+location=33,37,1,1
+hotspot=-16,-30,32,36
+loot=random,34,37,6
+mapmod=object,33,37,179
+soundfx=soundfx/wood_open.ogg
+tooltip=Crate
+
+[event]
+# Crate
+type=run_once
+location=23,39,1,1
+hotspot=-16,-30,32,36
+loot=random,23,40,5
+mapmod=object,23,39,179
+soundfx=soundfx/wood_open.ogg
+tooltip=Crate
+
+[event]
+# Barrel
+type=run_once
+location=29,70,1,1
+hotspot=-16,-36,32,44
+loot=random,28,70,5
+mapmod=object,29,70,178
+soundfx=soundfx/wood_open.ogg
+tooltip=Barrel
+
+[event]
+# Barrel
+type=run_once
+location=68,65,1,1
+hotspot=-16,-36,32,44
+loot=random,67,65,5
+mapmod=object,68,65,178
+soundfx=soundfx/wood_open.ogg
+tooltip=Barrel
+
+[event]
+# Barrel
+type=run_once
+location=85,74,1,1
+hotspot=-16,-36,32,44
+loot=random,85,75,5
+mapmod=object,85,74,178
+soundfx=soundfx/wood_open.ogg
+tooltip=Barrel
+
+[event]
+# Barrel
+type=run_once
+location=83,84,1,1
+hotspot=-16,-36,32,44
+loot=random,84,83,5
+mapmod=object,83,84,178
+soundfx=soundfx/wood_open.ogg
+tooltip=Barrel
+
+[event]
+# Barrel
+type=run_once
+location=73,35,1,1
+hotspot=-16,-36,32,44
+loot=random,73,36,6
+mapmod=object,73,35,178
+soundfx=soundfx/wood_open.ogg
+tooltip=Barrel
+
+[event]
+# Treasure Chest
+type=run_once
+location=21,38,1,1
+hotspot=-16,-28,32,36
+loot=random,21,39,7
+mapmod=object,21,38,177
+soundfx=soundfx/wood_open.ogg
+tooltip=Treasure Chest
+
+[event]
+# Treasure Chest
+type=run_once
+location=29,53,1,1
+hotspot=-16,-28,32,36
+loot=random,29,54,7
+mapmod=object,29,53,177
+soundfx=soundfx/wood_open.ogg
+tooltip=Treasure Chest
 
 [enemygroup]
+# Antlions
 type=antlion
-level=4,7
-number=2,4
-location=27,52,12,12
+location=18,36,8,9
+level=5,6
+number=3,4
 
 [enemygroup]
+# Antlions
 type=antlion
-level=3,5
-number=3,5
-location=39,73,11,9
+location=22,67,8,9
+level=5,6
+number=3,4
 
 [enemygroup]
-type=antlion
-level=4,7
-number=3,5
-location=18,36,9,11
+# Antlion Hatchlings
+type=antlion_hatchling
+location=45,49,20,18
+level=5,6
+number=10-15
 
 [enemygroup]
+# Antlions
 type=antlion
-level=3,5
-number=3,5
-location=50,53,12,10
+location=74,68,14,15
+level=5,6
+number=4,6
 
 [enemygroup]
+# Antlions
 type=antlion
-level=4,7
-number=5,7
-location=75,73,13,11
+location=56,28,8,9
+level=5,6
+number=3,4
 
 [enemygroup]
-type=antlion
-level=3,5
-number=3,6
-location=70,35,8,9
+# Undead
+type=undead
+location=26,12,8,12
+level=7,8
+number=1,3
 
 [enemygroup]
-type=antlion
-level=3,4
-number=3,5
-location=46,16,8,9
+# Undead
+type=undead
+location=41,11,14,9
+level=7,8
+number=1,3
 
 [enemygroup]
-# random wanderers
+# Wandering monsters
 type=cave
-level=3,8
+location=6,10,81,74
+level=5,8
 number=10,20
-location=15,15,70,70
+
diff --git a/mods/living_bones/maps/cave_of_living_bones2.txt b/mods/living_bones/maps/cave_of_living_bones2.txt
index 5f7b7441c0697d67f7dce3d13aaccbdf10924238..e9547614f73d7471c78918eff2975279105a3cfa 100644
--- a/mods/living_bones/maps/cave_of_living_bones2.txt
+++ b/mods/living_bones/maps/cave_of_living_bones2.txt
@@ -48,15 +48,15 @@ data=
 0,0,34,34,34,34,34,34,34,34,37,16,57,16,16,53,51,21,22,204,208,218,219,216,216,216,216,216,217,217,217,217,216,218,218,216,217,218,218,216,216,216,216,216,216,216,216,216,218,218,218,218,218,218,216,216,216,218,218,216,218,218,218,216,216,194,216,216,0,0,0,0,0,0,0,0,0,0,0,0,
 0,0,16,16,16,16,16,0,56,16,39,34,34,34,34,34,34,16,51,50,204,195,195,195,195,208,216,218,219,216,216,216,218,216,216,218,219,218,218,216,216,216,0,0,216,216,216,216,216,216,216,216,216,211,195,195,195,208,218,218,218,216,216,216,216,194,216,0,0,0,0,0,0,0,0,0,0,0,0,0,
 0,0,16,16,16,0,0,0,0,0,56,16,16,16,16,16,50,16,52,49,51,53,52,19,48,204,208,216,216,217,216,216,216,217,216,216,217,216,216,216,216,0,0,0,0,216,216,216,216,211,195,195,195,203,54,50,49,204,208,216,216,216,216,216,216,194,216,0,0,0,0,0,0,0,0,0,0,0,0,0,
-0,0,0,0,0,0,0,0,0,0,0,56,16,16,16,16,16,21,20,22,16,20,48,22,51,16,204,208,218,219,216,218,218,219,218,216,216,217,216,216,216,216,0,0,0,0,216,216,211,203,16,48,48,49,19,16,19,52,204,195,195,208,216,216,216,194,216,0,0,0,0,0,0,0,0,0,0,0,0,0,
-0,0,0,0,0,0,0,0,0,0,0,0,56,16,16,16,16,51,21,20,17,19,16,49,17,19,50,204,208,216,216,218,218,216,216,218,218,219,216,216,216,216,0,0,0,0,0,211,203,53,16,51,20,21,22,51,22,23,50,16,48,204,195,195,195,203,216,0,0,0,0,0,0,0,0,0,0,0,0,0,
-0,0,0,0,0,0,0,0,0,0,0,0,0,0,0,0,0,0,56,20,21,22,51,20,21,22,51,48,204,195,208,216,218,218,218,218,216,216,216,216,216,216,216,0,0,0,0,16,50,51,17,49,27,24,25,26,25,26,16,16,16,16,192,216,216,216,216,0,0,0,0,0,0,0,0,0,0,0,0,0,
-0,0,0,0,0,0,0,0,0,0,0,0,0,0,0,0,0,0,16,27,24,25,26,16,17,19,16,17,19,53,204,208,216,218,218,216,216,216,211,195,195,195,195,203,57,0,0,16,16,20,21,22,31,28,30,31,30,31,16,16,16,0,0,0,0,0,0,0,0,0,0,0,0,0,0,0,0,0,0,0,
-0,0,0,0,0,0,0,0,0,0,0,0,0,0,0,0,0,0,56,31,28,30,31,20,21,22,23,21,22,52,54,204,195,195,208,215,195,195,203,51,55,52,17,55,16,57,16,16,16,27,24,25,26,31,27,24,25,26,16,16,16,0,0,0,0,0,0,0,0,0,0,0,0,0,0,0,0,0,0,0,
-0,0,0,0,0,0,0,0,0,0,0,0,0,0,0,0,0,0,0,56,49,16,16,50,19,16,16,17,19,50,16,17,51,52,204,203,50,17,52,16,21,51,50,49,23,16,16,16,17,31,28,30,31,16,31,28,30,31,16,0,0,0,0,0,0,0,0,0,0,0,0,0,0,0,0,0,0,0,0,0,
-0,0,0,0,0,0,0,0,0,0,0,0,0,0,0,0,0,0,0,0,0,56,51,21,22,23,20,21,22,23,20,21,54,55,19,16,20,51,48,23,24,27,24,25,26,23,16,20,21,22,23,16,16,16,16,16,16,16,16,0,0,0,0,0,0,0,0,0,0,0,0,0,0,0,0,0,0,0,0,0,
-0,0,0,0,0,0,0,0,0,0,0,0,0,0,0,0,0,0,0,0,0,56,48,24,16,17,27,24,25,49,27,24,25,26,50,23,27,24,25,26,49,16,28,30,31,26,23,27,24,25,16,17,19,16,16,16,16,16,16,0,0,0,0,0,0,0,0,0,0,0,0,0,0,0,0,0,0,0,0,0,
-0,0,0,0,0,0,0,0,0,0,0,0,0,0,0,0,0,0,0,0,0,0,31,28,49,21,31,28,48,31,17,19,16,31,25,26,31,51,30,31,22,23,17,19,16,31,26,31,28,30,20,21,22,23,16,16,0,0,0,0,0,0,0,0,0,0,0,0,0,0,0,0,0,0,0,0,0,0,0,0,
+0,0,0,0,0,0,0,0,0,0,0,56,16,16,16,16,16,21,20,22,16,20,48,22,51,16,204,208,218,219,216,218,218,219,218,216,216,217,216,216,216,216,0,0,0,216,216,216,211,203,16,48,48,49,19,16,19,52,204,195,195,208,216,216,216,194,216,0,0,0,0,0,0,0,0,0,0,0,0,0,
+0,0,0,0,0,0,0,0,0,0,0,0,56,16,16,16,16,51,21,20,17,19,16,49,17,19,50,204,208,216,216,218,218,216,216,218,218,219,216,216,216,216,0,0,0,216,216,211,203,53,16,51,20,21,22,51,22,23,50,16,48,204,195,195,195,203,216,0,0,0,0,0,0,0,0,0,0,0,0,0,
+0,0,0,0,0,0,0,0,0,0,0,0,0,0,0,0,0,0,56,20,21,22,51,20,21,22,51,48,204,195,208,216,218,218,218,218,216,216,216,216,216,216,216,0,216,216,216,194,50,51,17,49,27,24,25,26,25,26,16,16,16,16,192,216,216,216,216,0,0,0,0,0,0,0,0,0,0,0,0,0,
+0,0,0,0,0,0,0,0,0,0,0,0,0,0,0,0,0,0,16,27,24,25,26,16,17,19,16,17,19,53,204,208,216,218,218,216,216,216,211,195,195,195,195,195,195,208,218,198,16,20,51,22,31,28,30,31,30,31,16,16,16,0,0,0,0,0,0,0,0,0,0,0,0,0,0,0,0,0,0,0,
+0,0,0,0,0,0,0,0,0,0,0,0,0,0,0,0,0,0,56,31,28,30,31,20,21,22,23,21,22,52,54,204,195,195,208,215,195,195,203,51,55,52,17,55,16,204,199,203,16,27,24,25,26,31,27,24,25,26,16,16,16,0,0,0,0,0,0,0,0,0,0,0,0,0,0,0,0,0,0,0,
+0,0,0,0,0,0,0,0,0,0,0,0,0,0,0,0,0,0,0,56,49,16,16,50,19,16,16,17,19,50,16,17,51,52,204,203,50,17,52,16,21,51,50,49,23,50,16,50,17,48,28,49,31,16,31,28,30,31,16,0,0,0,0,0,0,0,0,0,0,0,0,0,0,0,0,0,0,0,0,0,
+0,0,0,0,0,0,0,0,0,0,0,0,0,0,0,0,0,0,0,0,0,56,51,21,22,23,20,21,22,23,20,21,54,55,19,16,20,51,48,23,24,27,24,25,48,23,16,20,21,22,23,16,16,16,16,16,16,16,16,0,0,0,0,0,0,0,0,0,0,0,0,0,0,0,0,0,0,0,0,0,
+0,0,0,0,0,0,0,0,0,0,0,0,0,0,0,0,0,0,0,0,0,56,48,24,16,17,27,24,25,49,27,24,25,26,50,23,27,24,25,26,49,16,28,30,31,26,51,27,24,25,16,17,19,16,16,16,16,16,16,0,0,0,0,0,0,0,0,0,0,0,0,0,0,0,0,0,0,0,0,0,
+0,0,0,0,0,0,0,0,0,0,0,0,0,0,0,0,0,0,0,0,0,0,31,28,49,21,31,28,48,31,17,19,16,31,25,26,31,51,30,31,22,23,17,19,16,31,26,31,28,50,20,21,22,23,16,16,0,0,0,0,0,0,0,0,0,0,0,0,0,0,0,0,0,0,0,0,0,0,0,0,
 0,0,0,0,0,0,0,0,0,0,0,0,0,0,0,0,0,0,0,0,0,0,0,56,27,24,25,26,22,23,21,22,23,16,17,19,16,21,27,50,25,26,21,22,23,30,16,17,19,16,27,24,25,26,16,0,0,0,0,0,0,0,0,0,0,0,0,0,0,0,0,0,0,0,0,0,0,0,0,0,
 0,0,0,0,0,0,0,0,0,0,0,0,0,0,0,0,0,0,0,0,0,0,0,56,31,28,30,31,25,26,51,25,26,20,21,16,17,50,16,48,30,31,24,25,26,16,20,21,22,23,31,28,30,31,16,0,0,0,0,0,0,0,0,0,0,0,0,0,0,0,0,0,0,0,0,0,0,0,0,0,
 0,0,0,0,0,0,0,0,0,0,0,0,0,0,0,0,0,0,0,0,0,0,0,0,0,56,31,28,30,31,17,19,16,27,24,20,21,22,51,17,19,16,28,30,31,16,27,24,25,26,16,16,16,16,16,57,0,0,0,0,0,0,0,0,0,0,0,0,0,0,0,0,0,0,0,0,0,0,0,0,
@@ -220,7 +220,7 @@ data=
 3,3,3,3,3,3,3,3,3,3,3,1,1,0,0,0,0,0,0,0,0,0,0,0,0,0,0,2,2,2,2,2,2,2,2,2,2,2,2,2,2,2,1,3,3,3,1,1,2,0,0,0,0,0,0,0,0,0,0,2,2,2,2,2,2,2,2,1,3,3,3,3,3,3,3,3,3,3,3,3,
 3,3,3,3,3,3,3,3,3,3,3,3,1,1,1,1,1,1,1,0,0,0,0,0,0,0,0,0,2,2,2,2,2,2,2,2,2,2,2,2,2,2,1,1,3,3,1,1,0,0,0,0,0,0,0,0,0,0,2,2,2,2,2,2,2,2,2,1,3,3,3,3,3,3,3,3,3,3,3,3,
 3,3,3,3,3,3,3,3,3,3,3,3,3,3,3,3,3,1,1,0,0,0,0,0,0,0,0,0,0,0,2,2,2,2,2,2,2,2,2,2,2,2,1,1,1,1,1,1,1,0,0,0,0,0,0,0,0,2,2,2,2,1,1,1,1,1,1,1,3,3,3,3,3,3,3,3,3,3,3,3,
-3,3,3,3,3,3,3,3,3,3,3,3,3,3,3,3,3,1,1,0,0,0,0,0,0,0,0,0,0,0,0,2,2,2,2,2,2,2,2,0,0,0,0,2,0,1,1,0,2,0,0,0,0,0,0,0,0,0,0,2,2,1,3,1,1,3,3,3,3,3,3,3,3,3,3,3,3,3,3,3,
+3,3,3,3,3,3,3,3,3,3,3,3,3,3,3,3,3,1,1,2,0,0,0,0,0,0,0,0,0,0,0,2,2,2,2,2,2,2,2,0,0,0,0,2,0,1,1,2,2,0,0,0,0,0,0,0,0,0,0,2,2,1,3,1,1,3,3,3,3,3,3,3,3,3,3,3,3,3,3,3,
 3,3,3,3,3,3,3,3,3,3,3,3,3,3,3,3,3,3,1,1,0,0,0,0,0,0,0,0,0,0,0,0,0,0,2,2,0,0,0,0,0,0,0,0,0,0,2,0,0,0,0,0,0,0,0,0,0,0,0,1,1,1,3,3,3,3,3,3,3,3,3,3,3,3,3,3,3,3,3,3,
 3,3,3,3,3,3,3,3,3,3,3,3,3,3,3,3,3,3,3,1,1,1,0,0,0,0,0,0,0,0,0,0,0,0,0,0,0,0,0,0,0,0,0,0,0,0,0,0,0,0,0,0,0,0,0,0,0,0,0,1,3,3,3,3,3,3,3,3,3,3,3,3,3,3,3,3,3,3,3,3,
 3,3,3,3,3,3,3,3,3,3,3,3,3,3,3,3,3,3,3,3,3,1,0,0,0,0,0,0,0,0,0,0,0,0,0,0,0,0,0,0,0,0,0,0,0,0,0,0,0,0,0,0,0,0,0,0,0,0,0,1,3,3,3,3,3,3,3,3,3,3,3,3,3,3,3,3,3,3,3,3,
@@ -258,19 +258,19 @@ data=
 3,3,3,3,3,3,3,3,3,3,3,3,3,3,3,3,3,3,3,3,3,3,3,3,3,3,3,3,3,3,3,3,3,3,3,3,3,3,3,3,3,3,3,3,3,3,3,3,3,3,3,3,3,3,3,3,3,3,3,3,3,3,3,3,3,3,3,3,3,3,3,3,3,3,3,3,3,3,3,3
 
 [event]
-# Warp to Cave 1
+# to Cave 1
 type=teleport
 location=36,75,3,1
 intermap=cave_of_living_bones1.txt,33,3
 
 [event]
-# Warp to Cave 3
+# to Cave 3
 type=teleport
 location=2,36,1,4
 intermap=cave_of_living_bones3.txt,47,19
 
 [event]
-# Warp to Atrium
+# to Atrium
 type=teleport
 location=32,3,1,1
 intermap=brothers_lair_atrium.txt,15,46
@@ -300,36 +300,394 @@ tooltip=Crate
 type=run_once
 location=19,44,1,1
 hotspot=-16,-30,32,36
-loot=random,20,44,6
+loot=random,20,44,7
 mapmod=object,19,44,179
 soundfx=soundfx/wood_open.ogg
 tooltip=Crate
 
+[event]
+# Give Pillar Quest
+type=run_always
+location=47,44,1,1
+hotspot=-200,-175,400,225
+msg=This pillar is laced with cracks and crevices. Maybe with enough force it can be knocked down.
+requires_not=lb_has_explosive
+set_status=lb_destroy_pillar
+tooltip=Giant Pillar
+
+[event]
+# Place Explosive
+type=run_always
+location=47,44,1,1
+requires_not=lb_explosive_set
+requires_status=lb_has_explosive
+set_status=lb_explosive_set
+hotspot=-200,-175,400,225
+mapmod=object,47,44,163
+tooltip=Place Explosive
+
+[event]
+# Trigger Explosive Bottom
+type=run_once
+location=41,50,13,1
+requires_not=lb_explosive_detonated
+requires_status=lb_explosive_set
+set_status=lb_explosive_detonated
+mapmod=object,47,44,0
+mapmod=object,47,43,0
+mapmod=collision,47,43,2
+mapmod=object,47,42,0
+mapmod=collision,47,42,2
+mapmod=object,46,43,0
+mapmod=collision,46,43,2
+mapmod=object,46,44,0
+mapmod=collision,46,44,2
+mapmod=object,45,44,0
+mapmod=collision,45,44,2
+mapmod=object,46,42,0
+mapmod=collision,46,42,2
+mapmod=object,45,43,80
+mapmod=collision,45,43,1
+mapmod=object,47,41,80
+#mapmod=collision,45,43,1
+mapmod=object,45,42,68
+mapmod=collison,45,42,1
+mapmod=object,46,41,69
+mapmod=collison,46,41,1
+mapmod=object,45,41,76
+mapmod=collison,45,41,1
+mapmod=object,48,43,0
+mapmod=collision,48,43,0
+mapmod=object,48,44,0
+mapmod=collision,48,44,0
+mapmod=object,46,45,0
+mapmod=collision,46,45,0
+mapmod=object,49,40,0
+mapmod=collision,49,40,2
+mapmod=object,46,39,0
+mapmod=collision,46,39,2
+mapmod=object,48,40,150
+mapmod=collision,48,40,0
+mapmod=object,48,39,151
+mapmod=collision,48,39,0
+mapmod=collision,49,39,0
+mapmod=object,48,38,151
+mapmod=collision,48,38,0
+mapmod=object,49,37,152
+mapmod=collision,49,37,0
+mapmod=object,48,36,151
+mapmod=collision,48,36,0
+mapmod=object,49,35,152
+mapmod=collision,49,35,0
+mapmod=object,47,38,150
+mapmod=collision,47,38,0
+mapmod=object,45,46,150
+mapmod=collision,45,46,2
+mapmod=object,48,45,152
+mapmod=collision,48,45,2
+mapmod=object,49,44,150
+mapmod=collision,49,44,2
+mapmod=object,49,43,151
+mapmod=collision,49,43,2
+mapmod=object,51,42,152
+power=18
+power_path=47,44,47,44
+shakycam=60
+
+[event]
+# Trigger Explosive Left Side
+type=run_once
+location=41,44,1,6
+requires_not=lb_explosive_detonated
+requires_status=lb_explosive_set
+set_status=lb_explosive_detonated
+mapmod=object,47,44,0
+mapmod=object,47,43,0
+mapmod=collision,47,43,2
+mapmod=object,47,42,0
+mapmod=collision,47,42,2
+mapmod=object,46,43,0
+mapmod=collision,46,43,2
+mapmod=object,46,44,0
+mapmod=collision,46,44,2
+mapmod=object,45,44,0
+mapmod=collision,45,44,2
+mapmod=object,46,42,0
+mapmod=collision,46,42,2
+mapmod=object,45,43,80
+mapmod=collision,45,43,1
+mapmod=object,47,41,80
+#mapmod=collision,45,43,1
+mapmod=object,45,42,68
+mapmod=collison,45,42,1
+mapmod=object,46,41,69
+mapmod=collison,46,41,1
+mapmod=object,45,41,76
+mapmod=collison,45,41,1
+mapmod=object,48,43,0
+mapmod=collision,48,43,0
+mapmod=object,48,44,0
+mapmod=collision,48,44,0
+mapmod=object,46,45,0
+mapmod=collision,46,45,0
+mapmod=object,49,40,0
+mapmod=collision,49,40,2
+mapmod=object,46,39,0
+mapmod=collision,46,39,2
+mapmod=object,48,40,150
+mapmod=collision,48,40,0
+mapmod=object,48,39,151
+mapmod=collision,48,39,0
+mapmod=collision,49,39,0
+mapmod=object,48,38,151
+mapmod=collision,48,38,0
+mapmod=object,49,37,152
+mapmod=collision,49,37,0
+mapmod=object,48,36,151
+mapmod=collision,48,36,0
+mapmod=object,49,35,152
+mapmod=collision,49,35,0
+mapmod=object,47,38,150
+mapmod=collision,47,38,0
+mapmod=object,45,46,150
+mapmod=collision,45,46,2
+mapmod=object,48,45,152
+mapmod=collision,48,45,2
+mapmod=object,49,44,150
+mapmod=collision,49,44,2
+mapmod=object,49,43,151
+mapmod=collision,49,43,2
+mapmod=object,51,42,152
+power=18
+power_path=47,44,47,44
+shakycam=60
+
+[event]
+# Trigger Explosive Right Side
+type=run_once
+location=53,40,1,10
+requires_not=lb_explosive_detonated
+requires_status=lb_explosive_set
+set_status=lb_explosive_detonated
+mapmod=object,47,44,0
+power=18
+power_path=47,44,47,44
+shakycam=60
+
+[event]
+# Persist Explosion
+type=run_once
+location=35,70,4,5
+requires_status=lb_explosive_detonated
+mapmod=object,47,44,0
+mapmod=object,47,43,0
+mapmod=collision,47,43,2
+mapmod=object,47,42,0
+mapmod=collision,47,42,2
+mapmod=object,46,43,0
+mapmod=collision,46,43,2
+mapmod=object,46,44,0
+mapmod=collision,46,44,2
+mapmod=object,45,44,0
+mapmod=collision,45,44,2
+mapmod=object,46,42,0
+mapmod=collision,46,42,2
+mapmod=object,45,43,80
+mapmod=collision,45,43,1
+mapmod=object,47,41,80
+#mapmod=collision,45,43,1
+mapmod=object,45,42,68
+mapmod=collison,45,42,1
+mapmod=object,46,41,69
+mapmod=collison,46,41,1
+mapmod=object,45,41,76
+mapmod=collison,45,41,1
+mapmod=object,48,43,0
+mapmod=collision,48,43,0
+mapmod=object,48,44,0
+mapmod=collision,48,44,0
+mapmod=object,46,45,0
+mapmod=collision,46,45,0
+mapmod=object,49,40,0
+mapmod=collision,49,40,2
+mapmod=object,46,39,0
+mapmod=collision,46,39,2
+mapmod=object,48,40,150
+mapmod=collision,48,40,0
+mapmod=object,48,39,151
+mapmod=collision,48,39,0
+mapmod=collision,49,39,0
+mapmod=object,48,38,151
+mapmod=collision,48,38,0
+mapmod=object,49,37,152
+mapmod=collision,49,37,0
+mapmod=object,48,36,151
+mapmod=collision,48,36,0
+mapmod=object,49,35,152
+mapmod=collision,49,35,0
+mapmod=object,47,38,150
+mapmod=collision,47,38,0
+mapmod=object,45,46,150
+mapmod=collision,45,46,2
+mapmod=object,48,45,152
+mapmod=collision,48,45,2
+mapmod=object,49,44,150
+mapmod=collision,49,44,2
+mapmod=object,49,43,151
+mapmod=collision,49,43,2
+mapmod=object,51,42,152
+
+[event]
+# Persist Explosion
+type=run_once
+location=3,35,4,5
+requires_status=lb_explosive_detonated
+mapmod=object,47,44,0
+mapmod=object,47,43,0
+mapmod=collision,47,43,2
+mapmod=object,47,42,0
+mapmod=collision,47,42,2
+mapmod=object,46,43,0
+mapmod=collision,46,43,2
+mapmod=object,46,44,0
+mapmod=collision,46,44,2
+mapmod=object,45,44,0
+mapmod=collision,45,44,2
+mapmod=object,46,42,0
+mapmod=collision,46,42,2
+mapmod=object,45,43,80
+mapmod=collision,45,43,1
+mapmod=object,47,41,80
+#mapmod=collision,45,43,1
+mapmod=object,45,42,68
+mapmod=collison,45,42,1
+mapmod=object,46,41,69
+mapmod=collison,46,41,1
+mapmod=object,45,41,76
+mapmod=collison,45,41,1
+mapmod=object,48,43,0
+mapmod=collision,48,43,0
+mapmod=object,48,44,0
+mapmod=collision,48,44,0
+mapmod=object,46,45,0
+mapmod=collision,46,45,0
+mapmod=object,49,40,0
+mapmod=collision,49,40,2
+mapmod=object,46,39,0
+mapmod=collision,46,39,2
+mapmod=object,48,40,150
+mapmod=collision,48,40,0
+mapmod=object,48,39,151
+mapmod=collision,48,39,0
+mapmod=collision,49,39,0
+mapmod=object,48,38,151
+mapmod=collision,48,38,0
+mapmod=object,49,37,152
+mapmod=collision,49,37,0
+mapmod=object,48,36,151
+mapmod=collision,48,36,0
+mapmod=object,49,35,152
+mapmod=collision,49,35,0
+mapmod=object,47,38,150
+mapmod=collision,47,38,0
+mapmod=object,45,46,150
+mapmod=collision,45,46,2
+mapmod=object,48,45,152
+mapmod=collision,48,45,2
+mapmod=object,49,44,150
+mapmod=collision,49,44,2
+mapmod=object,49,43,151
+mapmod=collision,49,43,2
+mapmod=object,51,42,152
+
+[event]
+# Persist Explosion
+type=run_once
+location=29,4,7,4
+requires_status=lb_explosive_detonated
+mapmod=object,47,44,0
+mapmod=object,47,43,0
+mapmod=collision,47,43,2
+mapmod=object,47,42,0
+mapmod=collision,47,42,2
+mapmod=object,46,43,0
+mapmod=collision,46,43,2
+mapmod=object,46,44,0
+mapmod=collision,46,44,2
+mapmod=object,45,44,0
+mapmod=collision,45,44,2
+mapmod=object,46,42,0
+mapmod=collision,46,42,2
+mapmod=object,45,43,80
+mapmod=collision,45,43,1
+mapmod=object,47,41,80
+#mapmod=collision,45,43,1
+mapmod=object,45,42,68
+mapmod=collison,45,42,1
+mapmod=object,46,41,69
+mapmod=collison,46,41,1
+mapmod=object,45,41,76
+mapmod=collison,45,41,1
+mapmod=object,48,43,0
+mapmod=collision,48,43,0
+mapmod=object,48,44,0
+mapmod=collision,48,44,0
+mapmod=object,46,45,0
+mapmod=collision,46,45,0
+mapmod=object,49,40,0
+mapmod=collision,49,40,2
+mapmod=object,46,39,0
+mapmod=collision,46,39,2
+mapmod=object,48,40,150
+mapmod=collision,48,40,0
+mapmod=object,48,39,151
+mapmod=collision,48,39,0
+mapmod=collision,49,39,0
+mapmod=object,48,38,151
+mapmod=collision,48,38,0
+mapmod=object,49,37,152
+mapmod=collision,49,37,0
+mapmod=object,48,36,151
+mapmod=collision,48,36,0
+mapmod=object,49,35,152
+mapmod=collision,49,35,0
+mapmod=object,47,38,150
+mapmod=collision,47,38,0
+mapmod=object,45,46,150
+mapmod=collision,45,46,2
+mapmod=object,48,45,152
+mapmod=collision,48,45,2
+mapmod=object,49,44,150
+mapmod=collision,49,44,2
+mapmod=object,49,43,151
+mapmod=collision,49,43,2
+mapmod=object,51,42,152
+
 [enemygroup]
 # 6-10 Undead
 type=undead
 location=35,46,10,11
-level=3,6
+level=5,8
 number=6,10
 
 [enemygroup]
 # 5-8 Undead
 type=undead
 location=45,42,10,8
-level=3,6
+level=5,8
 number=5,8
 
 [enemygroup]
 # 5-8 Undead
 type=undead
-location=27,45,8,8
-level=3,6
+location=24,43,10,10
+level=5,8
 number=5,8
 
 [enemygroup]
 # 5-6 Undead
 type=undead
-location=37,12,7,8
+location=30,11,14,8
 level=4,7
 number=5,6
 
diff --git a/mods/living_bones/maps/cave_of_living_bones3.txt b/mods/living_bones/maps/cave_of_living_bones3.txt
index dfa691020d4d6193a3fe7fc1e9c7921de894e7d8..f95154b9979dd1b143abae80fa8babdc4ab026f5 100644
--- a/mods/living_bones/maps/cave_of_living_bones3.txt
+++ b/mods/living_bones/maps/cave_of_living_bones3.txt
@@ -113,17 +113,47 @@ type=teleport
 location=48,17,1,4
 intermap=cave_of_living_bones2.txt,3,38
 
+[event]
+# Crate of Blasting Powder
+type=run_once
+location=6,6,1,1
+hotspot=-16,-30,32,36
+mapmod=object,6,6,0
+mapmod=collision,6,6,0
+set_status=lb_has_explosive
+tooltip=Crate of Blasting Powder
+
+[event]
+# Barrel
+type=run_once
+location=5,6,1,1
+hotspot=-16,-36,32,44
+loot=random,6,7,7
+mapmod=object,5,6,178
+soundfx=soundfx/wood_open.ogg
+tooltip=Barrel
+
+[event]
+# Barrel
+type=run_once
+location=3,18,1,1
+hotspot=-16,-36,32,44
+loot=random,4,19,7
+mapmod=object,3,18,178
+soundfx=soundfx/wood_open.ogg
+tooltip=Barrel
+
 [enemygroup]
 # Guard the Explosives
 type=undead
 location=5,7,6,17
-level=4,7
+level=6,8
 number=5,7
 
 [enemygroup]
 # Various Enemies
 type=undead
 location=11,8,26,17
-level=4,7
+level=6,8
 number=7,10
 
diff --git a/mods/living_bones/quests/index.txt b/mods/living_bones/quests/index.txt
new file mode 100644
index 0000000000000000000000000000000000000000..ce0a704b70c288c6f4537c4479e82bef345e8df7
--- /dev/null
+++ b/mods/living_bones/quests/index.txt
@@ -0,0 +1 @@
+living_bones.txt
diff --git a/mods/living_bones/quests/living_bones.txt b/mods/living_bones/quests/living_bones.txt
new file mode 100644
index 0000000000000000000000000000000000000000..55945411b6ee1818989118121ad297da8adeb43e
--- /dev/null
+++ b/mods/living_bones/quests/living_bones.txt
@@ -0,0 +1,19 @@
+############################
+# Living Bones quest chain #
+############################
+
+[quest]
+requires_status=lb_destroy_pillar
+requires_not=lb_has_explosive
+quest_text=Find a way to destroy the large pillar near the lake.
+
+[quest]
+requires_status=lb_has_explosive
+requires_not=lb_explosive_set
+quest_text=Use the blasting powder you found to destroy the large pillar.
+
+[quest]
+requires_status=lb_explosive_set
+requires_not=lb_explosive_detonated
+quest_text=Run! You don't want to be caught in the blast of your own explosion!
+
