diff --git a/mods/empyrean_campaign/maps/arrival.txt b/mods/empyrean_campaign/maps/arrival.txt
index b3b0be11ec44c4d9d226e5773f18840fe9c9a8b9..38a0272f49665e288a0eb5d731de752547cd6859 100644
--- a/mods/empyrean_campaign/maps/arrival.txt
+++ b/mods/empyrean_campaign/maps/arrival.txt
@@ -4,6 +4,7 @@ height=40
 tilewidth=64
 tileheight=32
 orientation=isometric
+background_color=0,0,0,255
 hero_pos=20,20
 music=music/wind_ambient.ogg
 tileset=tilesetdefs/tileset_grassland.txt
@@ -127,7 +128,7 @@ data=
 3,3,3,3,1,0,0,0,0,1,1,1,0,3,0,2,2,2,2,2,2,2,2,2,2,2,0,0,0,3,1,1,1,1,1,0,0,1,3,3,
 3,3,3,3,1,1,0,0,0,1,1,1,0,0,0,2,3,2,0,0,2,2,2,2,2,2,2,0,0,3,0,1,1,1,1,0,0,1,1,3,
 3,3,3,3,3,1,0,0,0,0,0,4,0,0,0,0,0,0,0,0,0,3,2,2,2,2,2,0,0,0,0,1,1,1,1,0,0,0,1,3,
-3,3,3,3,3,1,0,0,0,0,0,0,0,0,0,0,0,0,0,2,0,0,0,3,2,2,2,0,0,0,0,1,1,1,1,0,0,0,1,3,
+3,3,3,3,3,1,0,0,0,0,0,0,0,0,0,0,0,0,0,0,0,0,0,3,2,2,2,0,0,0,0,1,1,1,1,0,0,0,1,3,
 3,3,3,3,1,1,0,3,0,0,0,0,0,0,0,0,0,0,0,0,0,0,0,0,2,2,2,0,0,1,1,1,1,1,1,0,0,1,1,3,
 3,3,3,3,1,0,0,0,0,0,0,0,0,0,2,2,2,0,0,0,0,0,0,0,2,2,2,0,0,1,1,1,1,1,1,0,0,1,3,3,
 3,3,3,3,1,0,3,0,0,0,0,0,0,0,2,2,2,0,0,0,0,0,0,0,2,2,0,0,0,1,1,1,1,1,3,0,0,1,3,3,
diff --git a/mods/empyrean_campaign/maps/goblin_camp.txt b/mods/empyrean_campaign/maps/goblin_camp.txt
index ad1688b6a61c0e1416a16a8792a73d422256ccf8..c7c053cb4804f400cd1aa748cb39c08fdb63e2c7 100644
--- a/mods/empyrean_campaign/maps/goblin_camp.txt
+++ b/mods/empyrean_campaign/maps/goblin_camp.txt
@@ -4,6 +4,7 @@ height=60
 tilewidth=64
 tileheight=32
 orientation=isometric
+background_color=0,0,0,255
 hero_pos=5,2
 music=music/overworld_theme.ogg
 tileset=tilesetdefs/tileset_grassland.txt
@@ -186,7 +187,7 @@ data=
 3,3,3,3,3,3,3,3,1,1,1,1,1,2,2,2,1,1,3,3,3,3,3,1,1,0,0,0,2,2,2,2,2,2,2,2,0,2,2,2,2,2,2,2,2,2,1,0,0,0,0,0,0,0,0,1,1,3,3,3,
 3,3,3,3,3,3,3,3,3,3,3,3,3,1,1,2,2,1,1,1,3,3,1,1,0,0,0,0,2,2,2,2,2,2,2,2,0,2,2,2,2,2,2,2,2,2,1,0,0,0,0,0,0,0,0,0,1,3,3,3,
 3,3,3,3,3,3,3,3,3,3,3,3,3,1,2,2,2,2,2,1,1,1,1,0,0,0,0,0,2,2,2,2,2,2,2,2,0,0,0,0,0,0,0,0,0,0,0,0,0,0,0,0,0,0,1,0,1,1,3,3,
-3,3,3,3,3,3,3,3,3,3,3,3,3,1,2,2,2,2,2,0,4,297,0,0,0,0,0,0,0,2,2,2,2,2,2,2,0,0,0,0,0,0,0,0,0,0,0,0,0,0,0,0,0,0,0,0,0,1,3,3,
+3,3,3,3,3,3,3,3,3,3,3,3,3,1,2,2,2,2,2,0,4,0,0,0,0,0,0,0,0,2,2,2,2,2,2,2,0,0,0,0,0,0,0,0,0,0,0,0,0,0,0,0,0,0,0,0,0,1,3,3,
 3,3,3,3,3,3,3,3,3,3,3,3,3,1,1,2,2,2,2,0,0,0,0,0,0,0,0,0,1,2,2,2,2,2,2,2,0,2,2,2,2,2,2,2,2,2,0,0,0,0,0,4,0,0,0,0,0,1,1,3,
 3,3,3,3,3,3,3,3,3,3,3,3,3,3,1,2,2,2,2,2,0,0,0,0,0,0,0,0,1,2,2,2,2,2,2,0,0,0,0,2,2,2,2,2,2,2,1,0,0,0,0,0,0,0,4,4,0,0,1,1,
 3,3,3,3,3,3,3,3,3,3,3,3,3,3,1,2,2,2,2,2,2,0,2,2,4,4,0,2,2,2,2,2,0,1,0,0,0,0,0,0,2,2,2,2,2,2,2,2,0,0,0,0,0,0,4,0,0,0,0,1,
@@ -421,14 +422,6 @@ requires_not_status=emp_stormrock_key;emp_stormrock_door
 requires_status=emp_stormrock_search
 tooltip=Gravestone
 
-[event]
-# clear Abasi's collision tile
-type=event
-location=19,32,1,1
-activate=on_load
-mapmod=collision,21,35,0
-requires_status=emp_abasi_2
-
 [enemy]
 type=enemy
 location=2,22,5,8
diff --git a/mods/empyrean_campaign/maps/grot_lagoon.txt b/mods/empyrean_campaign/maps/grot_lagoon.txt
index 397fa7ceaf34508197494f9162f2961e532b9278..e0f52cc4b803dbf834825181b2241bd9f1ab5cb4 100644
--- a/mods/empyrean_campaign/maps/grot_lagoon.txt
+++ b/mods/empyrean_campaign/maps/grot_lagoon.txt
@@ -673,7 +673,7 @@ data=
 3,3,3,3,3,3,3,3,3,3,3,3,3,3,3,3,3,3,3,3,3,1,0,0,0,0,0,0,0,0,0,2,2,2,2,2,2,2,2,2,2,0,0,0,1,0,0,0,0,0,0,0,0,0,0,0,0,0,2,2,2,2,2,2,2,2,0,0,0,0,0,0,0,0,0,0,0,0,0,0,0,0,0,0,0,0,0,0,0,0,0,0,0,0,0,0,1,3,3,3,3,3,3,3,3,3,3,3,3,3,3,3,
 3,3,3,3,3,3,3,3,3,3,3,3,3,3,3,3,3,3,3,3,3,1,4,0,0,0,0,0,0,0,0,2,2,2,2,2,2,2,2,2,0,0,0,0,0,0,0,0,0,0,0,0,0,0,0,1,0,2,2,2,2,2,2,2,2,4,0,0,0,0,0,0,0,0,0,0,0,1,0,0,0,0,0,0,0,0,0,0,0,0,0,0,0,0,0,0,1,3,3,3,3,3,3,3,3,3,3,3,3,3,3,3,
 3,3,3,3,3,3,3,3,3,3,3,3,3,3,3,3,3,3,3,3,3,1,4,0,0,0,0,0,0,0,0,2,2,2,2,2,2,2,2,2,0,1,0,0,0,0,0,0,1,0,0,0,0,0,0,0,2,2,2,2,2,2,2,2,0,0,0,0,0,0,0,0,0,0,0,0,0,4,0,0,0,0,0,0,0,0,0,0,0,0,0,0,1,0,0,0,1,3,3,3,3,3,3,3,3,3,3,3,3,3,3,3,
-3,3,3,3,3,3,3,3,3,3,3,3,3,3,3,3,3,3,3,3,3,1,0,0,0,0,0,0,0,0,0,2,2,2,2,2,2,2,2,2,0,0,2,0,0,0,0,0,0,0,0,2,2,2,2,2,2,2,2,2,2,2,2,0,0,0,0,0,0,0,0,0,0,0,0,0,0,4,0,0,1,1,1,1,1,1,1,1,1,1,1,1,0,0,0,0,1,3,3,3,3,3,3,3,3,3,3,3,3,3,3,3,
+3,3,3,3,3,3,3,3,3,3,3,3,3,3,3,3,3,3,3,3,3,1,0,0,0,0,0,0,0,0,0,2,2,2,2,2,2,2,2,2,0,0,0,0,0,0,0,0,0,0,0,2,2,2,2,2,2,2,2,2,2,2,2,0,0,0,0,0,0,0,0,0,0,0,0,0,0,4,0,0,1,1,1,1,1,1,1,1,1,1,1,1,0,0,0,0,1,3,3,3,3,3,3,3,3,3,3,3,3,3,3,3,
 3,3,3,3,3,3,3,3,3,3,3,3,3,3,3,3,3,3,3,3,1,1,0,0,0,0,0,0,0,0,4,2,2,2,2,2,2,2,2,2,2,0,0,0,0,1,2,2,2,2,2,2,2,2,2,2,2,2,2,2,2,2,2,0,0,1,0,0,0,0,0,0,0,0,0,0,0,1,1,1,1,3,3,3,3,3,3,3,3,3,3,1,1,1,1,1,1,3,3,3,3,3,3,3,3,3,3,3,3,3,3,3,
 3,3,3,3,3,3,3,3,3,3,3,3,3,3,3,3,3,3,3,3,1,0,0,0,0,0,0,0,0,0,4,2,2,2,2,2,2,2,2,2,2,0,1,2,2,2,2,2,2,2,2,2,2,2,2,2,2,2,2,2,2,2,1,1,0,0,0,0,0,0,0,0,0,0,0,0,1,1,3,3,3,3,3,3,3,3,3,3,3,3,3,3,3,3,3,3,3,3,3,3,3,3,3,3,3,3,3,3,3,3,3,3,
 3,3,3,3,3,3,3,3,3,3,3,3,3,3,3,3,3,3,3,3,1,0,0,0,0,0,0,0,1,0,2,2,2,2,2,2,2,2,2,2,2,2,2,2,2,2,2,2,2,2,2,2,2,2,2,2,2,2,2,2,2,2,1,1,0,0,0,0,0,0,0,0,0,0,0,1,1,3,3,3,3,3,3,3,3,3,3,3,3,3,3,3,3,3,3,3,3,3,3,3,3,3,3,3,3,3,3,3,3,3,3,3,
diff --git a/mods/empyrean_campaign/maps/halls_of_infinity.txt b/mods/empyrean_campaign/maps/halls_of_infinity.txt
index 9b0a275f2cb524da0c00f00988465ffb6e364c8a..40cb7d8cb5d342420e0c8031c0b9e88ebcbfbdf8 100644
--- a/mods/empyrean_campaign/maps/halls_of_infinity.txt
+++ b/mods/empyrean_campaign/maps/halls_of_infinity.txt
@@ -161,7 +161,7 @@ data=
 0,1,0,0,0,0,2,4,4,4,4,4,4,4,4,4,4,2,0,0,0,0,1,0,
 0,1,0,0,0,0,2,4,4,2,2,2,2,2,2,4,4,2,0,0,0,0,1,0,
 0,1,0,0,0,0,2,4,4,2,3,0,0,3,2,4,4,2,0,0,0,0,1,0,
-0,1,0,0,0,0,2,4,4,2,0,4,0,0,2,4,4,2,0,0,0,0,1,0,
+0,1,0,0,0,0,2,4,4,2,0,0,0,0,2,4,4,2,0,0,0,0,1,0,
 0,1,0,0,0,0,2,4,4,2,0,0,0,0,2,4,4,2,0,0,0,0,1,0,
 0,1,0,0,0,0,2,2,2,2,0,0,0,0,2,2,2,2,0,0,0,0,1,0,
 0,1,0,0,0,4,0,0,0,0,0,0,0,0,0,0,0,0,4,0,0,0,1,0,
diff --git a/mods/empyrean_campaign/maps/lake_kuuma.txt b/mods/empyrean_campaign/maps/lake_kuuma.txt
index 306b0fca8603fef78f1585dbf2182101691ab754..f096480236a04138c3b7fad4a9ac386d0e465869 100644
--- a/mods/empyrean_campaign/maps/lake_kuuma.txt
+++ b/mods/empyrean_campaign/maps/lake_kuuma.txt
@@ -784,7 +784,7 @@ data=
 3,3,3,3,3,3,3,3,3,3,3,3,3,3,3,3,3,3,3,3,1,1,4,0,0,0,0,0,0,0,0,0,0,0,0,0,0,0,0,0,1,1,1,1,1,2,2,2,2,2,2,2,2,2,2,2,2,2,2,2,2,2,2,2,2,2,2,2,2,2,0,4,1,1,1,4,4,0,0,0,0,2,2,2,2,2,2,2,2,2,2,2,2,2,2,2,2,2,2,2,2,0,0,0,0,0,0,0,0,0,0,1,3,3,3,3,3,3,3,3,3,3,3,3,3,3,3,3,3,3,3,3,
 3,3,3,3,3,3,3,3,3,3,3,3,3,3,3,3,3,3,3,3,1,0,1,0,0,0,0,0,0,0,0,0,0,0,0,0,0,0,0,0,0,0,1,4,1,4,4,0,4,4,2,2,2,2,2,2,2,2,2,2,2,2,2,2,2,0,0,0,0,0,0,0,0,0,0,0,0,0,0,0,0,0,2,2,2,2,2,2,2,2,2,2,4,4,4,1,2,2,2,2,2,0,0,0,0,0,0,0,0,0,0,1,3,3,3,3,3,3,3,3,3,3,3,3,3,3,3,3,3,3,3,3,
 3,3,3,3,3,3,3,3,3,3,3,3,3,3,3,3,3,3,3,3,1,4,0,0,0,0,0,0,0,0,0,0,0,0,0,0,0,0,0,0,0,0,0,0,0,0,0,0,0,0,0,2,2,2,2,2,2,2,2,2,2,2,2,2,2,2,2,2,2,2,0,0,0,0,0,0,0,0,0,0,0,0,1,2,2,2,2,2,2,0,4,0,0,0,0,0,0,2,2,2,2,0,0,0,0,0,0,0,0,0,0,1,3,3,3,3,3,3,3,3,3,3,3,3,3,3,3,3,3,3,3,3,
-3,3,3,3,3,3,3,3,3,3,3,3,3,3,3,3,3,3,3,3,1,4,0,0,0,0,0,0,0,0,0,0,0,0,0,0,0,0,0,0,0,0,0,0,0,0,0,0,0,0,0,0,2,2,2,2,2,2,2,2,2,2,2,2,2,2,2,2,2,2,0,0,2,0,0,0,0,0,0,0,0,0,0,2,2,2,2,2,0,0,1,0,0,0,0,0,0,0,0,0,0,1,0,0,0,0,0,0,0,0,0,1,3,3,3,3,3,3,3,3,3,3,3,3,3,3,3,3,3,3,3,3,
+3,3,3,3,3,3,3,3,3,3,3,3,3,3,3,3,3,3,3,3,1,4,0,0,0,0,0,0,0,0,0,0,0,0,0,0,0,0,0,0,0,0,0,0,0,0,0,0,0,0,0,0,2,2,2,2,2,2,2,2,2,2,2,2,2,2,2,2,2,2,0,0,0,0,0,0,0,0,0,0,0,0,0,2,2,2,2,2,0,0,1,0,0,0,0,0,0,0,0,0,0,1,0,0,0,0,0,0,0,0,0,1,3,3,3,3,3,3,3,3,3,3,3,3,3,3,3,3,3,3,3,3,
 3,3,3,3,3,3,3,3,3,3,3,3,3,3,3,3,3,3,3,3,1,0,0,0,0,0,0,0,0,0,0,0,4,0,0,0,0,0,0,0,0,0,0,0,0,0,0,0,0,0,0,0,0,0,2,2,2,2,2,2,2,2,2,2,2,2,2,2,2,2,2,4,0,0,0,0,0,0,0,0,0,0,0,0,0,0,0,0,0,0,0,0,0,0,0,0,0,0,0,0,0,0,0,0,0,0,0,0,0,0,0,1,3,3,3,3,3,3,3,3,3,3,3,3,3,3,3,3,3,3,3,3,
 3,3,3,3,3,3,3,3,3,3,3,3,3,3,3,3,3,3,3,3,1,4,0,0,0,0,0,0,0,0,0,0,1,4,0,0,0,0,0,0,0,0,0,0,0,0,0,0,0,0,0,0,0,0,1,2,2,2,2,2,2,2,2,2,2,2,2,2,2,2,2,0,0,0,0,4,0,0,0,0,0,0,0,0,0,0,0,0,0,0,0,4,0,0,0,0,0,0,0,0,0,0,0,0,0,0,0,0,0,0,0,1,3,3,3,3,3,3,3,3,3,3,3,3,3,3,3,3,3,3,3,3,
 3,3,3,3,3,3,3,3,3,3,3,3,3,3,3,3,3,3,3,3,1,4,0,0,0,0,0,0,1,1,1,1,1,1,0,0,0,0,0,0,0,0,0,0,1,4,0,0,0,0,0,0,0,0,0,0,0,2,2,2,2,2,2,2,2,2,2,2,2,2,2,2,0,4,0,0,0,0,0,0,1,0,0,2,2,2,2,2,0,0,0,0,0,0,0,4,0,0,0,0,0,0,0,0,0,0,0,0,0,0,0,1,3,3,3,3,3,3,3,3,3,3,3,3,3,3,3,3,3,3,3,3,
diff --git a/mods/empyrean_campaign/maps/nazia_highlands.txt b/mods/empyrean_campaign/maps/nazia_highlands.txt
index 0e15463b8a22b016ccdc6fb69c5350a13a305896..e9e02b0ab5230d2f866925a0613de8511efc41de 100644
--- a/mods/empyrean_campaign/maps/nazia_highlands.txt
+++ b/mods/empyrean_campaign/maps/nazia_highlands.txt
@@ -4,6 +4,7 @@ height=80
 tilewidth=64
 tileheight=32
 orientation=isometric
+background_color=0,0,0,255
 hero_pos=69,9
 music=music/overworld_theme.ogg
 tileset=tilesetdefs/tileset_grassland.txt
@@ -261,7 +262,7 @@ data=
 3,3,3,3,3,3,3,3,3,3,3,3,3,3,3,3,3,3,3,3,3,3,3,3,3,3,3,3,3,3,3,3,3,3,3,3,3,3,3,3,3,3,3,3,3,3,3,3,3,3,3,3,3,1,1,2,2,2,2,0,0,4,4,0,0,0,0,0,0,0,0,0,0,1,1,3,3,3,3,3,
 3,3,3,3,3,3,3,3,3,3,3,3,3,3,3,3,3,3,3,3,3,3,3,3,3,3,3,3,3,3,3,3,3,3,3,3,3,3,3,3,3,3,3,3,3,3,3,3,3,3,3,3,3,1,2,2,2,2,2,0,0,4,0,0,0,0,0,0,0,0,0,0,1,1,3,3,3,3,3,3,
 3,3,3,3,3,3,3,3,3,3,3,3,3,3,3,3,3,3,3,3,3,3,3,3,3,3,3,3,3,3,3,3,3,3,3,3,3,3,3,3,3,3,3,3,3,3,3,3,3,3,3,3,3,1,2,2,2,2,0,0,0,0,0,0,0,0,0,0,0,0,0,1,1,3,3,3,3,3,3,3,
-3,3,3,3,3,3,3,3,3,3,3,3,3,3,3,3,3,3,3,3,3,3,3,3,3,3,3,3,3,3,3,3,3,3,3,3,3,3,3,3,3,3,3,3,3,3,3,3,3,3,3,3,3,1,1,4,4,0,0,0,0,0,2,0,4,0,0,0,0,0,1,1,3,3,3,3,3,3,3,3,
+3,3,3,3,3,3,3,3,3,3,3,3,3,3,3,3,3,3,3,3,3,3,3,3,3,3,3,3,3,3,3,3,3,3,3,3,3,3,3,3,3,3,3,3,3,3,3,3,3,3,3,3,3,1,1,4,4,0,0,0,0,0,0,0,4,0,0,0,0,0,1,1,3,3,3,3,3,3,3,3,
 3,3,3,3,3,3,3,3,3,3,3,3,3,3,3,3,3,3,3,3,3,3,3,3,3,3,3,3,3,3,3,3,3,3,3,3,3,3,3,3,3,3,3,3,3,3,3,3,3,3,3,3,3,1,1,1,0,0,0,0,0,0,0,0,0,0,0,0,0,1,1,3,3,3,3,3,3,3,3,3,
 3,3,3,3,3,3,3,3,3,3,3,3,3,3,3,3,3,3,3,3,3,3,3,3,3,3,3,3,3,3,3,3,3,3,3,3,3,3,3,3,3,3,3,3,3,3,3,3,3,3,3,3,3,3,3,1,1,1,0,0,0,0,0,0,0,0,0,0,1,1,3,3,3,3,3,3,3,3,3,3,
 3,3,3,3,3,3,3,3,3,3,3,3,3,3,3,3,3,3,3,3,3,3,3,3,3,3,3,3,3,3,3,3,3,3,3,3,3,3,3,3,3,3,3,3,3,3,3,3,3,3,3,3,3,3,3,3,3,1,1,1,1,0,0,0,0,0,1,1,1,3,3,3,3,3,3,3,3,3,3,3,
diff --git a/mods/empyrean_campaign/maps/perdition_harbor.txt b/mods/empyrean_campaign/maps/perdition_harbor.txt
index 79b422aa8b419de2ed0726ee6b91ea42a5d3192d..14bf167316439da35ab9ee7831393fb83a17f52a 100644
--- a/mods/empyrean_campaign/maps/perdition_harbor.txt
+++ b/mods/empyrean_campaign/maps/perdition_harbor.txt
@@ -4,6 +4,7 @@ height=40
 tilewidth=64
 tileheight=32
 orientation=isometric
+background_color=238,238,238,255
 hero_pos=2,24
 music=music/unrest_theme.ogg
 tileset=tilesetdefs/tileset_grassland.txt
@@ -117,12 +118,12 @@ data=
 3,1,1,0,0,0,0,0,0,0,0,2,2,2,2,2,2,0,0,0,0,0,4,0,0,0,0,1,1,3,3,3,3,3,3,3,3,3,3,3,
 3,1,4,0,1,0,1,1,1,0,0,0,0,0,0,0,0,0,0,0,0,0,0,0,0,0,0,0,1,1,3,3,3,3,3,3,3,3,3,3,
 1,1,0,0,0,4,1,1,1,0,0,0,0,0,0,0,0,0,0,0,0,0,4,0,0,0,0,0,0,1,3,3,3,3,3,3,3,3,3,3,
-1,0,1,0,0,0,0,0,0,0,0,0,2,2,2,2,2,2,0,0,0,1,4,0,0,2,0,0,0,1,1,3,3,3,3,3,3,3,3,3,
+1,0,1,0,0,0,0,0,0,0,0,0,2,2,2,2,2,2,0,0,0,1,4,0,0,0,0,0,0,1,1,3,3,3,3,3,3,3,3,3,
 1,1,0,0,0,4,0,0,0,0,0,0,0,2,2,2,2,2,2,0,0,4,4,0,0,0,0,0,4,0,1,1,1,1,3,3,3,3,3,3,
 1,1,0,0,1,1,0,0,0,0,0,0,0,2,2,2,2,2,2,0,0,0,4,0,0,0,0,0,4,0,0,0,4,1,1,3,3,3,3,3,
 3,1,0,0,1,1,0,0,0,4,0,0,4,4,2,2,2,2,2,0,0,0,0,4,4,0,0,4,4,0,0,0,4,0,1,1,3,3,3,3,
 3,1,1,4,1,1,0,0,0,0,0,0,4,0,2,2,2,2,2,0,0,0,0,0,0,0,0,0,0,0,0,0,4,0,0,1,3,3,3,3,
-3,3,1,1,0,0,0,0,2,0,0,0,0,0,2,2,2,2,2,0,0,0,0,0,0,0,0,0,0,0,0,0,4,0,0,1,3,3,3,3,
+3,3,1,1,0,0,0,0,0,0,0,0,0,0,2,2,2,2,2,0,0,0,0,0,0,0,0,0,0,0,0,0,4,0,0,1,3,3,3,3,
 3,3,3,1,0,0,0,0,4,0,0,0,0,2,2,2,2,2,2,0,0,0,0,0,0,0,0,0,0,0,0,0,4,0,0,1,1,1,3,3,
 3,3,3,1,0,0,0,0,0,0,0,0,0,2,2,2,2,2,2,2,0,0,0,0,0,0,0,0,0,0,0,0,1,0,0,0,0,1,1,3,
 3,3,3,1,1,0,0,0,0,0,0,2,2,2,2,2,2,2,2,2,0,0,0,0,0,0,0,0,0,0,0,0,0,0,0,0,0,0,1,3,
diff --git a/mods/empyrean_campaign/maps/st_maria_2.txt b/mods/empyrean_campaign/maps/st_maria_2.txt
index 3828eddc355213d41e42d794de4583e52496e090..013dd046c2ac1eb3913f4e3879ebd9ed04cf9b8a 100644
--- a/mods/empyrean_campaign/maps/st_maria_2.txt
+++ b/mods/empyrean_campaign/maps/st_maria_2.txt
@@ -4,6 +4,7 @@ height=70
 tilewidth=64
 tileheight=32
 orientation=isometric
+background_color=0,0,0,255
 hero_pos=33,7
 music=music/dungeon_theme.ogg
 tileset=tilesetdefs/tileset_dungeon.txt
@@ -192,7 +193,7 @@ data=
 3,3,1,0,0,0,0,0,0,0,0,1,3,3,3,3,3,3,1,1,1,1,1,1,1,0,0,0,0,0,0,1,1,1,1,0,0,0,0,0,0,1,1,1,1,1,1,1,3,3,1,0,0,0,0,1,3,3,3,3,3,3,1,0,0,0,0,1,3,3,
 3,3,1,0,0,0,0,1,1,1,1,1,3,3,3,3,3,3,1,4,0,0,0,1,1,0,0,0,0,0,0,1,3,3,1,0,0,0,0,0,0,1,1,0,0,0,0,1,3,3,1,4,4,4,0,1,3,3,3,3,3,3,1,4,0,0,4,1,3,3,
 3,3,1,0,0,0,0,1,3,3,3,3,3,3,3,3,3,3,1,4,0,0,0,1,1,0,0,0,0,0,0,1,3,3,1,0,0,0,0,0,0,1,1,0,0,0,0,1,3,3,1,0,0,0,0,1,3,3,3,3,3,3,1,3,0,0,3,1,3,3,
-3,3,1,0,0,0,0,1,3,3,3,3,3,3,3,3,3,3,1,0,2,0,0,1,1,0,0,0,0,0,0,1,3,3,1,0,0,0,0,0,0,1,1,0,0,0,0,1,3,3,1,0,0,0,0,1,3,3,3,3,3,3,1,0,0,0,4,1,3,3,
+3,3,1,0,0,0,0,1,3,3,3,3,3,3,3,3,3,3,1,0,0,0,0,1,1,0,0,0,0,0,0,1,3,3,1,0,0,0,0,0,0,1,1,0,0,0,0,1,3,3,1,0,0,0,0,1,3,3,3,3,3,3,1,0,0,0,4,1,3,3,
 3,3,1,0,1,1,0,1,3,3,3,3,3,3,3,3,3,3,1,0,0,0,0,1,1,0,0,0,0,0,0,1,3,3,1,0,0,0,0,0,0,0,0,0,0,0,0,1,3,3,1,0,0,0,0,1,3,3,3,3,3,3,1,0,0,0,0,1,3,3,
 3,3,1,0,1,1,0,1,3,3,3,3,3,3,3,3,3,3,1,0,0,0,0,1,1,0,0,0,0,0,0,1,3,3,1,0,0,0,0,0,0,1,1,0,0,0,0,1,3,3,1,0,4,4,4,1,3,3,3,3,3,3,1,0,0,0,0,1,3,3,
 3,3,1,0,4,0,0,1,3,3,3,3,3,3,3,3,3,3,1,0,0,0,0,1,1,0,0,0,0,0,0,1,1,1,1,0,0,0,0,0,0,1,1,0,0,0,0,1,3,3,1,0,0,0,0,1,3,3,3,3,3,3,1,4,0,0,0,1,3,3,
diff --git a/mods/empyrean_campaign/maps/st_maria_3.txt b/mods/empyrean_campaign/maps/st_maria_3.txt
index ecdb2c6d76de8dbf4ccadd76eb2dd679a443073d..71c9e21b764e762f83ac1a0db433f4f902d8b15c 100644
--- a/mods/empyrean_campaign/maps/st_maria_3.txt
+++ b/mods/empyrean_campaign/maps/st_maria_3.txt
@@ -4,6 +4,7 @@ height=60
 tilewidth=64
 tileheight=32
 orientation=isometric
+background_color=0,0,0,255
 hero_pos=7,47
 music=music/boss_theme.ogg
 tileset=tilesetdefs/tileset_dungeon.txt
@@ -151,7 +152,7 @@ type=collision
 data=
 4,4,4,4,4,4,0,0,0,0,0,0,0,2,2,2,2,2,2,2,2,0,0,0,0,0,0,0,4,4,4,4,4,4,4,4,4,4,4,4,
 4,4,4,4,4,4,0,4,4,4,2,0,0,0,0,0,0,0,0,0,0,0,0,2,4,4,4,0,4,4,4,4,4,4,4,4,4,4,4,4,
-4,4,4,4,4,4,0,4,4,4,2,0,4,0,0,4,0,3,4,0,0,4,0,2,4,4,4,0,4,4,4,4,4,4,4,4,4,4,4,4,
+4,4,4,4,4,4,0,4,4,4,2,0,4,0,0,4,0,0,4,0,0,4,0,2,4,4,4,0,4,4,4,4,4,4,4,4,4,4,4,4,
 4,4,4,4,4,4,0,4,4,4,2,0,0,0,0,0,0,0,0,0,0,0,0,2,4,4,4,0,4,4,4,4,4,4,4,4,4,4,4,4,
 4,4,2,2,2,2,4,2,2,2,2,4,0,0,0,0,0,0,0,0,0,0,4,2,2,2,2,4,2,2,2,2,4,4,4,4,4,4,4,4,
 4,4,2,4,0,0,0,0,0,0,0,4,4,4,4,4,4,4,4,4,4,4,4,0,0,0,0,0,0,0,4,2,4,4,4,4,4,4,4,4,
diff --git a/mods/empyrean_campaign/maps/stormrock_ruins.txt b/mods/empyrean_campaign/maps/stormrock_ruins.txt
index 5d2812402c5f6d7a00dd35f981ea0dc2832264b1..9f16a04ff04594ddad353f807c29430d5d72f2b7 100644
--- a/mods/empyrean_campaign/maps/stormrock_ruins.txt
+++ b/mods/empyrean_campaign/maps/stormrock_ruins.txt
@@ -303,7 +303,7 @@ data=
 3,3,3,3,3,3,3,3,3,1,4,3,0,0,0,4,1,1,0,0,0,0,0,0,1,0,0,0,0,0,1,3,3,3,3,3,3,3,3,3,3,3,3,3,3,1,1,0,0,1,1,3,3,3,3,3,3,3,3,3,3,1,0,0,0,0,0,0,0,0,0,0,0,0,2,4,4,4,4,4,4,4,4,4,4,2,0,0,0,0,0,0,0,0,0,0,0,0,1,3,
 3,3,3,3,3,3,3,3,3,1,2,2,2,2,2,2,1,1,3,0,0,0,0,0,0,0,0,0,0,0,1,3,3,3,3,3,3,3,3,3,3,1,1,1,1,1,0,0,0,0,1,1,1,1,1,3,3,3,3,3,3,1,0,0,0,0,0,0,0,0,0,0,0,0,2,4,4,4,4,4,4,4,4,4,4,2,0,0,0,0,0,0,0,0,0,0,0,0,1,3,
 3,3,3,3,3,3,3,3,3,1,0,0,0,0,0,0,0,0,0,0,0,0,0,0,0,0,0,0,0,0,1,3,3,3,3,3,3,3,3,3,3,1,0,0,0,0,0,0,0,0,0,0,0,0,1,3,3,3,3,3,3,1,0,0,0,0,2,2,2,2,2,2,2,2,2,4,4,4,4,4,4,4,4,4,4,2,2,2,2,2,2,2,2,2,0,0,0,0,1,3,
-3,3,3,3,3,3,3,3,3,1,0,0,0,0,0,0,0,0,0,0,0,0,0,0,0,0,0,0,0,0,1,3,3,3,3,3,3,3,3,3,3,1,0,2,0,0,0,0,0,0,0,0,0,0,1,3,3,3,3,3,3,1,0,0,0,0,2,4,4,4,4,4,4,4,4,4,4,4,4,4,4,4,4,4,4,4,4,4,4,4,4,4,4,2,0,0,0,0,1,3,
+3,3,3,3,3,3,3,3,3,1,0,0,0,0,0,0,0,0,0,0,0,0,0,0,0,0,0,0,0,0,1,3,3,3,3,3,3,3,3,3,3,1,0,0,0,0,0,0,0,0,0,0,0,0,1,3,3,3,3,3,3,1,0,0,0,0,2,4,4,4,4,4,4,4,4,4,4,4,4,4,4,4,4,4,4,4,4,4,4,4,4,4,4,2,0,0,0,0,1,3,
 3,3,3,3,3,3,3,3,3,1,0,0,0,0,0,0,0,0,0,0,0,0,0,0,0,0,0,0,0,0,1,3,3,3,3,3,3,3,3,3,3,1,0,0,0,4,0,0,0,0,4,0,0,0,1,3,3,3,3,3,3,1,0,0,0,0,2,4,4,4,4,4,4,4,4,4,4,4,4,4,4,4,4,4,4,4,4,4,4,4,4,4,4,2,0,0,0,0,1,3,
 3,3,3,3,3,3,3,3,3,1,0,0,0,0,0,0,0,0,0,0,0,0,0,0,0,0,0,0,0,0,1,3,3,3,3,3,3,3,3,3,3,1,0,0,0,0,2,2,2,2,0,0,0,0,1,3,3,3,3,3,3,1,0,0,0,0,2,4,4,2,2,2,2,2,2,2,2,2,2,2,2,2,2,2,2,2,2,2,2,2,2,4,4,2,0,0,0,0,1,3,
 3,3,3,3,3,3,3,3,3,1,0,0,0,0,1,1,1,1,1,1,1,1,1,1,1,1,1,1,1,1,1,3,3,3,3,3,3,3,3,3,3,1,0,0,0,0,2,2,2,2,0,0,0,0,1,3,3,3,3,3,3,1,0,0,0,0,2,4,4,2,4,0,0,0,0,0,0,0,0,0,0,0,0,0,0,0,0,0,0,4,2,4,4,2,0,0,0,0,1,3,
diff --git a/mods/empyrean_campaign/maps/temple_of_mez_3.txt b/mods/empyrean_campaign/maps/temple_of_mez_3.txt
index 3b6935476dc177ba22672c9e5658932330e987ef..86c318dbafd05830ef32e7634c53bc65973526bf 100644
--- a/mods/empyrean_campaign/maps/temple_of_mez_3.txt
+++ b/mods/empyrean_campaign/maps/temple_of_mez_3.txt
@@ -4,6 +4,7 @@ height=100
 tilewidth=64
 tileheight=32
 orientation=isometric
+background_color=0,0,0,255
 hero_pos=26,31
 music=music/boss_theme.ogg
 parallax_layers=maps/parallax/snow.txt
@@ -616,7 +617,7 @@ data=
 3,3,3,3,3,3,3,3,3,3,3,3,3,3,3,3,3,3,3,3,3,3,3,3,3,3,3,3,3,3,3,3,3,3,3,3,3,3,3,3,3,3,3,3,3,3,3,3,3,3,3,3,3,3,3,3,3,3,3,3,1,0,0,1,0,0,0,0,0,0,0,0,0,0,0,0,0,0,0,0,1,1,3,3,3,3,3,3,3,3,3,3,3,3,3,3,3,3,3,3,
 3,3,3,3,3,3,3,3,3,3,3,3,3,3,3,3,3,3,3,3,3,3,3,3,3,3,3,3,3,3,3,3,3,3,3,3,3,3,3,3,3,3,3,3,3,3,3,3,3,3,3,3,3,3,3,3,3,3,3,3,1,4,0,0,0,0,0,0,0,0,0,0,0,4,4,4,4,1,0,0,0,1,1,3,3,3,3,3,3,3,3,3,3,3,3,3,3,3,3,3,
 3,3,3,3,3,3,3,3,3,3,3,3,3,3,3,3,3,3,3,3,3,3,3,3,3,3,3,3,3,3,3,3,3,3,3,3,3,3,3,3,3,3,3,3,3,3,3,3,3,3,3,3,3,3,3,3,3,3,3,3,1,4,0,0,0,0,0,0,4,0,0,0,0,0,0,4,0,4,0,0,0,0,1,3,3,3,3,3,3,3,3,3,3,3,3,3,3,3,3,3,
-3,3,3,3,3,3,3,3,3,3,3,3,3,3,3,3,3,3,3,3,3,3,3,3,3,3,3,3,3,3,3,3,3,3,3,3,3,3,3,3,3,3,3,3,3,3,3,3,3,3,3,3,3,3,3,3,3,3,3,3,1,4,0,0,0,0,0,2,0,0,0,0,0,0,0,0,0,4,0,0,0,1,1,3,3,3,3,3,3,3,3,3,3,3,3,3,3,3,3,3,
+3,3,3,3,3,3,3,3,3,3,3,3,3,3,3,3,3,3,3,3,3,3,3,3,3,3,3,3,3,3,3,3,3,3,3,3,3,3,3,3,3,3,3,3,3,3,3,3,3,3,3,3,3,3,3,3,3,3,3,3,1,4,0,0,0,0,0,0,0,0,0,0,0,0,0,0,0,4,0,0,0,1,1,3,3,3,3,3,3,3,3,3,3,3,3,3,3,3,3,3,
 3,3,3,3,3,3,3,3,3,3,3,3,3,3,3,3,3,3,3,3,3,3,3,3,3,3,3,3,3,3,3,3,3,3,3,3,3,3,3,3,3,3,3,3,3,3,3,3,3,3,3,3,3,3,3,3,3,3,3,3,1,4,0,0,0,0,4,0,0,0,0,0,0,0,0,0,4,4,0,0,0,0,1,3,3,3,3,3,3,3,3,3,3,3,3,3,3,3,3,3,
 3,3,3,3,3,3,3,3,3,3,3,3,3,3,3,3,3,3,3,3,3,3,3,3,3,3,3,3,3,3,3,3,3,3,3,3,3,3,3,3,3,3,3,3,3,3,3,3,3,3,3,3,3,3,3,3,3,3,3,3,1,1,0,0,0,0,0,0,0,0,0,0,0,0,0,0,0,4,0,0,0,0,1,3,3,3,3,3,3,3,3,3,3,3,3,3,3,3,3,3,
 3,3,3,3,3,3,3,3,3,3,3,3,3,3,3,3,3,3,3,3,3,3,3,3,3,3,3,3,3,3,3,3,3,3,3,3,3,3,3,3,3,3,3,3,3,3,3,3,3,3,3,3,3,3,3,3,3,3,3,3,3,1,0,0,0,0,0,0,0,0,0,0,0,0,4,0,0,4,0,0,0,0,1,3,3,3,3,3,3,3,3,3,3,3,3,3,3,3,3,3,
diff --git a/mods/empyrean_campaign/maps/wizards_tower_3.txt b/mods/empyrean_campaign/maps/wizards_tower_3.txt
index cc88f177bdc2b651cb2200bc3f38779c3501b190..2f115492cd9c49bf93947fe23d453f89622b5830 100644
--- a/mods/empyrean_campaign/maps/wizards_tower_3.txt
+++ b/mods/empyrean_campaign/maps/wizards_tower_3.txt
@@ -290,7 +290,7 @@ data=
 4,4,4,4,4,4,4,4,4,4,4,4,4,4,4,4,4,4,4,4,4,4,4,4,4,4,4,4,4,4,4,4,4,4,4,4,4,4,4,4,4,4,4,4,4,4,4,4,4,4,4,4,4,4,4,4,4,4,4,4,4,4,4,3,3,1,1,1,1,1,1,1,1,1,1,1,1,1,1,1,1,1,1,3,
 4,4,4,4,4,4,4,4,4,4,4,4,4,4,4,4,4,4,4,4,4,4,4,4,4,4,4,4,4,4,4,4,4,4,4,4,4,4,4,4,4,4,4,4,4,4,4,4,4,4,4,4,4,4,4,4,4,4,4,4,4,4,4,3,3,1,4,0,0,0,0,3,0,0,0,0,3,0,0,0,0,0,1,3,
 4,4,4,4,4,4,4,4,4,4,4,4,4,4,4,4,4,4,4,4,4,4,4,4,4,4,4,4,4,4,4,4,4,4,4,4,4,4,4,4,4,4,4,4,4,4,4,4,4,4,4,4,4,4,4,4,4,4,4,4,4,4,4,3,3,1,0,0,0,0,0,0,0,0,0,0,0,0,0,0,0,0,1,3,
-4,4,4,4,4,4,4,4,4,4,4,4,4,4,4,4,4,4,4,4,4,4,4,4,4,4,4,4,4,4,4,4,4,4,4,4,4,4,4,4,4,4,4,4,4,4,4,4,4,4,4,4,4,4,4,4,4,4,4,4,4,4,4,3,3,1,0,0,2,0,0,0,0,0,0,0,0,4,0,0,0,0,1,3,
+4,4,4,4,4,4,4,4,4,4,4,4,4,4,4,4,4,4,4,4,4,4,4,4,4,4,4,4,4,4,4,4,4,4,4,4,4,4,4,4,4,4,4,4,4,4,4,4,4,4,4,4,4,4,4,4,4,4,4,4,4,4,4,3,3,1,0,0,0,0,0,0,0,0,0,0,0,4,0,0,0,0,1,3,
 4,4,4,4,4,4,4,4,4,4,4,4,4,4,4,4,4,4,4,4,4,4,4,4,4,4,4,4,4,4,4,4,4,4,4,4,4,4,4,4,4,4,4,4,4,4,4,4,4,4,4,4,4,4,4,4,4,4,4,4,4,4,4,3,3,1,0,0,0,0,0,0,0,0,0,0,0,0,0,0,0,0,1,3,
 4,4,4,4,4,4,4,4,4,4,4,4,4,4,4,4,4,4,4,4,4,4,4,4,4,4,4,4,4,4,4,4,4,4,4,4,4,4,4,4,4,4,4,4,4,4,4,4,4,4,4,4,4,4,4,4,4,4,4,4,4,4,4,3,3,1,0,0,0,0,0,0,0,0,0,0,0,0,0,0,0,0,1,3,
 4,4,4,4,4,4,4,4,4,4,4,4,4,4,4,4,4,4,4,4,4,4,4,4,4,4,4,4,4,4,4,4,4,4,4,4,4,4,4,4,4,4,4,4,4,4,4,4,4,4,4,4,4,4,4,4,4,4,4,4,4,4,4,3,3,1,3,0,0,0,0,0,0,0,0,0,0,4,0,0,0,0,1,3,
diff --git a/mods/empyrean_campaign/settings.txt b/mods/empyrean_campaign/settings.txt
index 3eee3cf61cef174e9866a29499c8d7b85e6f2486..e635d30718d3d36476936228ae0d6296de373a45 100644
--- a/mods/empyrean_campaign/settings.txt
+++ b/mods/empyrean_campaign/settings.txt
@@ -1,5 +1,5 @@
 description=The new Flare 1.0 campaign
 requires=fantasycore:0.90:0
 game=flare-game
-version=0.90.12
-engine_version_min=0.90.28
+version=0.90.13
+engine_version_min=0.90.30
diff --git a/tiled/empyrean_campaign/arrival.tmx b/tiled/empyrean_campaign/arrival.tmx
index c7c658717258300bba3220dc605363182c775609..5d1a054a91a7b58a03a79d5fc9a79ffe79cfb99e 100644
--- a/tiled/empyrean_campaign/arrival.tmx
+++ b/tiled/empyrean_campaign/arrival.tmx
@@ -1,5 +1,5 @@
 <?xml version="1.0" encoding="UTF-8"?>
-<map version="1.0" orientation="isometric" renderorder="right-down" width="40" height="40" tilewidth="64" tileheight="32" backgroundcolor="#000000" nextobjectid="9">
+<map version="1.0" tiledversion="1.1.2" orientation="isometric" renderorder="right-down" width="40" height="40" tilewidth="64" tileheight="32" infinite="0" backgroundcolor="#000000" nextobjectid="9">
  <properties>
   <property name="hero_pos" value="20,20"/>
   <property name="music" value="music/wind_ambient.ogg"/>
@@ -138,7 +138,7 @@
 3,3,3,3,1,0,0,0,0,1,1,1,0,3,0,2,2,2,2,2,2,2,2,2,2,2,0,0,0,3,1,1,1,1,1,0,0,1,3,3,
 3,3,3,3,1,1,0,0,0,1,1,1,0,0,0,2,3,2,0,0,2,2,2,2,2,2,2,0,0,3,0,1,1,1,1,0,0,1,1,3,
 3,3,3,3,3,1,0,0,0,0,0,4,0,0,0,0,0,0,0,0,0,3,2,2,2,2,2,0,0,0,0,1,1,1,1,0,0,0,1,3,
-3,3,3,3,3,1,0,0,0,0,0,0,0,0,0,0,0,0,0,2,0,0,0,3,2,2,2,0,0,0,0,1,1,1,1,0,0,0,1,3,
+3,3,3,3,3,1,0,0,0,0,0,0,0,0,0,0,0,0,0,0,0,0,0,3,2,2,2,0,0,0,0,1,1,1,1,0,0,0,1,3,
 3,3,3,3,1,1,0,3,0,0,0,0,0,0,0,0,0,0,0,0,0,0,0,0,2,2,2,0,0,1,1,1,1,1,1,0,0,1,1,3,
 3,3,3,3,1,0,0,0,0,0,0,0,0,0,2,2,2,0,0,0,0,0,0,0,2,2,2,0,0,1,1,1,1,1,1,0,0,1,3,3,
 3,3,3,3,1,0,3,0,0,0,0,0,0,0,2,2,2,0,0,0,0,0,0,0,2,2,0,0,0,1,1,1,1,1,3,0,0,1,3,3,
diff --git a/tiled/empyrean_campaign/goblin_camp.tmx b/tiled/empyrean_campaign/goblin_camp.tmx
index cc28664c05176252d747583c0723c75c1b10b7b2..ee9da636e50f60ad00d46e27375506baf83602aa 100644
--- a/tiled/empyrean_campaign/goblin_camp.tmx
+++ b/tiled/empyrean_campaign/goblin_camp.tmx
@@ -1,5 +1,5 @@
 <?xml version="1.0" encoding="UTF-8"?>
-<map version="1.0" orientation="isometric" renderorder="right-down" width="60" height="60" tilewidth="64" tileheight="32" backgroundcolor="#000000" nextobjectid="42">
+<map version="1.0" tiledversion="1.1.2" orientation="isometric" renderorder="right-down" width="60" height="60" tilewidth="64" tileheight="32" infinite="0" backgroundcolor="#000000" nextobjectid="42">
  <properties>
   <property name="hero_pos" value="5,2"/>
   <property name="music" value="music/overworld_theme.ogg"/>
@@ -201,7 +201,7 @@
 3,3,3,3,3,3,3,3,1,1,1,1,1,2,2,2,1,1,3,3,3,3,3,1,1,0,0,0,2,2,2,2,2,2,2,2,0,2,2,2,2,2,2,2,2,2,1,0,0,0,0,0,0,0,0,1,1,3,3,3,
 3,3,3,3,3,3,3,3,3,3,3,3,3,1,1,2,2,1,1,1,3,3,1,1,0,0,0,0,2,2,2,2,2,2,2,2,0,2,2,2,2,2,2,2,2,2,1,0,0,0,0,0,0,0,0,0,1,3,3,3,
 3,3,3,3,3,3,3,3,3,3,3,3,3,1,2,2,2,2,2,1,1,1,1,0,0,0,0,0,2,2,2,2,2,2,2,2,0,0,0,0,0,0,0,0,0,0,0,0,0,0,0,0,0,0,1,0,1,1,3,3,
-3,3,3,3,3,3,3,3,3,3,3,3,3,1,2,2,2,2,2,0,4,297,0,0,0,0,0,0,0,2,2,2,2,2,2,2,0,0,0,0,0,0,0,0,0,0,0,0,0,0,0,0,0,0,0,0,0,1,3,3,
+3,3,3,3,3,3,3,3,3,3,3,3,3,1,2,2,2,2,2,0,4,0,0,0,0,0,0,0,0,2,2,2,2,2,2,2,0,0,0,0,0,0,0,0,0,0,0,0,0,0,0,0,0,0,0,0,0,1,3,3,
 3,3,3,3,3,3,3,3,3,3,3,3,3,1,1,2,2,2,2,0,0,0,0,0,0,0,0,0,1,2,2,2,2,2,2,2,0,2,2,2,2,2,2,2,2,2,0,0,0,0,0,4,0,0,0,0,0,1,1,3,
 3,3,3,3,3,3,3,3,3,3,3,3,3,3,1,2,2,2,2,2,0,0,0,0,0,0,0,0,1,2,2,2,2,2,2,0,0,0,0,2,2,2,2,2,2,2,1,0,0,0,0,0,0,0,4,4,0,0,1,1,
 3,3,3,3,3,3,3,3,3,3,3,3,3,3,1,2,2,2,2,2,2,0,2,2,4,4,0,2,2,2,2,2,0,1,0,0,0,0,0,0,2,2,2,2,2,2,2,2,0,0,0,0,0,0,4,0,0,0,0,1,
@@ -413,13 +413,6 @@
     <property name="tooltip" value="Gravestone"/>
    </properties>
   </object>
-  <object id="41" name="clear Abasi's collision tile" type="event" x="608" y="1024" width="32" height="32">
-   <properties>
-    <property name="activate" value="on_load"/>
-    <property name="mapmod" value="collision,21,35,0"/>
-    <property name="requires_status" value="emp_abasi_2"/>
-   </properties>
-  </object>
  </objectgroup>
  <objectgroup name="enemy">
   <object id="2" type="enemy" x="64" y="704" width="160" height="256">
diff --git a/tiled/empyrean_campaign/grot_lagoon.tmx b/tiled/empyrean_campaign/grot_lagoon.tmx
index db795db4db3e3ec7a86741710f52da01755cb247..44e572708841b4e0e0eb6d623d269f8297b53720 100644
--- a/tiled/empyrean_campaign/grot_lagoon.tmx
+++ b/tiled/empyrean_campaign/grot_lagoon.tmx
@@ -1,5 +1,5 @@
 <?xml version="1.0" encoding="UTF-8"?>
-<map version="1.0" tiledversion="1.1.0" orientation="isometric" renderorder="right-down" width="112" height="112" tilewidth="64" tileheight="32" infinite="0" nextobjectid="49">
+<map version="1.0" tiledversion="1.1.2" orientation="isometric" renderorder="right-down" width="112" height="112" tilewidth="64" tileheight="32" infinite="0" nextobjectid="49">
  <properties>
   <property name="hero_pos" value="90,62"/>
   <property name="music" value="music/magical_theme.ogg"/>
@@ -691,7 +691,7 @@
 3,3,3,3,3,3,3,3,3,3,3,3,3,3,3,3,3,3,3,3,3,1,0,0,0,0,0,0,0,0,0,2,2,2,2,2,2,2,2,2,2,0,0,0,1,0,0,0,0,0,0,0,0,0,0,0,0,0,2,2,2,2,2,2,2,2,0,0,0,0,0,0,0,0,0,0,0,0,0,0,0,0,0,0,0,0,0,0,0,0,0,0,0,0,0,0,1,3,3,3,3,3,3,3,3,3,3,3,3,3,3,3,
 3,3,3,3,3,3,3,3,3,3,3,3,3,3,3,3,3,3,3,3,3,1,4,0,0,0,0,0,0,0,0,2,2,2,2,2,2,2,2,2,0,0,0,0,0,0,0,0,0,0,0,0,0,0,0,1,0,2,2,2,2,2,2,2,2,4,0,0,0,0,0,0,0,0,0,0,0,1,0,0,0,0,0,0,0,0,0,0,0,0,0,0,0,0,0,0,1,3,3,3,3,3,3,3,3,3,3,3,3,3,3,3,
 3,3,3,3,3,3,3,3,3,3,3,3,3,3,3,3,3,3,3,3,3,1,4,0,0,0,0,0,0,0,0,2,2,2,2,2,2,2,2,2,0,1,0,0,0,0,0,0,1,0,0,0,0,0,0,0,2,2,2,2,2,2,2,2,0,0,0,0,0,0,0,0,0,0,0,0,0,4,0,0,0,0,0,0,0,0,0,0,0,0,0,0,1,0,0,0,1,3,3,3,3,3,3,3,3,3,3,3,3,3,3,3,
-3,3,3,3,3,3,3,3,3,3,3,3,3,3,3,3,3,3,3,3,3,1,0,0,0,0,0,0,0,0,0,2,2,2,2,2,2,2,2,2,0,0,2,0,0,0,0,0,0,0,0,2,2,2,2,2,2,2,2,2,2,2,2,0,0,0,0,0,0,0,0,0,0,0,0,0,0,4,0,0,1,1,1,1,1,1,1,1,1,1,1,1,0,0,0,0,1,3,3,3,3,3,3,3,3,3,3,3,3,3,3,3,
+3,3,3,3,3,3,3,3,3,3,3,3,3,3,3,3,3,3,3,3,3,1,0,0,0,0,0,0,0,0,0,2,2,2,2,2,2,2,2,2,0,0,0,0,0,0,0,0,0,0,0,2,2,2,2,2,2,2,2,2,2,2,2,0,0,0,0,0,0,0,0,0,0,0,0,0,0,4,0,0,1,1,1,1,1,1,1,1,1,1,1,1,0,0,0,0,1,3,3,3,3,3,3,3,3,3,3,3,3,3,3,3,
 3,3,3,3,3,3,3,3,3,3,3,3,3,3,3,3,3,3,3,3,1,1,0,0,0,0,0,0,0,0,4,2,2,2,2,2,2,2,2,2,2,0,0,0,0,1,2,2,2,2,2,2,2,2,2,2,2,2,2,2,2,2,2,0,0,1,0,0,0,0,0,0,0,0,0,0,0,1,1,1,1,3,3,3,3,3,3,3,3,3,3,1,1,1,1,1,1,3,3,3,3,3,3,3,3,3,3,3,3,3,3,3,
 3,3,3,3,3,3,3,3,3,3,3,3,3,3,3,3,3,3,3,3,1,0,0,0,0,0,0,0,0,0,4,2,2,2,2,2,2,2,2,2,2,0,1,2,2,2,2,2,2,2,2,2,2,2,2,2,2,2,2,2,2,2,1,1,0,0,0,0,0,0,0,0,0,0,0,0,1,1,3,3,3,3,3,3,3,3,3,3,3,3,3,3,3,3,3,3,3,3,3,3,3,3,3,3,3,3,3,3,3,3,3,3,
 3,3,3,3,3,3,3,3,3,3,3,3,3,3,3,3,3,3,3,3,1,0,0,0,0,0,0,0,1,0,2,2,2,2,2,2,2,2,2,2,2,2,2,2,2,2,2,2,2,2,2,2,2,2,2,2,2,2,2,2,2,2,1,1,0,0,0,0,0,0,0,0,0,0,0,1,1,3,3,3,3,3,3,3,3,3,3,3,3,3,3,3,3,3,3,3,3,3,3,3,3,3,3,3,3,3,3,3,3,3,3,3,
diff --git a/tiled/empyrean_campaign/halls_of_infinity.tmx b/tiled/empyrean_campaign/halls_of_infinity.tmx
index f8aa90a8340f1b4d47ef2de5a24057b1196c5a64..aab8aedde8d170743f0e68ab3e2e765ef3988874 100644
--- a/tiled/empyrean_campaign/halls_of_infinity.tmx
+++ b/tiled/empyrean_campaign/halls_of_infinity.tmx
@@ -172,7 +172,7 @@
 0,1,0,0,0,0,2,4,4,4,4,4,4,4,4,4,4,2,0,0,0,0,1,0,
 0,1,0,0,0,0,2,4,4,2,2,2,2,2,2,4,4,2,0,0,0,0,1,0,
 0,1,0,0,0,0,2,4,4,2,3,0,0,3,2,4,4,2,0,0,0,0,1,0,
-0,1,0,0,0,0,2,4,4,2,0,4,0,0,2,4,4,2,0,0,0,0,1,0,
+0,1,0,0,0,0,2,4,4,2,0,0,0,0,2,4,4,2,0,0,0,0,1,0,
 0,1,0,0,0,0,2,4,4,2,0,0,0,0,2,4,4,2,0,0,0,0,1,0,
 0,1,0,0,0,0,2,2,2,2,0,0,0,0,2,2,2,2,0,0,0,0,1,0,
 0,1,0,0,0,4,0,0,0,0,0,0,0,0,0,0,0,0,4,0,0,0,1,0,
diff --git a/tiled/empyrean_campaign/lake_kuuma.tmx b/tiled/empyrean_campaign/lake_kuuma.tmx
index 756a7a567dc06d0fcd313b089aeff18a9976fb94..d2dc32fb6b673067d4cdedca59d5c7f0d3379fce 100644
--- a/tiled/empyrean_campaign/lake_kuuma.tmx
+++ b/tiled/empyrean_campaign/lake_kuuma.tmx
@@ -1,5 +1,5 @@
 <?xml version="1.0" encoding="UTF-8"?>
-<map version="1.0" tiledversion="1.1.0" orientation="isometric" renderorder="right-down" width="132" height="132" tilewidth="64" tileheight="32" infinite="0" backgroundcolor="#000000" nextobjectid="83">
+<map version="1.0" tiledversion="1.1.2" orientation="isometric" renderorder="right-down" width="132" height="132" tilewidth="64" tileheight="32" infinite="0" backgroundcolor="#000000" nextobjectid="83">
  <properties>
   <property name="hero_pos" value="26,28"/>
   <property name="music" value="music/magical_theme.ogg"/>
@@ -802,7 +802,7 @@
 3,3,3,3,3,3,3,3,3,3,3,3,3,3,3,3,3,3,3,3,1,1,4,0,0,0,0,0,0,0,0,0,0,0,0,0,0,0,0,0,1,1,1,1,1,2,2,2,2,2,2,2,2,2,2,2,2,2,2,2,2,2,2,2,2,2,2,2,2,2,0,4,1,1,1,4,4,0,0,0,0,2,2,2,2,2,2,2,2,2,2,2,2,2,2,2,2,2,2,2,2,0,0,0,0,0,0,0,0,0,0,1,3,3,3,3,3,3,3,3,3,3,3,3,3,3,3,3,3,3,3,3,
 3,3,3,3,3,3,3,3,3,3,3,3,3,3,3,3,3,3,3,3,1,0,1,0,0,0,0,0,0,0,0,0,0,0,0,0,0,0,0,0,0,0,1,4,1,4,4,0,4,4,2,2,2,2,2,2,2,2,2,2,2,2,2,2,2,0,0,0,0,0,0,0,0,0,0,0,0,0,0,0,0,0,2,2,2,2,2,2,2,2,2,2,4,4,4,1,2,2,2,2,2,0,0,0,0,0,0,0,0,0,0,1,3,3,3,3,3,3,3,3,3,3,3,3,3,3,3,3,3,3,3,3,
 3,3,3,3,3,3,3,3,3,3,3,3,3,3,3,3,3,3,3,3,1,4,0,0,0,0,0,0,0,0,0,0,0,0,0,0,0,0,0,0,0,0,0,0,0,0,0,0,0,0,0,2,2,2,2,2,2,2,2,2,2,2,2,2,2,2,2,2,2,2,0,0,0,0,0,0,0,0,0,0,0,0,1,2,2,2,2,2,2,0,4,0,0,0,0,0,0,2,2,2,2,0,0,0,0,0,0,0,0,0,0,1,3,3,3,3,3,3,3,3,3,3,3,3,3,3,3,3,3,3,3,3,
-3,3,3,3,3,3,3,3,3,3,3,3,3,3,3,3,3,3,3,3,1,4,0,0,0,0,0,0,0,0,0,0,0,0,0,0,0,0,0,0,0,0,0,0,0,0,0,0,0,0,0,0,2,2,2,2,2,2,2,2,2,2,2,2,2,2,2,2,2,2,0,0,2,0,0,0,0,0,0,0,0,0,0,2,2,2,2,2,0,0,1,0,0,0,0,0,0,0,0,0,0,1,0,0,0,0,0,0,0,0,0,1,3,3,3,3,3,3,3,3,3,3,3,3,3,3,3,3,3,3,3,3,
+3,3,3,3,3,3,3,3,3,3,3,3,3,3,3,3,3,3,3,3,1,4,0,0,0,0,0,0,0,0,0,0,0,0,0,0,0,0,0,0,0,0,0,0,0,0,0,0,0,0,0,0,2,2,2,2,2,2,2,2,2,2,2,2,2,2,2,2,2,2,0,0,0,0,0,0,0,0,0,0,0,0,0,2,2,2,2,2,0,0,1,0,0,0,0,0,0,0,0,0,0,1,0,0,0,0,0,0,0,0,0,1,3,3,3,3,3,3,3,3,3,3,3,3,3,3,3,3,3,3,3,3,
 3,3,3,3,3,3,3,3,3,3,3,3,3,3,3,3,3,3,3,3,1,0,0,0,0,0,0,0,0,0,0,0,4,0,0,0,0,0,0,0,0,0,0,0,0,0,0,0,0,0,0,0,0,0,2,2,2,2,2,2,2,2,2,2,2,2,2,2,2,2,2,4,0,0,0,0,0,0,0,0,0,0,0,0,0,0,0,0,0,0,0,0,0,0,0,0,0,0,0,0,0,0,0,0,0,0,0,0,0,0,0,1,3,3,3,3,3,3,3,3,3,3,3,3,3,3,3,3,3,3,3,3,
 3,3,3,3,3,3,3,3,3,3,3,3,3,3,3,3,3,3,3,3,1,4,0,0,0,0,0,0,0,0,0,0,1,4,0,0,0,0,0,0,0,0,0,0,0,0,0,0,0,0,0,0,0,0,1,2,2,2,2,2,2,2,2,2,2,2,2,2,2,2,2,0,0,0,0,4,0,0,0,0,0,0,0,0,0,0,0,0,0,0,0,4,0,0,0,0,0,0,0,0,0,0,0,0,0,0,0,0,0,0,0,1,3,3,3,3,3,3,3,3,3,3,3,3,3,3,3,3,3,3,3,3,
 3,3,3,3,3,3,3,3,3,3,3,3,3,3,3,3,3,3,3,3,1,4,0,0,0,0,0,0,1,1,1,1,1,1,0,0,0,0,0,0,0,0,0,0,1,4,0,0,0,0,0,0,0,0,0,0,0,2,2,2,2,2,2,2,2,2,2,2,2,2,2,2,0,4,0,0,0,0,0,0,1,0,0,2,2,2,2,2,0,0,0,0,0,0,0,4,0,0,0,0,0,0,0,0,0,0,0,0,0,0,0,1,3,3,3,3,3,3,3,3,3,3,3,3,3,3,3,3,3,3,3,3,
diff --git a/tiled/empyrean_campaign/nazia_highlands.tmx b/tiled/empyrean_campaign/nazia_highlands.tmx
index 53f2ee0ae56384c934e008fe968a537b1757a176..d8b5ebc67727876ca4d08beaefe759fe61b864f5 100644
--- a/tiled/empyrean_campaign/nazia_highlands.tmx
+++ b/tiled/empyrean_campaign/nazia_highlands.tmx
@@ -1,5 +1,5 @@
 <?xml version="1.0" encoding="UTF-8"?>
-<map version="1.0" orientation="isometric" renderorder="right-down" width="80" height="80" tilewidth="64" tileheight="32" backgroundcolor="#000000" nextobjectid="23">
+<map version="1.0" tiledversion="1.1.2" orientation="isometric" renderorder="right-down" width="80" height="80" tilewidth="64" tileheight="32" infinite="0" backgroundcolor="#000000" nextobjectid="23">
  <properties>
   <property name="hero_pos" value="69,9"/>
   <property name="music" value="music/overworld_theme.ogg"/>
@@ -272,7 +272,7 @@
 3,3,3,3,3,3,3,3,3,3,3,3,3,3,3,3,3,3,3,3,3,3,3,3,3,3,3,3,3,3,3,3,3,3,3,3,3,3,3,3,3,3,3,3,3,3,3,3,3,3,3,3,3,1,1,2,2,2,2,0,0,4,4,0,0,0,0,0,0,0,0,0,0,1,1,3,3,3,3,3,
 3,3,3,3,3,3,3,3,3,3,3,3,3,3,3,3,3,3,3,3,3,3,3,3,3,3,3,3,3,3,3,3,3,3,3,3,3,3,3,3,3,3,3,3,3,3,3,3,3,3,3,3,3,1,2,2,2,2,2,0,0,4,0,0,0,0,0,0,0,0,0,0,1,1,3,3,3,3,3,3,
 3,3,3,3,3,3,3,3,3,3,3,3,3,3,3,3,3,3,3,3,3,3,3,3,3,3,3,3,3,3,3,3,3,3,3,3,3,3,3,3,3,3,3,3,3,3,3,3,3,3,3,3,3,1,2,2,2,2,0,0,0,0,0,0,0,0,0,0,0,0,0,1,1,3,3,3,3,3,3,3,
-3,3,3,3,3,3,3,3,3,3,3,3,3,3,3,3,3,3,3,3,3,3,3,3,3,3,3,3,3,3,3,3,3,3,3,3,3,3,3,3,3,3,3,3,3,3,3,3,3,3,3,3,3,1,1,4,4,0,0,0,0,0,2,0,4,0,0,0,0,0,1,1,3,3,3,3,3,3,3,3,
+3,3,3,3,3,3,3,3,3,3,3,3,3,3,3,3,3,3,3,3,3,3,3,3,3,3,3,3,3,3,3,3,3,3,3,3,3,3,3,3,3,3,3,3,3,3,3,3,3,3,3,3,3,1,1,4,4,0,0,0,0,0,0,0,4,0,0,0,0,0,1,1,3,3,3,3,3,3,3,3,
 3,3,3,3,3,3,3,3,3,3,3,3,3,3,3,3,3,3,3,3,3,3,3,3,3,3,3,3,3,3,3,3,3,3,3,3,3,3,3,3,3,3,3,3,3,3,3,3,3,3,3,3,3,1,1,1,0,0,0,0,0,0,0,0,0,0,0,0,0,1,1,3,3,3,3,3,3,3,3,3,
 3,3,3,3,3,3,3,3,3,3,3,3,3,3,3,3,3,3,3,3,3,3,3,3,3,3,3,3,3,3,3,3,3,3,3,3,3,3,3,3,3,3,3,3,3,3,3,3,3,3,3,3,3,3,3,1,1,1,0,0,0,0,0,0,0,0,0,0,1,1,3,3,3,3,3,3,3,3,3,3,
 3,3,3,3,3,3,3,3,3,3,3,3,3,3,3,3,3,3,3,3,3,3,3,3,3,3,3,3,3,3,3,3,3,3,3,3,3,3,3,3,3,3,3,3,3,3,3,3,3,3,3,3,3,3,3,3,3,1,1,1,1,0,0,0,0,0,1,1,1,3,3,3,3,3,3,3,3,3,3,3,
diff --git a/tiled/empyrean_campaign/perdition_harbor.tmx b/tiled/empyrean_campaign/perdition_harbor.tmx
index 16860b12f3f5956a9602f0ecedb8ccff9e4af5e6..985fc03e9531c5b87234d29fe04e13c03f0e37dd 100644
--- a/tiled/empyrean_campaign/perdition_harbor.tmx
+++ b/tiled/empyrean_campaign/perdition_harbor.tmx
@@ -1,5 +1,5 @@
 <?xml version="1.0" encoding="UTF-8"?>
-<map version="1.0" tiledversion="1.0.3" orientation="isometric" renderorder="right-down" width="40" height="40" tilewidth="64" tileheight="32" backgroundcolor="#eeeeee" nextobjectid="32">
+<map version="1.0" tiledversion="1.1.2" orientation="isometric" renderorder="right-down" width="40" height="40" tilewidth="64" tileheight="32" infinite="0" backgroundcolor="#eeeeee" nextobjectid="32">
  <properties>
   <property name="hero_pos" value="2,24"/>
   <property name="music" value="music/unrest_theme.ogg"/>
@@ -128,12 +128,12 @@
 3,1,1,0,0,0,0,0,0,0,0,2,2,2,2,2,2,0,0,0,0,0,4,0,0,0,0,1,1,3,3,3,3,3,3,3,3,3,3,3,
 3,1,4,0,1,0,1,1,1,0,0,0,0,0,0,0,0,0,0,0,0,0,0,0,0,0,0,0,1,1,3,3,3,3,3,3,3,3,3,3,
 1,1,0,0,0,4,1,1,1,0,0,0,0,0,0,0,0,0,0,0,0,0,4,0,0,0,0,0,0,1,3,3,3,3,3,3,3,3,3,3,
-1,0,1,0,0,0,0,0,0,0,0,0,2,2,2,2,2,2,0,0,0,1,4,0,0,2,0,0,0,1,1,3,3,3,3,3,3,3,3,3,
+1,0,1,0,0,0,0,0,0,0,0,0,2,2,2,2,2,2,0,0,0,1,4,0,0,0,0,0,0,1,1,3,3,3,3,3,3,3,3,3,
 1,1,0,0,0,4,0,0,0,0,0,0,0,2,2,2,2,2,2,0,0,4,4,0,0,0,0,0,4,0,1,1,1,1,3,3,3,3,3,3,
 1,1,0,0,1,1,0,0,0,0,0,0,0,2,2,2,2,2,2,0,0,0,4,0,0,0,0,0,4,0,0,0,4,1,1,3,3,3,3,3,
 3,1,0,0,1,1,0,0,0,4,0,0,4,4,2,2,2,2,2,0,0,0,0,4,4,0,0,4,4,0,0,0,4,0,1,1,3,3,3,3,
 3,1,1,4,1,1,0,0,0,0,0,0,4,0,2,2,2,2,2,0,0,0,0,0,0,0,0,0,0,0,0,0,4,0,0,1,3,3,3,3,
-3,3,1,1,0,0,0,0,2,0,0,0,0,0,2,2,2,2,2,0,0,0,0,0,0,0,0,0,0,0,0,0,4,0,0,1,3,3,3,3,
+3,3,1,1,0,0,0,0,0,0,0,0,0,0,2,2,2,2,2,0,0,0,0,0,0,0,0,0,0,0,0,0,4,0,0,1,3,3,3,3,
 3,3,3,1,0,0,0,0,4,0,0,0,0,2,2,2,2,2,2,0,0,0,0,0,0,0,0,0,0,0,0,0,4,0,0,1,1,1,3,3,
 3,3,3,1,0,0,0,0,0,0,0,0,0,2,2,2,2,2,2,2,0,0,0,0,0,0,0,0,0,0,0,0,1,0,0,0,0,1,1,3,
 3,3,3,1,1,0,0,0,0,0,0,2,2,2,2,2,2,2,2,2,0,0,0,0,0,0,0,0,0,0,0,0,0,0,0,0,0,0,1,3,
diff --git a/tiled/empyrean_campaign/st_maria_2.tmx b/tiled/empyrean_campaign/st_maria_2.tmx
index cfc662a6adce7f82c42ea3e0e9e757304feb3fb3..fd5443451630b541e682bd0efa070669407bd157 100644
--- a/tiled/empyrean_campaign/st_maria_2.tmx
+++ b/tiled/empyrean_campaign/st_maria_2.tmx
@@ -1,5 +1,5 @@
 <?xml version="1.0" encoding="UTF-8"?>
-<map version="1.0" orientation="isometric" renderorder="right-down" width="70" height="70" tilewidth="64" tileheight="32" backgroundcolor="#000000" nextobjectid="95">
+<map version="1.0" tiledversion="1.1.2" orientation="isometric" renderorder="right-down" width="70" height="70" tilewidth="64" tileheight="32" infinite="0" backgroundcolor="#000000" nextobjectid="95">
  <properties>
   <property name="hero_pos" value="33,7"/>
   <property name="music" value="music/dungeon_theme.ogg"/>
@@ -204,7 +204,7 @@
 3,3,1,0,0,0,0,0,0,0,0,1,3,3,3,3,3,3,1,1,1,1,1,1,1,0,0,0,0,0,0,1,1,1,1,0,0,0,0,0,0,1,1,1,1,1,1,1,3,3,1,0,0,0,0,1,3,3,3,3,3,3,1,0,0,0,0,1,3,3,
 3,3,1,0,0,0,0,1,1,1,1,1,3,3,3,3,3,3,1,4,0,0,0,1,1,0,0,0,0,0,0,1,3,3,1,0,0,0,0,0,0,1,1,0,0,0,0,1,3,3,1,4,4,4,0,1,3,3,3,3,3,3,1,4,0,0,4,1,3,3,
 3,3,1,0,0,0,0,1,3,3,3,3,3,3,3,3,3,3,1,4,0,0,0,1,1,0,0,0,0,0,0,1,3,3,1,0,0,0,0,0,0,1,1,0,0,0,0,1,3,3,1,0,0,0,0,1,3,3,3,3,3,3,1,3,0,0,3,1,3,3,
-3,3,1,0,0,0,0,1,3,3,3,3,3,3,3,3,3,3,1,0,2,0,0,1,1,0,0,0,0,0,0,1,3,3,1,0,0,0,0,0,0,1,1,0,0,0,0,1,3,3,1,0,0,0,0,1,3,3,3,3,3,3,1,0,0,0,4,1,3,3,
+3,3,1,0,0,0,0,1,3,3,3,3,3,3,3,3,3,3,1,0,0,0,0,1,1,0,0,0,0,0,0,1,3,3,1,0,0,0,0,0,0,1,1,0,0,0,0,1,3,3,1,0,0,0,0,1,3,3,3,3,3,3,1,0,0,0,4,1,3,3,
 3,3,1,0,1,1,0,1,3,3,3,3,3,3,3,3,3,3,1,0,0,0,0,1,1,0,0,0,0,0,0,1,3,3,1,0,0,0,0,0,0,0,0,0,0,0,0,1,3,3,1,0,0,0,0,1,3,3,3,3,3,3,1,0,0,0,0,1,3,3,
 3,3,1,0,1,1,0,1,3,3,3,3,3,3,3,3,3,3,1,0,0,0,0,1,1,0,0,0,0,0,0,1,3,3,1,0,0,0,0,0,0,1,1,0,0,0,0,1,3,3,1,0,4,4,4,1,3,3,3,3,3,3,1,0,0,0,0,1,3,3,
 3,3,1,0,4,0,0,1,3,3,3,3,3,3,3,3,3,3,1,0,0,0,0,1,1,0,0,0,0,0,0,1,1,1,1,0,0,0,0,0,0,1,1,0,0,0,0,1,3,3,1,0,0,0,0,1,3,3,3,3,3,3,1,4,0,0,0,1,3,3,
diff --git a/tiled/empyrean_campaign/st_maria_3.tmx b/tiled/empyrean_campaign/st_maria_3.tmx
index d94d739d0f2f66a06e5efa656e190ea1a3289bbe..497392ee5b8f9db81140b06d852f93bb1594c6d8 100644
--- a/tiled/empyrean_campaign/st_maria_3.tmx
+++ b/tiled/empyrean_campaign/st_maria_3.tmx
@@ -1,5 +1,5 @@
 <?xml version="1.0" encoding="UTF-8"?>
-<map version="1.0" tiledversion="1.0.1" orientation="isometric" renderorder="right-down" width="40" height="60" tilewidth="64" tileheight="32" backgroundcolor="#000000" nextobjectid="80">
+<map version="1.0" tiledversion="1.1.2" orientation="isometric" renderorder="right-down" width="40" height="60" tilewidth="64" tileheight="32" infinite="0" backgroundcolor="#000000" nextobjectid="80">
  <properties>
   <property name="hero_pos" value="7,47"/>
   <property name="music" value="music/boss_theme.ogg"/>
@@ -163,7 +163,7 @@
   <data encoding="csv">
 4,4,4,4,4,4,0,0,0,0,0,0,0,2,2,2,2,2,2,2,2,0,0,0,0,0,0,0,4,4,4,4,4,4,4,4,4,4,4,4,
 4,4,4,4,4,4,0,4,4,4,2,0,0,0,0,0,0,0,0,0,0,0,0,2,4,4,4,0,4,4,4,4,4,4,4,4,4,4,4,4,
-4,4,4,4,4,4,0,4,4,4,2,0,4,0,0,4,0,3,4,0,0,4,0,2,4,4,4,0,4,4,4,4,4,4,4,4,4,4,4,4,
+4,4,4,4,4,4,0,4,4,4,2,0,4,0,0,4,0,0,4,0,0,4,0,2,4,4,4,0,4,4,4,4,4,4,4,4,4,4,4,4,
 4,4,4,4,4,4,0,4,4,4,2,0,0,0,0,0,0,0,0,0,0,0,0,2,4,4,4,0,4,4,4,4,4,4,4,4,4,4,4,4,
 4,4,2,2,2,2,4,2,2,2,2,4,0,0,0,0,0,0,0,0,0,0,4,2,2,2,2,4,2,2,2,2,4,4,4,4,4,4,4,4,
 4,4,2,4,0,0,0,0,0,0,0,4,4,4,4,4,4,4,4,4,4,4,4,0,0,0,0,0,0,0,4,2,4,4,4,4,4,4,4,4,
diff --git a/tiled/empyrean_campaign/stormrock_ruins.tmx b/tiled/empyrean_campaign/stormrock_ruins.tmx
index 4c98272e626e1d01af07114dd2129573ba394d7c..583346b96ec31b98f8af2c62e48381ce4a173fce 100644
--- a/tiled/empyrean_campaign/stormrock_ruins.tmx
+++ b/tiled/empyrean_campaign/stormrock_ruins.tmx
@@ -1,5 +1,5 @@
 <?xml version="1.0" encoding="UTF-8"?>
-<map version="1.0" tiledversion="1.1.0" orientation="isometric" renderorder="right-down" width="100" height="100" tilewidth="64" tileheight="32" infinite="0" backgroundcolor="#000000" nextobjectid="87">
+<map version="1.0" tiledversion="1.1.2" orientation="isometric" renderorder="right-down" width="100" height="100" tilewidth="64" tileheight="32" infinite="0" backgroundcolor="#000000" nextobjectid="87">
  <properties>
   <property name="hero_pos" value="48,97"/>
   <property name="music" value="music/dungeon_theme.ogg"/>
@@ -239,7 +239,7 @@
 0,0,0,0,0,0,0,0,0,0,0,0,0,0,0,0,0,0,0,0,0,0,0,0,0,0,0,0,0,0,0,0,0,0,0,0,0,0,0,0,0,0,0,0,0,76,71,282,283,83,95,0,0,0,0,0,0,0,0,0,0,0,0,0,0,0,0,0,0,0,0,0,0,0,0,0,0,0,0,0,0,0,0,0,0,0,0,0,0,0,0,0,0,0,0,0,0,0,0,0
 </data>
  </layer>
- <layer name="collision" width="100" height="100" visible="0">
+ <layer name="collision" width="100" height="100">
   <data encoding="csv">
 4,4,4,4,4,4,4,4,4,4,4,4,4,4,4,4,4,4,4,4,4,4,4,4,4,4,4,4,4,4,4,4,4,4,4,4,4,4,4,4,4,4,4,4,4,4,4,4,4,4,4,4,4,4,4,4,4,4,3,3,3,3,3,3,3,3,3,3,3,3,3,3,3,3,3,3,3,3,3,3,3,3,3,3,3,3,3,3,3,3,3,3,3,3,3,3,3,3,3,3,
 4,4,4,4,4,4,4,4,4,4,4,4,4,4,4,4,4,4,4,4,4,4,4,4,4,4,4,4,4,4,4,4,4,4,4,4,4,4,4,4,4,4,4,4,4,4,4,4,4,4,4,4,4,4,4,4,4,4,3,3,3,3,3,3,3,3,3,3,3,3,3,3,3,3,3,3,3,3,3,3,3,3,3,3,3,3,3,3,3,3,3,3,3,3,3,3,3,3,3,3,
@@ -314,7 +314,7 @@
 3,3,3,3,3,3,3,3,3,1,4,3,0,0,0,4,1,1,0,0,0,0,0,0,1,0,0,0,0,0,1,3,3,3,3,3,3,3,3,3,3,3,3,3,3,1,1,0,0,1,1,3,3,3,3,3,3,3,3,3,3,1,0,0,0,0,0,0,0,0,0,0,0,0,2,4,4,4,4,4,4,4,4,4,4,2,0,0,0,0,0,0,0,0,0,0,0,0,1,3,
 3,3,3,3,3,3,3,3,3,1,2,2,2,2,2,2,1,1,3,0,0,0,0,0,0,0,0,0,0,0,1,3,3,3,3,3,3,3,3,3,3,1,1,1,1,1,0,0,0,0,1,1,1,1,1,3,3,3,3,3,3,1,0,0,0,0,0,0,0,0,0,0,0,0,2,4,4,4,4,4,4,4,4,4,4,2,0,0,0,0,0,0,0,0,0,0,0,0,1,3,
 3,3,3,3,3,3,3,3,3,1,0,0,0,0,0,0,0,0,0,0,0,0,0,0,0,0,0,0,0,0,1,3,3,3,3,3,3,3,3,3,3,1,0,0,0,0,0,0,0,0,0,0,0,0,1,3,3,3,3,3,3,1,0,0,0,0,2,2,2,2,2,2,2,2,2,4,4,4,4,4,4,4,4,4,4,2,2,2,2,2,2,2,2,2,0,0,0,0,1,3,
-3,3,3,3,3,3,3,3,3,1,0,0,0,0,0,0,0,0,0,0,0,0,0,0,0,0,0,0,0,0,1,3,3,3,3,3,3,3,3,3,3,1,0,2,0,0,0,0,0,0,0,0,0,0,1,3,3,3,3,3,3,1,0,0,0,0,2,4,4,4,4,4,4,4,4,4,4,4,4,4,4,4,4,4,4,4,4,4,4,4,4,4,4,2,0,0,0,0,1,3,
+3,3,3,3,3,3,3,3,3,1,0,0,0,0,0,0,0,0,0,0,0,0,0,0,0,0,0,0,0,0,1,3,3,3,3,3,3,3,3,3,3,1,0,0,0,0,0,0,0,0,0,0,0,0,1,3,3,3,3,3,3,1,0,0,0,0,2,4,4,4,4,4,4,4,4,4,4,4,4,4,4,4,4,4,4,4,4,4,4,4,4,4,4,2,0,0,0,0,1,3,
 3,3,3,3,3,3,3,3,3,1,0,0,0,0,0,0,0,0,0,0,0,0,0,0,0,0,0,0,0,0,1,3,3,3,3,3,3,3,3,3,3,1,0,0,0,4,0,0,0,0,4,0,0,0,1,3,3,3,3,3,3,1,0,0,0,0,2,4,4,4,4,4,4,4,4,4,4,4,4,4,4,4,4,4,4,4,4,4,4,4,4,4,4,2,0,0,0,0,1,3,
 3,3,3,3,3,3,3,3,3,1,0,0,0,0,0,0,0,0,0,0,0,0,0,0,0,0,0,0,0,0,1,3,3,3,3,3,3,3,3,3,3,1,0,0,0,0,2,2,2,2,0,0,0,0,1,3,3,3,3,3,3,1,0,0,0,0,2,4,4,2,2,2,2,2,2,2,2,2,2,2,2,2,2,2,2,2,2,2,2,2,2,4,4,2,0,0,0,0,1,3,
 3,3,3,3,3,3,3,3,3,1,0,0,0,0,1,1,1,1,1,1,1,1,1,1,1,1,1,1,1,1,1,3,3,3,3,3,3,3,3,3,3,1,0,0,0,0,2,2,2,2,0,0,0,0,1,3,3,3,3,3,3,1,0,0,0,0,2,4,4,2,4,0,0,0,0,0,0,0,0,0,0,0,0,0,0,0,0,0,0,4,2,4,4,2,0,0,0,0,1,3,
diff --git a/tiled/empyrean_campaign/temple_of_mez_3.tmx b/tiled/empyrean_campaign/temple_of_mez_3.tmx
index 9d4267e992caa54205347e29274821cf06d05e09..de13ce80468d75bbf772448b4cd7c59f8fbc9020 100644
--- a/tiled/empyrean_campaign/temple_of_mez_3.tmx
+++ b/tiled/empyrean_campaign/temple_of_mez_3.tmx
@@ -1,5 +1,5 @@
 <?xml version="1.0" encoding="UTF-8"?>
-<map version="1.0" tiledversion="1.0.2" orientation="isometric" renderorder="right-down" width="100" height="100" tilewidth="64" tileheight="32" backgroundcolor="#000000" nextobjectid="34">
+<map version="1.0" tiledversion="1.1.2" orientation="isometric" renderorder="right-down" width="100" height="100" tilewidth="64" tileheight="32" infinite="0" backgroundcolor="#000000" nextobjectid="34">
  <properties>
   <property name="hero_pos" value="26,31"/>
   <property name="music" value="music/boss_theme.ogg"/>
@@ -635,7 +635,7 @@
 3,3,3,3,3,3,3,3,3,3,3,3,3,3,3,3,3,3,3,3,3,3,3,3,3,3,3,3,3,3,3,3,3,3,3,3,3,3,3,3,3,3,3,3,3,3,3,3,3,3,3,3,3,3,3,3,3,3,3,3,1,0,0,1,0,0,0,0,0,0,0,0,0,0,0,0,0,0,0,0,1,1,3,3,3,3,3,3,3,3,3,3,3,3,3,3,3,3,3,3,
 3,3,3,3,3,3,3,3,3,3,3,3,3,3,3,3,3,3,3,3,3,3,3,3,3,3,3,3,3,3,3,3,3,3,3,3,3,3,3,3,3,3,3,3,3,3,3,3,3,3,3,3,3,3,3,3,3,3,3,3,1,4,0,0,0,0,0,0,0,0,0,0,0,4,4,4,4,1,0,0,0,1,1,3,3,3,3,3,3,3,3,3,3,3,3,3,3,3,3,3,
 3,3,3,3,3,3,3,3,3,3,3,3,3,3,3,3,3,3,3,3,3,3,3,3,3,3,3,3,3,3,3,3,3,3,3,3,3,3,3,3,3,3,3,3,3,3,3,3,3,3,3,3,3,3,3,3,3,3,3,3,1,4,0,0,0,0,0,0,4,0,0,0,0,0,0,4,0,4,0,0,0,0,1,3,3,3,3,3,3,3,3,3,3,3,3,3,3,3,3,3,
-3,3,3,3,3,3,3,3,3,3,3,3,3,3,3,3,3,3,3,3,3,3,3,3,3,3,3,3,3,3,3,3,3,3,3,3,3,3,3,3,3,3,3,3,3,3,3,3,3,3,3,3,3,3,3,3,3,3,3,3,1,4,0,0,0,0,0,2,0,0,0,0,0,0,0,0,0,4,0,0,0,1,1,3,3,3,3,3,3,3,3,3,3,3,3,3,3,3,3,3,
+3,3,3,3,3,3,3,3,3,3,3,3,3,3,3,3,3,3,3,3,3,3,3,3,3,3,3,3,3,3,3,3,3,3,3,3,3,3,3,3,3,3,3,3,3,3,3,3,3,3,3,3,3,3,3,3,3,3,3,3,1,4,0,0,0,0,0,0,0,0,0,0,0,0,0,0,0,4,0,0,0,1,1,3,3,3,3,3,3,3,3,3,3,3,3,3,3,3,3,3,
 3,3,3,3,3,3,3,3,3,3,3,3,3,3,3,3,3,3,3,3,3,3,3,3,3,3,3,3,3,3,3,3,3,3,3,3,3,3,3,3,3,3,3,3,3,3,3,3,3,3,3,3,3,3,3,3,3,3,3,3,1,4,0,0,0,0,4,0,0,0,0,0,0,0,0,0,4,4,0,0,0,0,1,3,3,3,3,3,3,3,3,3,3,3,3,3,3,3,3,3,
 3,3,3,3,3,3,3,3,3,3,3,3,3,3,3,3,3,3,3,3,3,3,3,3,3,3,3,3,3,3,3,3,3,3,3,3,3,3,3,3,3,3,3,3,3,3,3,3,3,3,3,3,3,3,3,3,3,3,3,3,1,1,0,0,0,0,0,0,0,0,0,0,0,0,0,0,0,4,0,0,0,0,1,3,3,3,3,3,3,3,3,3,3,3,3,3,3,3,3,3,
 3,3,3,3,3,3,3,3,3,3,3,3,3,3,3,3,3,3,3,3,3,3,3,3,3,3,3,3,3,3,3,3,3,3,3,3,3,3,3,3,3,3,3,3,3,3,3,3,3,3,3,3,3,3,3,3,3,3,3,3,3,1,0,0,0,0,0,0,0,0,0,0,0,0,4,0,0,4,0,0,0,0,1,3,3,3,3,3,3,3,3,3,3,3,3,3,3,3,3,3,
diff --git a/tiled/empyrean_campaign/wizards_tower_3.tmx b/tiled/empyrean_campaign/wizards_tower_3.tmx
index 8cba5fe259e07998c2dbeb555d6d161f99f95db7..6f68ca1fa55a4b6a00f20b94f20b2354b61a6392 100644
--- a/tiled/empyrean_campaign/wizards_tower_3.tmx
+++ b/tiled/empyrean_campaign/wizards_tower_3.tmx
@@ -1,5 +1,5 @@
 <?xml version="1.0" encoding="UTF-8"?>
-<map version="1.0" tiledversion="1.1.0" orientation="isometric" renderorder="right-down" width="84" height="92" tilewidth="64" tileheight="32" infinite="0" backgroundcolor="#000000" nextobjectid="71">
+<map version="1.0" tiledversion="1.1.2" orientation="isometric" renderorder="right-down" width="84" height="92" tilewidth="64" tileheight="32" infinite="0" backgroundcolor="#000000" nextobjectid="71">
  <properties>
   <property name="hero_pos" value="4,7"/>
   <property name="music" value="music/boss_theme.ogg"/>
@@ -301,7 +301,7 @@
 4,4,4,4,4,4,4,4,4,4,4,4,4,4,4,4,4,4,4,4,4,4,4,4,4,4,4,4,4,4,4,4,4,4,4,4,4,4,4,4,4,4,4,4,4,4,4,4,4,4,4,4,4,4,4,4,4,4,4,4,4,4,4,3,3,1,1,1,1,1,1,1,1,1,1,1,1,1,1,1,1,1,1,3,
 4,4,4,4,4,4,4,4,4,4,4,4,4,4,4,4,4,4,4,4,4,4,4,4,4,4,4,4,4,4,4,4,4,4,4,4,4,4,4,4,4,4,4,4,4,4,4,4,4,4,4,4,4,4,4,4,4,4,4,4,4,4,4,3,3,1,4,0,0,0,0,3,0,0,0,0,3,0,0,0,0,0,1,3,
 4,4,4,4,4,4,4,4,4,4,4,4,4,4,4,4,4,4,4,4,4,4,4,4,4,4,4,4,4,4,4,4,4,4,4,4,4,4,4,4,4,4,4,4,4,4,4,4,4,4,4,4,4,4,4,4,4,4,4,4,4,4,4,3,3,1,0,0,0,0,0,0,0,0,0,0,0,0,0,0,0,0,1,3,
-4,4,4,4,4,4,4,4,4,4,4,4,4,4,4,4,4,4,4,4,4,4,4,4,4,4,4,4,4,4,4,4,4,4,4,4,4,4,4,4,4,4,4,4,4,4,4,4,4,4,4,4,4,4,4,4,4,4,4,4,4,4,4,3,3,1,0,0,2,0,0,0,0,0,0,0,0,4,0,0,0,0,1,3,
+4,4,4,4,4,4,4,4,4,4,4,4,4,4,4,4,4,4,4,4,4,4,4,4,4,4,4,4,4,4,4,4,4,4,4,4,4,4,4,4,4,4,4,4,4,4,4,4,4,4,4,4,4,4,4,4,4,4,4,4,4,4,4,3,3,1,0,0,0,0,0,0,0,0,0,0,0,4,0,0,0,0,1,3,
 4,4,4,4,4,4,4,4,4,4,4,4,4,4,4,4,4,4,4,4,4,4,4,4,4,4,4,4,4,4,4,4,4,4,4,4,4,4,4,4,4,4,4,4,4,4,4,4,4,4,4,4,4,4,4,4,4,4,4,4,4,4,4,3,3,1,0,0,0,0,0,0,0,0,0,0,0,0,0,0,0,0,1,3,
 4,4,4,4,4,4,4,4,4,4,4,4,4,4,4,4,4,4,4,4,4,4,4,4,4,4,4,4,4,4,4,4,4,4,4,4,4,4,4,4,4,4,4,4,4,4,4,4,4,4,4,4,4,4,4,4,4,4,4,4,4,4,4,3,3,1,0,0,0,0,0,0,0,0,0,0,0,0,0,0,0,0,1,3,
 4,4,4,4,4,4,4,4,4,4,4,4,4,4,4,4,4,4,4,4,4,4,4,4,4,4,4,4,4,4,4,4,4,4,4,4,4,4,4,4,4,4,4,4,4,4,4,4,4,4,4,4,4,4,4,4,4,4,4,4,4,4,4,3,3,1,3,0,0,0,0,0,0,0,0,0,0,4,0,0,0,0,1,3,
