diff --git a/mods/alpha_demo/maps/brothers_lair_atrium.txt b/mods/alpha_demo/maps/brothers_lair_atrium.txt
index 730c2324bce671cc4eae103b20f5104ae6cd1cfa..e2f495c62b72021d996e6d8791527be79b314801 100644
--- a/mods/alpha_demo/maps/brothers_lair_atrium.txt
+++ b/mods/alpha_demo/maps/brothers_lair_atrium.txt
@@ -8,13 +8,13 @@ tileset=tileset_dungeon.txt
 title=Brothers' Lair Atrium
 
 [tilesets]
-tileset=../../../tiled/dungeon/tiled_collision.png,64,32,0,0
-tileset=../../../tiled/dungeon/tiled_dungeon.png,64,128,0,0
-tileset=../../../tiled/dungeon/set_rules.png,64,32,0,0
-tileset=../../../tiled/dungeon/tiled_dungeon_2x2.png,128,64,0,16
-tileset=../../../tiled/dungeon/door_left.png,64,128,-16,-8
-tileset=../../../tiled/dungeon/door_right.png,64,128,16,-8
-tileset=../../../tiled/dungeon/stairs.png,256,256,0,48
+tileset=../../../../flare-game/tiled/dungeon/tiled_collision.png,64,32,0,0
+tileset=../../../../flare-game/tiled/dungeon/tiled_dungeon.png,64,128,0,0
+tileset=../../../../flare-game/tiled/dungeon/set_rules.png,64,32,0,0
+tileset=../../../../flare-game/tiled/dungeon/tiled_dungeon_2x2.png,128,64,0,16
+tileset=../../../../flare-game/tiled/dungeon/door_left.png,64,128,-16,-8
+tileset=../../../../flare-game/tiled/dungeon/door_right.png,64,128,16,-8
+tileset=../../../../flare-game/tiled/dungeon/stairs.png,256,256,0,48
 
 [layer]
 type=background
@@ -25,45 +25,45 @@ data=
 0,0,0,0,0,0,0,0,0,0,0,0,16,32,35,0,0,0,0,0,0,0,0,0,0,0,0,0,0,0,
 0,0,0,0,0,19,18,16,16,16,16,16,17,35,35,18,19,16,16,16,16,16,16,18,0,0,0,0,0,0,
 0,0,0,0,0,17,33,34,34,34,34,34,33,32,32,33,34,34,34,34,34,34,34,34,0,0,0,0,0,0,
-0,0,0,0,0,16,32,16,16,16,16,16,16,16,16,16,16,16,16,16,16,16,16,35,0,0,0,0,0,0,
-0,0,0,0,0,16,32,16,16,16,16,16,16,16,16,16,16,16,16,16,16,16,16,35,0,0,0,0,0,0,
-0,0,0,0,0,16,32,16,16,16,16,16,16,16,16,16,16,16,16,16,16,16,16,35,0,0,0,0,0,0,
-0,0,0,0,0,16,32,16,16,16,16,16,16,16,16,16,16,16,16,16,16,16,16,35,0,0,0,0,0,0,
-0,0,0,0,0,16,32,16,16,16,16,33,34,33,33,33,33,33,34,16,16,16,16,35,0,0,0,0,0,0,
-0,0,0,0,0,16,32,16,16,16,16,32,0,0,0,0,0,18,35,16,16,16,16,35,0,0,0,0,0,0,
-0,0,16,16,16,17,35,16,16,16,16,35,0,0,0,0,0,19,32,16,16,16,16,35,18,19,16,16,0,0,
-0,0,34,34,34,33,32,16,16,16,16,35,0,0,0,0,0,16,32,16,16,16,16,32,33,34,34,34,0,0,
-0,0,33,33,33,33,34,16,16,16,16,35,0,0,0,0,0,16,32,16,16,16,16,33,34,33,33,33,0,0,
-0,0,0,0,0,18,35,16,16,16,16,35,0,0,0,0,0,16,32,16,16,16,16,32,0,0,0,0,0,0,
-0,0,0,0,0,19,32,16,16,16,16,35,18,19,16,16,16,17,35,16,16,16,16,35,0,0,0,0,0,0,
-0,0,0,0,0,16,32,16,16,16,16,32,33,34,34,34,34,33,32,16,16,16,16,35,0,0,0,0,0,0,
-0,0,0,0,0,16,32,16,16,16,16,16,16,16,16,16,16,16,16,16,16,16,16,35,0,0,0,0,0,0,
-0,0,0,0,0,16,32,16,16,16,16,16,16,16,0,0,16,16,16,16,16,16,16,35,0,0,0,0,0,0,
-0,0,0,0,0,16,32,16,16,16,16,16,16,16,264,0,16,16,16,16,16,16,16,35,0,0,0,0,0,0,
-0,0,0,0,0,16,32,16,16,16,16,16,16,16,16,16,16,16,16,16,16,16,16,35,0,0,0,0,0,0,
-0,0,0,0,0,19,34,33,33,33,33,33,33,34,16,16,33,34,33,33,33,33,33,35,0,0,0,0,0,0,
-0,0,0,0,0,0,0,0,0,0,0,0,18,35,16,16,32,0,0,0,0,0,0,0,0,0,0,0,0,0,
-0,0,0,0,0,0,0,0,0,0,0,0,19,32,16,16,35,0,0,0,0,0,0,0,0,0,0,0,0,0,
-0,0,0,0,0,0,0,0,0,0,0,0,16,32,16,16,35,0,0,0,0,0,0,0,0,0,0,0,0,0,
-0,0,0,0,0,0,0,0,0,0,0,0,16,32,16,16,35,0,0,0,0,0,0,0,0,0,0,0,0,0,
-0,0,0,0,0,0,0,0,0,19,18,16,17,35,16,16,35,18,19,18,0,0,0,0,0,0,0,0,0,0,
-0,0,0,0,0,0,0,0,0,17,33,34,33,32,16,16,32,33,34,34,0,0,0,0,0,0,0,0,0,0,
-0,0,0,0,0,0,0,0,0,16,32,16,16,16,16,16,16,16,16,35,0,0,0,0,0,0,0,0,0,0,
-0,0,0,0,0,0,0,0,0,19,34,33,33,34,16,16,33,34,33,35,0,0,0,0,0,0,0,0,0,0,
-0,0,0,0,0,0,0,0,0,0,0,0,18,35,16,16,32,0,0,0,0,0,0,0,0,0,0,0,0,0,
-0,0,0,0,0,0,0,0,0,0,0,0,19,32,16,16,35,0,0,0,0,0,0,0,0,0,0,0,0,0,
-0,0,0,0,0,0,0,0,0,0,0,0,16,32,16,16,35,0,0,0,0,0,0,0,0,0,0,0,0,0,
-0,0,0,0,0,0,0,0,0,0,0,0,16,32,16,16,35,0,0,0,0,0,0,0,0,0,0,0,0,0,
-0,0,0,0,0,0,0,0,0,19,18,16,17,35,16,16,35,18,19,18,0,0,0,0,0,0,0,0,0,0,
-0,0,0,0,0,0,0,0,0,17,33,34,33,32,16,16,32,33,34,34,0,0,0,0,0,0,0,0,0,0,
-0,0,0,0,0,0,0,0,0,16,32,16,16,16,16,16,16,16,16,35,0,0,0,0,0,0,0,0,0,0,
-0,0,0,0,0,0,0,0,0,19,34,33,33,34,16,16,33,34,33,35,0,0,0,0,0,0,0,0,0,0,
-0,0,0,0,0,0,0,0,0,0,0,0,18,35,16,16,32,0,0,0,0,0,0,0,0,0,0,0,0,0,
-0,0,0,0,0,0,0,0,0,0,0,0,19,32,16,16,35,0,0,0,0,0,0,0,0,0,0,0,0,0,
-0,0,0,0,0,0,0,0,0,0,0,0,16,32,16,16,35,0,0,0,0,0,0,0,0,0,0,0,0,0,
-0,0,0,0,0,0,0,0,0,0,0,0,16,32,16,16,35,0,0,0,0,0,0,0,0,0,0,0,0,0,
-0,0,0,0,0,0,0,0,0,0,0,0,16,32,16,16,35,0,0,0,0,0,0,0,0,0,0,0,0,0,
-0,0,0,0,0,0,0,0,0,0,0,0,16,32,16,16,35,0,0,0,0,0,0,0,0,0,0,0,0,0,
+0,0,0,0,0,16,32,38,37,39,16,16,19,38,42,36,18,17,41,39,36,16,38,35,0,0,0,0,0,0,
+0,0,0,0,0,16,32,18,47,19,18,17,47,38,19,18,19,18,16,36,36,16,19,35,0,0,0,0,0,0,
+0,0,0,0,0,16,32,47,19,45,44,36,17,17,41,19,45,42,18,40,19,16,37,35,0,0,0,0,0,0,
+0,0,0,0,0,16,32,17,47,19,37,42,18,17,42,42,45,18,44,18,19,16,19,35,0,0,0,0,0,0,
+0,0,0,0,0,16,32,38,39,36,45,33,34,33,33,33,33,33,34,39,16,18,17,35,0,0,0,0,0,0,
+0,0,0,0,0,16,32,43,19,18,39,32,19,42,42,42,18,18,35,19,39,19,17,35,0,0,0,0,0,0,
+0,0,16,16,16,17,35,45,46,19,19,35,16,19,44,17,42,19,32,18,44,16,17,35,18,19,16,16,0,0,
+0,0,34,34,34,33,32,19,19,42,18,35,18,19,18,47,19,16,32,42,19,19,16,32,33,34,34,34,0,0,
+0,0,33,33,33,33,34,40,47,16,45,35,18,18,18,38,16,16,32,37,17,16,17,33,34,33,33,33,0,0,
+0,0,0,0,0,18,35,46,16,45,16,35,17,17,18,38,18,16,32,18,37,18,39,32,0,0,0,0,0,0,
+0,0,0,0,0,19,32,17,39,46,37,35,18,19,16,16,16,17,35,47,16,18,19,35,0,0,0,0,0,0,
+0,0,0,0,0,16,32,17,19,18,39,32,33,34,34,34,34,33,32,37,46,46,36,35,0,0,0,0,0,0,
+0,0,0,0,0,16,32,40,47,17,37,38,16,37,45,45,19,43,45,17,16,42,46,35,0,0,0,0,0,0,
+0,0,0,0,0,16,32,16,16,18,17,19,17,42,0,0,36,18,18,39,43,19,16,35,0,0,0,0,0,0,
+0,0,0,0,0,16,32,16,41,16,19,45,18,18,264,0,16,17,45,41,44,39,38,35,0,0,0,0,0,0,
+0,0,0,0,0,16,32,16,18,18,36,41,18,19,46,47,19,42,47,40,17,16,37,35,0,0,0,0,0,0,
+0,0,0,0,0,19,34,33,33,33,33,33,33,34,47,16,33,34,33,33,33,33,33,35,0,0,0,0,0,0,
+0,0,0,0,0,0,0,0,0,0,0,0,18,35,16,18,32,0,0,0,0,0,0,0,0,0,0,0,0,0,
+0,0,0,0,0,0,0,0,0,0,0,0,19,32,44,45,35,0,0,0,0,0,0,0,0,0,0,0,0,0,
+0,0,0,0,0,0,0,0,0,0,0,0,16,32,46,18,35,0,0,0,0,0,0,0,0,0,0,0,0,0,
+0,0,0,0,0,0,0,0,0,0,0,0,16,32,38,17,35,0,0,0,0,0,0,0,0,0,0,0,0,0,
+0,0,0,0,0,0,0,0,0,19,18,16,17,35,42,43,35,18,19,18,0,0,0,0,0,0,0,0,0,0,
+0,0,0,0,0,0,0,0,0,17,33,34,33,32,19,19,32,33,34,34,0,0,0,0,0,0,0,0,0,0,
+0,0,0,0,0,0,0,0,0,16,32,41,47,17,17,17,38,43,17,35,0,0,0,0,0,0,0,0,0,0,
+0,0,0,0,0,0,0,0,0,19,34,33,33,34,37,37,33,34,33,35,0,0,0,0,0,0,0,0,0,0,
+0,0,0,0,0,0,0,0,0,0,0,0,18,35,17,37,32,0,0,0,0,0,0,0,0,0,0,0,0,0,
+0,0,0,0,0,0,0,0,0,0,0,0,19,32,44,17,35,0,0,0,0,0,0,0,0,0,0,0,0,0,
+0,0,0,0,0,0,0,0,0,0,0,0,16,32,43,37,35,0,0,0,0,0,0,0,0,0,0,0,0,0,
+0,0,0,0,0,0,0,0,0,0,0,0,16,32,16,47,35,0,0,0,0,0,0,0,0,0,0,0,0,0,
+0,0,0,0,0,0,0,0,0,19,18,16,17,35,42,16,35,18,19,18,0,0,0,0,0,0,0,0,0,0,
+0,0,0,0,0,0,0,0,0,17,33,34,33,32,19,16,32,33,34,34,0,0,0,0,0,0,0,0,0,0,
+0,0,0,0,0,0,0,0,0,16,32,17,45,19,16,36,45,17,47,35,0,0,0,0,0,0,0,0,0,0,
+0,0,0,0,0,0,0,0,0,19,34,33,33,34,37,19,33,34,33,35,0,0,0,0,0,0,0,0,0,0,
+0,0,0,0,0,0,0,0,0,0,0,0,18,35,44,39,32,0,0,0,0,0,0,0,0,0,0,0,0,0,
+0,0,0,0,0,0,0,0,0,0,0,0,19,32,17,44,35,0,0,0,0,0,0,0,0,0,0,0,0,0,
+0,0,0,0,0,0,0,0,0,0,0,0,16,32,18,18,35,0,0,0,0,0,0,0,0,0,0,0,0,0,
+0,0,0,0,0,0,0,0,0,0,0,0,16,32,17,36,35,0,0,0,0,0,0,0,0,0,0,0,0,0,
+0,0,0,0,0,0,0,0,0,0,0,0,16,32,45,17,35,0,0,0,0,0,0,0,0,0,0,0,0,0,
+0,0,0,0,0,0,0,0,0,0,0,0,16,32,44,18,35,0,0,0,0,0,0,0,0,0,0,0,0,0,
 0,0,0,0,0,0,0,0,0,0,0,0,19,34,32,33,34,0,0,0,0,0,0,0,0,0,0,0,0,0,
 0,0,0,0,0,0,0,0,0,0,0,0,0,19,35,32,0,0,0,0,0,0,0,0,0,0,0,0,0,0,
 0,0,0,0,0,0,0,0,0,0,0,0,0,16,32,35,0,0,0,0,0,0,0,0,0,0,0,0,0,0,
@@ -74,36 +74,36 @@ data=
 type=object
 data=
 0,0,0,0,0,0,0,0,0,0,0,0,0,0,0,0,0,0,0,0,0,0,0,0,0,0,0,0,0,0,
-0,0,0,0,0,0,0,0,0,0,0,0,64,244,245,66,0,0,0,0,0,0,0,0,0,0,0,0,0,0,
+0,0,0,0,0,0,0,0,0,0,0,0,64,282,283,66,0,0,0,0,0,0,0,0,0,0,0,0,0,0,
 0,0,0,0,0,0,0,0,0,0,0,0,102,0,0,66,0,0,0,0,0,0,0,0,0,0,0,0,0,0,
 0,0,0,0,0,0,0,0,0,0,0,0,64,0,0,66,0,0,0,0,0,0,0,0,0,0,0,0,0,0,
 0,0,0,0,0,77,69,65,65,65,65,65,73,0,0,74,65,65,65,65,65,65,65,69,78,0,0,0,0,0,
-0,0,0,0,0,68,0,0,0,0,0,0,167,0,0,167,0,0,0,0,0,0,0,0,66,0,0,0,0,0,
+0,0,0,0,0,68,0,0,0,0,0,0,167,0,0,167,179,0,0,0,0,0,0,0,66,0,0,0,0,0,
 0,0,0,0,0,64,0,0,0,0,0,0,0,0,0,0,0,0,0,0,0,0,0,0,66,0,0,0,0,0,
-0,0,0,0,0,64,0,0,111,0,0,0,0,0,0,0,0,0,0,0,0,111,0,0,66,0,0,0,0,0,
+0,0,0,0,0,64,178,0,111,0,0,0,0,0,0,0,0,0,0,0,0,111,0,0,66,0,0,0,0,0,
+0,0,0,0,0,64,0,0,179,0,0,0,0,0,0,0,0,0,0,0,0,0,0,0,66,0,0,0,0,0,
 0,0,0,0,0,64,0,0,0,0,0,0,0,0,0,0,0,0,0,0,0,0,0,0,66,0,0,0,0,0,
+0,0,0,0,0,64,0,0,0,0,0,0,0,0,0,0,0,0,0,0,0,178,176,0,66,0,0,0,0,0,
 0,0,0,0,0,64,0,0,0,0,0,0,0,0,0,0,0,0,0,0,0,0,0,0,66,0,0,0,0,0,
-0,0,0,0,0,64,0,0,0,0,0,0,0,0,0,0,0,0,0,0,0,0,0,0,66,0,0,0,0,0,
-0,0,0,0,0,64,0,0,0,0,0,0,75,67,67,67,67,72,0,0,0,0,0,0,66,0,0,0,0,0,
-0,0,65,103,65,73,164,0,0,0,0,0,66,0,0,0,0,64,0,0,0,0,0,130,74,65,103,65,0,0,
-0,0,242,0,0,0,0,0,0,0,0,0,66,0,0,0,0,64,0,0,0,0,0,0,0,0,0,242,0,0,
-0,0,241,0,0,0,0,0,0,0,0,0,66,0,0,0,0,64,0,0,0,0,0,0,0,0,0,241,0,0,
-0,0,67,67,67,72,164,0,0,0,0,0,66,0,0,0,0,64,0,0,0,0,0,130,91,83,83,83,0,0,
-0,0,0,0,0,64,0,0,0,0,0,0,74,73,244,245,74,73,0,0,0,0,0,0,82,0,0,0,0,0,
-0,0,0,0,0,64,0,0,0,0,0,0,0,0,0,0,0,0,0,0,0,0,0,0,82,0,0,0,0,0,
+0,0,65,103,65,73,164,0,0,0,0,0,0,0,0,0,0,0,0,0,0,0,0,130,74,65,103,65,0,0,
+0,0,281,0,0,0,0,0,0,0,0,0,0,0,0,0,0,0,0,0,0,0,0,0,0,0,0,0,281,0,
+0,0,280,0,0,0,0,0,0,0,0,0,0,0,0,0,0,181,0,0,0,0,0,0,0,0,0,0,280,0,
+0,0,67,67,67,72,164,0,0,0,0,0,0,284,0,0,0,0,0,0,0,0,180,130,91,83,83,83,0,0,
+0,0,0,0,0,64,177,0,0,0,0,0,0,178,0,0,0,0,0,0,0,0,0,0,82,0,0,0,0,0,
 0,0,0,0,0,64,0,0,0,0,0,0,0,0,0,0,0,0,0,0,0,0,0,0,82,0,0,0,0,0,
 0,0,0,0,0,64,0,0,0,0,0,0,0,0,0,0,0,0,0,0,0,0,0,0,82,0,0,0,0,0,
+0,0,0,0,0,64,0,0,0,0,0,0,0,0,0,0,176,0,0,0,0,0,0,0,82,0,0,0,0,0,
 0,0,0,0,0,64,0,0,111,0,0,0,0,0,0,0,0,0,0,0,0,111,0,0,82,0,0,0,0,0,
-0,0,0,0,0,64,0,0,0,0,0,0,0,0,0,0,0,0,0,0,0,0,0,0,82,0,0,0,0,0,
-0,0,0,0,0,68,0,0,0,0,0,0,0,0,0,0,0,0,0,0,0,0,0,0,82,0,0,0,0,0,
+0,0,0,0,0,64,0,0,0,0,0,0,0,0,0,0,0,0,0,0,178,0,0,0,82,0,0,0,0,0,
+0,0,0,0,0,68,0,0,0,0,0,0,181,0,0,0,0,0,0,0,0,0,0,0,82,0,0,0,0,0,
 0,0,0,0,0,76,67,67,67,67,67,67,72,0,0,0,0,91,83,83,83,83,83,83,95,0,0,0,0,0,
 0,0,0,0,0,0,0,0,0,0,0,0,64,0,0,0,0,82,0,0,0,0,0,0,0,0,0,0,0,0,
 0,0,0,0,0,0,0,0,0,0,0,0,102,0,0,0,0,82,0,0,0,0,0,0,0,0,0,0,0,0,
 0,0,0,0,0,0,0,0,0,0,0,0,64,0,0,0,0,82,0,0,0,0,0,0,0,0,0,0,0,0,
 0,0,0,0,0,0,0,0,0,77,69,65,73,0,0,0,0,90,81,69,78,0,0,0,0,0,0,0,0,0,
-0,0,0,0,0,0,0,0,0,106,0,0,0,0,0,0,0,0,0,0,70,0,0,0,0,0,0,0,0,0,
+0,0,0,0,0,0,0,0,0,106,0,0,0,0,0,0,0,0,176,0,70,0,0,0,0,0,0,0,0,0,
 0,0,0,0,0,0,0,0,0,98,0,134,0,0,0,0,0,0,134,0,82,0,0,0,0,0,0,0,0,0,
-0,0,0,0,0,0,0,0,0,106,0,0,0,0,0,0,0,0,0,0,82,0,0,0,0,0,0,0,0,0,
+0,0,0,0,0,0,0,0,0,106,0,0,177,0,0,0,0,0,0,0,82,0,0,0,0,0,0,0,0,0,
 0,0,0,0,0,0,0,0,0,76,67,67,72,0,0,0,0,91,83,83,95,0,0,0,0,0,0,0,0,0,
 0,0,0,0,0,0,0,0,0,0,0,0,64,0,0,0,0,82,0,0,0,0,0,0,0,0,0,0,0,0,
 0,0,0,0,0,0,0,0,0,0,0,0,102,0,0,0,0,82,0,0,0,0,0,0,0,0,0,0,0,0,
@@ -112,16 +112,16 @@ data=
 0,0,0,0,0,0,0,0,0,106,0,0,0,0,0,0,0,0,0,0,70,0,0,0,0,0,0,0,0,0,
 0,0,0,0,0,0,0,0,0,98,0,134,0,0,0,0,0,0,134,0,82,0,0,0,0,0,0,0,0,0,
 0,0,0,0,0,0,0,0,0,106,0,0,0,0,0,0,0,0,0,0,82,0,0,0,0,0,0,0,0,0,
-0,0,0,0,0,0,0,0,0,76,67,67,72,0,0,0,0,91,83,83,95,0,0,0,0,0,0,0,0,0,
+0,0,0,0,0,0,0,0,0,76,67,67,72,180,0,0,0,91,83,83,95,0,0,0,0,0,0,0,0,0,
 0,0,0,0,0,0,0,0,0,0,0,0,64,0,0,0,0,82,0,0,0,0,0,0,0,0,0,0,0,0,
 0,0,0,0,0,0,0,0,0,0,0,0,64,0,0,0,0,82,0,0,0,0,0,0,0,0,0,0,0,0,
 0,0,0,0,0,0,0,0,0,0,0,0,64,0,0,0,0,82,0,0,0,0,0,0,0,0,0,0,0,0,
 0,0,0,0,0,0,0,0,0,0,0,0,64,0,0,0,0,82,0,0,0,0,0,0,0,0,0,0,0,0,
 0,0,0,0,0,0,0,0,0,0,0,0,64,0,0,0,0,82,0,0,0,0,0,0,0,0,0,0,0,0,
-0,0,0,0,0,0,0,0,0,0,0,0,68,0,0,0,0,82,0,0,0,0,0,0,0,0,0,0,0,0,
+0,0,0,0,0,0,0,0,0,0,0,0,68,178,0,0,0,82,0,0,0,0,0,0,0,0,0,0,0,0,
 0,0,0,0,0,0,0,0,0,0,0,0,76,72,0,0,91,95,0,0,0,0,0,0,0,0,0,0,0,0,
-0,0,0,0,0,0,0,0,0,0,0,0,0,64,244,245,82,0,0,0,0,0,0,0,0,0,0,0,0,0,
-0,0,0,0,0,0,0,0,0,0,0,0,0,0,0,0,0,0,0,0,0,0,0,0,0,0,0,0,0,0,
+0,0,0,0,0,0,0,0,0,0,0,0,0,64,0,0,82,0,0,0,0,0,0,0,0,0,0,0,0,0,
+0,0,0,0,0,0,0,0,0,0,0,0,0,0,282,283,0,0,0,0,0,0,0,0,0,0,0,0,0,0,
 0,0,0,0,0,0,0,0,0,0,0,0,0,0,0,0,0,0,0,0,0,0,0,0,0,0,0,0,0,0
 
 [layer]
@@ -138,12 +138,12 @@ data=
 3,3,3,3,3,1,0,0,0,0,0,0,0,0,0,0,0,0,0,0,0,0,0,0,1,3,3,3,3,3,
 3,3,3,3,3,1,0,0,0,0,0,0,0,0,0,0,0,0,0,0,0,0,0,0,1,3,3,3,3,3,
 3,3,3,3,3,1,0,0,0,0,0,0,0,0,0,0,0,0,0,0,0,0,0,0,1,3,3,3,3,3,
-3,3,3,3,3,1,0,0,0,0,0,0,1,1,1,1,1,1,0,0,0,0,0,0,1,3,3,3,3,3,
-3,3,1,1,1,1,2,0,0,0,0,0,1,3,3,3,3,1,0,0,0,0,0,1,1,1,1,1,3,3,
-3,3,0,0,0,0,0,0,0,0,0,0,1,3,3,3,3,1,0,0,0,0,0,0,0,0,0,0,3,3,
-3,3,0,0,0,0,0,0,0,0,0,0,1,3,3,3,3,1,0,0,0,0,0,0,0,0,0,0,3,3,
-3,3,1,1,1,1,2,0,0,0,0,0,1,3,3,3,3,1,0,0,0,0,0,1,1,1,1,1,3,3,
-3,3,3,3,3,1,0,0,0,0,0,0,1,1,0,0,1,1,0,0,0,0,0,0,1,3,3,3,3,3,
+3,3,3,3,3,1,0,0,0,0,0,0,0,0,0,0,0,0,0,0,0,0,0,0,1,3,3,3,3,3,
+3,3,1,1,1,1,2,0,0,0,0,0,0,1,1,1,1,0,0,0,0,0,0,1,1,1,1,1,3,3,
+3,3,0,0,0,0,0,0,0,0,0,0,0,1,1,1,1,0,0,0,0,0,0,0,0,0,0,0,3,3,
+3,3,0,0,0,0,0,0,0,0,0,0,0,1,1,1,1,0,0,0,0,0,0,0,0,0,0,0,3,3,
+3,3,1,1,1,1,2,0,0,0,0,0,0,1,0,0,1,0,0,0,0,0,0,1,1,1,1,1,3,3,
+3,3,3,3,3,1,0,0,0,0,0,0,0,0,0,0,0,0,0,0,0,0,0,0,1,3,3,3,3,3,
 3,3,3,3,3,1,0,0,0,0,0,0,0,0,0,0,0,0,0,0,0,0,0,0,1,3,3,3,3,3,
 3,3,3,3,3,1,0,0,0,0,0,0,0,0,0,0,0,0,0,0,0,0,0,0,1,3,3,3,3,3,
 3,3,3,3,3,1,0,0,0,0,0,0,0,0,0,0,0,0,0,0,0,0,0,0,1,3,3,3,3,3,
@@ -182,42 +182,50 @@ data=
 # to Ice Hall
 type=teleport
 location=2,13,1,2
+hotspot=2,13,1,2
 intermap=brothers_lair_ice_hall.txt,47,71
+soundfx=soundfx/door_open.ogg
 
 [event]
 # to Sacrifice Room
 type=teleport
-location=14,16,2,1
-intermap=brothers_lair_sacrifice_room.txt,9,38
+location=14,15,2,1
+intermap=brothers_lair_sacrifice_room.txt,9,41
 
 [event]
 # to Cave 2
 type=teleport
 location=14,47,2,1
+hotspot=14,48,2,1
 intermap=cave_of_living_bones2.txt,32,4
+soundfx=soundfx/door_open.ogg
 
 [event]
 # to Fire Hall
 type=teleport
 location=13,1,2,1
+hotspot=13,1,2,1
 intermap=brothers_lair_fire_hall.txt,25,77
+soundfx=soundfx/door_open.ogg
 
 [event]
 # to Wind Hall
 type=teleport
 location=27,13,1,2
+hotspot=28,13,1,2
 intermap=brothers_lair_wind_hall.txt,3,19
+soundfx=soundfx/door_open.ogg
 
 [event]
 # Unset a lot of event variables
-type=run_once
-location=0,0,30,50
+type=on_load
+location=1,3,1,1
 unset_status=lb_ice_attack,lb_fire_attack,lb_wind_attack,lb_ice_looted,lb_fire_looted,lb_wind_looted
 
 [event]
 # brazier sound effect
 type=run_always
-location=8,2,10,5
+location=9,2,10,7
 cooldown=120
 soundfx=soundfx/environment/open_fire.ogg
 
diff --git a/mods/alpha_demo/maps/brothers_lair_sacrifice_room.txt b/mods/alpha_demo/maps/brothers_lair_sacrifice_room.txt
index f011f2ae224597a3e5be1caecd1f5b3e89aeb5a1..433cd7a68cb7deb4b174217c191d68c04001d35b 100644
--- a/mods/alpha_demo/maps/brothers_lair_sacrifice_room.txt
+++ b/mods/alpha_demo/maps/brothers_lair_sacrifice_room.txt
@@ -1,6 +1,6 @@
 [header]
 width=20
-height=40
+height=48
 tilewidth=64
 tileheight=32
 location=28,76,3
@@ -9,13 +9,13 @@ tileset=tileset_dungeon.txt
 title=Brothers' Sacrifice Room
 
 [tilesets]
-tileset=../../../tiled/dungeon/tiled_collision.png,64,32,0,0
-tileset=../../../tiled/dungeon/tiled_dungeon.png,64,128,0,0
-tileset=../../../tiled/dungeon/set_rules.png,64,32,0,0
-tileset=../../../tiled/dungeon/tiled_dungeon_2x2.png,128,64,0,16
-tileset=../../../tiled/dungeon/door_left.png,64,128,-16,-8
-tileset=../../../tiled/dungeon/door_right.png,64,128,16,-8
-tileset=../../../tiled/dungeon/stairs.png,256,256,0,48
+tileset=../../../../flare-game/tiled/dungeon/tiled_collision.png,64,32,0,0
+tileset=../../../../flare-game/tiled/dungeon/tiled_dungeon.png,64,128,0,0
+tileset=../../../../flare-game/tiled/dungeon/set_rules.png,64,32,0,0
+tileset=../../../../flare-game/tiled/dungeon/tiled_dungeon_2x2.png,128,64,0,16
+tileset=../../../../flare-game/tiled/dungeon/door_left.png,64,128,-16,-8
+tileset=../../../../flare-game/tiled/dungeon/door_right.png,64,128,16,-8
+tileset=../../../../flare-game/tiled/dungeon/stairs.png,256,256,0,48
 
 [layer]
 type=background
@@ -24,19 +24,19 @@ data=
 0,0,0,0,0,0,0,0,0,0,0,0,0,0,0,0,0,0,0,0,
 0,19,18,16,18,0,0,19,18,16,18,0,0,19,18,16,18,0,0,0,
 0,17,33,34,35,18,19,17,35,34,35,18,19,17,35,34,34,0,0,0,
-0,16,32,16,32,33,34,33,32,16,32,33,34,33,32,16,35,0,0,0,
-0,19,33,34,16,16,16,16,16,16,16,16,16,16,16,33,34,0,0,0,
-0,0,18,35,16,16,16,16,16,16,16,16,16,16,16,32,0,0,0,0,
-0,0,19,32,16,16,16,16,16,16,16,16,16,16,16,35,0,0,0,0,
-0,19,17,35,16,16,16,16,16,16,16,16,16,16,16,32,18,0,0,0,
-0,17,33,32,16,16,16,16,16,16,16,16,16,16,16,35,33,0,0,0,
-0,16,32,16,16,16,16,16,16,16,16,16,16,16,16,16,35,0,0,0,
-0,19,33,34,16,16,16,16,16,16,16,16,16,16,16,33,34,0,0,0,
-0,0,18,35,16,16,16,16,16,16,16,16,16,16,16,32,0,0,0,0,
-0,0,19,32,16,16,16,16,16,16,16,16,16,16,16,35,0,0,0,0,
-0,19,17,35,16,16,16,16,16,16,16,16,16,16,16,32,18,0,0,0,
-0,17,33,32,16,16,16,16,16,16,16,16,16,16,16,35,33,0,0,0,
-0,16,32,16,33,34,33,34,32,16,33,34,33,34,32,16,35,0,0,0,
+0,16,32,16,32,33,34,33,32,18,32,33,34,33,32,16,35,0,0,0,
+0,19,33,34,41,39,18,19,44,41,17,43,42,16,16,33,34,0,0,0,
+0,0,18,35,19,42,18,19,17,17,19,18,19,17,17,32,0,0,0,0,
+0,0,19,32,17,38,44,17,46,16,18,16,17,42,39,35,0,0,0,0,
+0,19,17,35,41,18,19,44,19,17,18,17,19,17,42,32,18,0,0,0,
+0,17,33,32,37,43,16,19,45,41,46,18,19,18,42,35,33,0,0,0,
+0,16,32,18,45,44,17,36,17,17,44,36,36,17,18,39,35,0,0,0,
+0,19,33,34,17,39,18,19,44,17,43,16,16,44,16,33,34,0,0,0,
+0,0,18,35,38,18,19,39,16,36,19,17,40,19,16,32,0,0,0,0,
+0,0,19,32,18,19,40,43,37,45,16,18,40,19,41,35,0,0,0,0,
+0,19,17,35,39,36,18,43,19,47,19,46,39,16,18,32,18,0,0,0,
+0,17,33,32,17,17,44,46,18,18,19,43,16,39,41,35,33,0,0,0,
+0,16,32,16,33,34,33,34,32,43,33,34,33,34,32,16,35,0,0,0,
 0,19,34,33,32,0,0,19,33,34,34,0,0,19,35,33,35,0,0,0,
 0,0,0,0,0,0,0,0,18,35,0,0,0,0,0,0,0,0,0,0,
 0,0,0,0,0,0,0,0,19,32,0,0,0,0,0,0,0,0,0,0,
@@ -53,13 +53,21 @@ data=
 0,0,0,0,0,0,0,0,16,35,0,0,0,0,0,0,0,0,0,0,
 0,0,19,18,16,16,16,16,17,35,18,19,16,16,16,18,0,0,0,0,
 0,0,17,33,34,34,34,34,33,32,33,34,34,34,34,34,0,0,0,0,
-0,0,16,32,16,16,16,16,16,16,16,16,16,16,16,35,0,0,0,0,
-0,0,16,32,16,16,16,16,16,16,16,16,16,16,16,35,0,0,0,0,
-0,0,16,32,16,16,16,16,16,16,16,16,16,16,16,35,0,0,0,0,
-0,0,16,32,16,16,16,16,16,16,16,16,16,16,16,35,0,0,0,0,
-0,0,19,34,33,33,33,34,32,16,33,34,33,33,33,35,0,0,0,0,
-0,0,0,0,0,0,0,19,35,16,32,0,0,0,0,0,0,0,0,0,
-0,0,0,0,0,0,0,16,32,16,35,0,0,0,0,0,0,0,0,0
+0,0,17,32,16,18,40,44,38,17,17,38,43,36,17,35,0,0,0,0,
+0,0,18,32,16,36,37,46,16,17,17,38,17,16,40,35,0,0,0,0,
+0,0,16,32,18,19,19,16,46,47,18,43,16,18,19,35,0,0,0,0,
+0,0,16,32,44,17,41,17,16,16,18,17,18,46,43,35,0,0,0,0,
+0,0,19,34,33,33,33,34,32,41,19,34,33,33,33,35,0,0,0,0,
+0,0,0,0,0,0,17,37,35,43,18,32,16,0,0,0,0,0,0,0,
+0,0,0,0,0,0,36,17,35,18,17,32,16,0,0,0,0,0,0,0,
+0,0,0,0,0,0,40,16,32,19,18,32,16,0,0,0,0,0,0,0,
+0,0,0,0,0,0,36,32,32,19,40,32,32,0,0,0,0,0,0,0,
+0,0,0,0,0,0,19,32,0,0,0,0,32,0,0,0,0,0,0,0,
+0,0,0,0,0,0,39,32,0,0,0,0,32,0,0,0,0,0,0,0,
+0,0,0,0,0,0,18,32,0,0,0,0,32,0,0,0,0,0,0,0,
+0,0,0,0,0,0,36,32,286,0,0,0,32,0,0,0,0,0,0,0,
+0,0,0,0,0,0,17,32,32,32,32,32,32,0,0,0,0,0,0,0,
+0,0,0,0,0,0,0,0,0,0,0,0,0,0,0,0,0,0,0,0
 
 [layer]
 type=object
@@ -67,20 +75,20 @@ data=
 0,0,0,0,0,0,0,0,0,0,0,0,0,0,0,0,0,0,0,0,
 0,0,0,0,0,0,0,0,0,0,0,0,0,0,0,0,0,0,0,0,
 0,77,69,65,97,78,0,77,109,109,69,78,0,77,97,65,109,78,0,0,
-0,104,0,0,0,74,105,73,0,0,0,74,65,73,0,0,0,70,0,0,
+0,104,179,0,0,74,105,73,0,0,0,74,65,73,0,0,0,70,0,0,
 0,64,0,0,0,0,0,0,0,0,0,0,0,0,0,0,0,82,0,0,
-0,68,0,0,0,0,193,0,0,0,0,0,193,0,0,0,0,82,0,0,
+0,68,0,0,0,0,193,0,0,0,0,178,193,0,0,0,0,82,0,0,
 0,76,72,0,0,0,0,0,0,0,0,0,0,0,0,0,91,95,0,0,
-0,0,96,0,192,0,0,0,0,0,0,0,0,0,0,0,82,0,0,0,
-0,77,73,0,0,0,0,0,0,0,0,0,0,0,0,0,90,94,0,0,
+0,0,96,0,192,0,0,0,0,0,0,0,0,0,177,0,82,0,0,0,
+0,77,73,181,0,180,0,0,0,0,0,0,0,0,0,0,90,94,0,0,
 0,96,0,0,0,0,0,0,167,133,167,0,0,0,0,0,0,82,0,0,
-0,96,0,0,0,0,195,0,135,135,135,0,195,0,0,0,0,82,0,0,
-0,68,0,0,0,0,194,0,0,0,0,0,194,0,0,0,0,82,0,0,
-0,76,72,0,0,0,0,0,0,165,0,0,0,0,0,0,91,95,0,0,
-0,0,108,0,192,0,0,0,0,0,0,0,0,0,0,0,82,0,0,0,
+0,96,0,0,0,0,195,0,135,135,135,0,195,178,0,0,0,82,0,0,
+0,68,0,0,0,0,194,177,0,0,178,0,194,0,0,0,0,82,0,0,
+0,76,72,0,0,179,0,0,0,165,180,179,0,0,0,0,91,95,0,0,
+0,0,108,0,192,0,0,0,0,176,0,0,0,0,0,0,82,0,0,0,
 0,77,73,0,0,0,0,0,0,0,0,0,0,0,0,0,90,94,0,0,
-0,68,0,0,0,0,0,0,0,0,0,0,0,0,0,0,0,82,0,0,
-0,64,0,0,0,0,0,0,0,0,0,0,0,0,0,0,0,82,0,0,
+0,68,177,0,0,0,0,0,0,0,0,0,0,0,0,0,0,82,0,0,
+0,64,0,0,0,0,0,0,0,0,0,0,0,0,181,0,0,82,0,0,
 0,104,0,0,0,91,83,88,0,0,0,91,83,88,0,0,0,82,0,0,
 0,76,71,83,83,95,0,92,88,0,91,95,0,92,83,83,83,95,0,0,
 0,0,0,0,0,0,0,0,80,0,82,0,0,0,0,0,0,0,0,0,
@@ -100,10 +108,18 @@ data=
 0,0,64,0,0,0,0,0,0,0,0,0,0,0,0,0,82,0,0,0,
 0,0,64,0,0,0,0,0,0,0,0,0,0,0,0,0,82,0,0,0,
 0,0,64,0,0,0,0,0,0,0,0,0,0,0,0,0,82,0,0,0,
-0,0,96,0,0,0,0,0,0,0,0,0,0,0,0,0,82,0,0,0,
-0,0,68,0,0,0,0,0,0,0,0,0,0,0,0,0,82,0,0,0,
-0,0,76,67,67,67,67,72,0,0,0,75,71,83,83,83,95,0,0,0,
-0,0,0,0,0,0,0,64,244,243,245,66,0,0,0,0,0,0,0,0
+0,0,96,0,0,0,0,0,0,180,0,0,179,0,0,0,82,0,0,0,
+0,0,68,0,0,0,0,180,181,180,0,176,0,0,0,0,82,0,0,0,
+0,0,76,67,67,67,72,176,0,0,177,178,0,91,83,83,95,0,0,0,
+0,0,0,0,0,0,108,0,0,0,0,0,0,82,0,0,0,0,0,0,
+0,0,0,0,0,0,108,0,0,0,0,0,0,82,0,0,0,0,0,0,
+0,0,0,0,0,0,108,0,0,0,0,0,0,82,0,0,0,0,0,0,
+0,0,0,0,0,0,108,0,0,0,0,0,0,82,0,0,0,0,0,0,
+0,0,0,0,0,0,108,0,0,0,0,0,0,82,0,0,0,0,0,0,
+0,0,0,0,0,0,108,0,0,0,0,0,0,82,0,0,0,0,0,0,
+0,0,0,0,0,0,108,0,0,0,0,0,0,82,0,0,0,0,0,0,
+0,0,0,0,0,0,108,0,0,0,0,0,0,82,0,0,0,0,0,0,
+0,0,0,0,0,0,76,71,83,83,83,83,83,95,0,0,0,0,0,0
 
 [layer]
 type=collision
@@ -146,41 +162,50 @@ data=
 3,3,1,0,0,0,0,0,0,0,0,0,0,0,0,0,1,3,3,3,
 3,3,1,0,0,0,0,0,0,0,0,0,0,0,0,0,1,3,3,3,
 3,3,1,0,0,0,0,0,0,0,0,0,0,0,0,0,1,3,3,3,
-3,3,1,1,1,1,1,1,0,0,0,1,1,1,1,1,1,3,3,3,
-3,3,3,3,3,3,3,1,0,0,0,1,3,3,3,3,3,3,3,3
+3,3,1,1,1,1,1,0,0,0,0,0,0,1,1,1,1,3,3,3,
+3,3,3,3,3,3,1,0,0,0,0,0,0,1,3,3,3,3,3,3,
+3,3,3,3,3,3,1,0,0,0,0,0,0,1,3,3,3,3,3,3,
+3,3,3,3,3,3,1,0,0,0,0,0,0,1,3,3,3,3,3,3,
+3,3,3,3,3,3,1,0,4,0,0,4,0,1,3,3,3,3,3,3,
+3,3,3,3,3,3,1,0,4,0,0,4,0,1,3,3,3,3,3,3,
+3,3,3,3,3,3,1,0,4,0,0,4,0,1,3,3,3,3,3,3,
+3,3,3,3,3,3,1,0,4,4,4,4,0,1,3,3,3,3,3,3,
+3,3,3,3,3,3,1,0,0,0,0,0,0,1,3,3,3,3,3,3,
+3,3,3,3,3,3,1,1,1,1,1,1,1,1,3,3,3,3,3,3
 
 [event]
 type=teleport
-location=8,39,3,1
-intermap=brothers_lair_atrium.txt,15,17
+location=9,43,2,2
+intermap=brothers_lair_atrium.txt,15,16
 
 [event]
-type=run_once
-location=0,0,20,40
-requires_status=lb_ice_defeated,lb_fire_defeated,lb_wind_defeated
-set_status=lb_necromancers_defeated
-
-[event]
-type=run_once
-location=0,0,20,40
+type=on_load
+location=0,0,1,1
 mapmod=collision,9,23,0;object,9,23,113
 requires_status=lb_wind_unlocked
 
 [event]
-type=run_once
-location=0,0,20,40
+type=on_load
+location=0,0,1,1
 mapmod=collision,9,26,0;object,9,26,113
 requires_status=lb_fire_unlocked
 
 [event]
-type=run_once
-location=0,0,20,40
+type=on_load
+location=0,0,1,1
 mapmod=collision,9,29,0;object,9,29,113
 requires_status=lb_ice_unlocked
 
 [event]
+# brazier sound effect
+type=run_always
+location=4,6,8,5
+cooldown=120
+soundfx=soundfx/environment/open_fire.ogg
+
+[event]
 type=run_always
-location=0,0,20,40
+location=3,32,13,6
 cooldown=60
 power=6
 power_damage=5,10
@@ -189,7 +214,7 @@ requires_status=lb_wind_attack
 
 [event]
 type=run_always
-location=0,0,20,40
+location=3,32,13,6
 cooldown=60
 power=122
 power_damage=5,10
@@ -198,20 +223,13 @@ requires_status=lb_fire_attack
 
 [event]
 type=run_always
-location=0,0,20,40
+location=3,32,13,6
 cooldown=60
 power=123
 power_damage=5,10
 power_path=7,34,hero
 requires_status=lb_ice_attack
 
-[event]
-# brazier sound effect
-type=run_always
-location=4,6,8,5
-cooldown=120
-soundfx=soundfx/environment/open_fire.ogg
-
 [npc]
 type=statue_guardian_ice
 location=7,34,1,1
diff --git a/tiled/living_bones/brothers_lair_atrium.tmx b/tiled/living_bones/brothers_lair_atrium.tmx
index 96fc4a282df2fb84b40e1dae7716a48b5584bd09..91675e898982aa675d6b85c7f739348802c726d8 100644
--- a/tiled/living_bones/brothers_lair_atrium.tmx
+++ b/tiled/living_bones/brothers_lair_atrium.tmx
@@ -1,5 +1,5 @@
 <?xml version="1.0" encoding="UTF-8"?>
-<map version="1.0" orientation="isometric" width="30" height="50" tilewidth="64" tileheight="32">
+<map version="1.0" orientation="isometric" width="30" height="50" tilewidth="64" tileheight="32" backgroundcolor="#000000">
  <properties>
   <property name="music" value="magical_theme.ogg"/>
   <property name="tileset" value="tileset_dungeon.txt"/>
@@ -30,7 +30,7 @@
   <tileoffset x="0" y="48"/>
   <image source="../dungeon/stairs.png" width="1024" height="256"/>
  </tileset>
- <layer name="background" width="30" height="50" visible="0">
+ <layer name="background" width="30" height="50">
   <data encoding="csv">
 0,0,0,0,0,0,0,0,0,0,0,0,0,0,0,0,0,0,0,0,0,0,0,0,0,0,0,0,0,0,
 0,0,0,0,0,0,0,0,0,0,0,0,16,32,35,0,0,0,0,0,0,0,0,0,0,0,0,0,0,0,
@@ -38,45 +38,45 @@
 0,0,0,0,0,0,0,0,0,0,0,0,16,32,35,0,0,0,0,0,0,0,0,0,0,0,0,0,0,0,
 0,0,0,0,0,19,18,16,16,16,16,16,17,35,35,18,19,16,16,16,16,16,16,18,0,0,0,0,0,0,
 0,0,0,0,0,17,33,34,34,34,34,34,33,32,32,33,34,34,34,34,34,34,34,34,0,0,0,0,0,0,
-0,0,0,0,0,16,32,16,16,16,16,16,16,16,16,16,16,16,16,16,16,16,16,35,0,0,0,0,0,0,
-0,0,0,0,0,16,32,16,16,16,16,16,16,16,16,16,16,16,16,16,16,16,16,35,0,0,0,0,0,0,
-0,0,0,0,0,16,32,16,16,16,16,16,16,16,16,16,16,16,16,16,16,16,16,35,0,0,0,0,0,0,
-0,0,0,0,0,16,32,16,16,16,16,16,16,16,16,16,16,16,16,16,16,16,16,35,0,0,0,0,0,0,
-0,0,0,0,0,16,32,16,16,16,16,33,34,33,33,33,33,33,34,16,16,16,16,35,0,0,0,0,0,0,
-0,0,0,0,0,16,32,16,16,16,16,32,0,0,0,0,0,18,35,16,16,16,16,35,0,0,0,0,0,0,
-0,0,16,16,16,17,35,16,16,16,16,35,0,0,0,0,0,19,32,16,16,16,16,35,18,19,16,16,0,0,
-0,0,34,34,34,33,32,16,16,16,16,35,0,0,0,0,0,16,32,16,16,16,16,32,33,34,34,34,0,0,
-0,0,33,33,33,33,34,16,16,16,16,35,0,0,0,0,0,16,32,16,16,16,16,33,34,33,33,33,0,0,
-0,0,0,0,0,18,35,16,16,16,16,35,0,0,0,0,0,16,32,16,16,16,16,32,0,0,0,0,0,0,
-0,0,0,0,0,19,32,16,16,16,16,35,18,19,16,16,16,17,35,16,16,16,16,35,0,0,0,0,0,0,
-0,0,0,0,0,16,32,16,16,16,16,32,33,34,34,34,34,33,32,16,16,16,16,35,0,0,0,0,0,0,
-0,0,0,0,0,16,32,16,16,16,16,16,16,16,16,16,16,16,16,16,16,16,16,35,0,0,0,0,0,0,
-0,0,0,0,0,16,32,16,16,16,16,16,16,16,0,0,16,16,16,16,16,16,16,35,0,0,0,0,0,0,
-0,0,0,0,0,16,32,16,16,16,16,16,16,16,264,0,16,16,16,16,16,16,16,35,0,0,0,0,0,0,
-0,0,0,0,0,16,32,16,16,16,16,16,16,16,16,16,16,16,16,16,16,16,16,35,0,0,0,0,0,0,
-0,0,0,0,0,19,34,33,33,33,33,33,33,34,16,16,33,34,33,33,33,33,33,35,0,0,0,0,0,0,
-0,0,0,0,0,0,0,0,0,0,0,0,18,35,16,16,32,0,0,0,0,0,0,0,0,0,0,0,0,0,
-0,0,0,0,0,0,0,0,0,0,0,0,19,32,16,16,35,0,0,0,0,0,0,0,0,0,0,0,0,0,
-0,0,0,0,0,0,0,0,0,0,0,0,16,32,16,16,35,0,0,0,0,0,0,0,0,0,0,0,0,0,
-0,0,0,0,0,0,0,0,0,0,0,0,16,32,16,16,35,0,0,0,0,0,0,0,0,0,0,0,0,0,
-0,0,0,0,0,0,0,0,0,19,18,16,17,35,16,16,35,18,19,18,0,0,0,0,0,0,0,0,0,0,
-0,0,0,0,0,0,0,0,0,17,33,34,33,32,16,16,32,33,34,34,0,0,0,0,0,0,0,0,0,0,
-0,0,0,0,0,0,0,0,0,16,32,16,16,16,16,16,16,16,16,35,0,0,0,0,0,0,0,0,0,0,
-0,0,0,0,0,0,0,0,0,19,34,33,33,34,16,16,33,34,33,35,0,0,0,0,0,0,0,0,0,0,
-0,0,0,0,0,0,0,0,0,0,0,0,18,35,16,16,32,0,0,0,0,0,0,0,0,0,0,0,0,0,
-0,0,0,0,0,0,0,0,0,0,0,0,19,32,16,16,35,0,0,0,0,0,0,0,0,0,0,0,0,0,
-0,0,0,0,0,0,0,0,0,0,0,0,16,32,16,16,35,0,0,0,0,0,0,0,0,0,0,0,0,0,
-0,0,0,0,0,0,0,0,0,0,0,0,16,32,16,16,35,0,0,0,0,0,0,0,0,0,0,0,0,0,
-0,0,0,0,0,0,0,0,0,19,18,16,17,35,16,16,35,18,19,18,0,0,0,0,0,0,0,0,0,0,
-0,0,0,0,0,0,0,0,0,17,33,34,33,32,16,16,32,33,34,34,0,0,0,0,0,0,0,0,0,0,
-0,0,0,0,0,0,0,0,0,16,32,16,16,16,16,16,16,16,16,35,0,0,0,0,0,0,0,0,0,0,
-0,0,0,0,0,0,0,0,0,19,34,33,33,34,16,16,33,34,33,35,0,0,0,0,0,0,0,0,0,0,
-0,0,0,0,0,0,0,0,0,0,0,0,18,35,16,16,32,0,0,0,0,0,0,0,0,0,0,0,0,0,
-0,0,0,0,0,0,0,0,0,0,0,0,19,32,16,16,35,0,0,0,0,0,0,0,0,0,0,0,0,0,
-0,0,0,0,0,0,0,0,0,0,0,0,16,32,16,16,35,0,0,0,0,0,0,0,0,0,0,0,0,0,
-0,0,0,0,0,0,0,0,0,0,0,0,16,32,16,16,35,0,0,0,0,0,0,0,0,0,0,0,0,0,
-0,0,0,0,0,0,0,0,0,0,0,0,16,32,16,16,35,0,0,0,0,0,0,0,0,0,0,0,0,0,
-0,0,0,0,0,0,0,0,0,0,0,0,16,32,16,16,35,0,0,0,0,0,0,0,0,0,0,0,0,0,
+0,0,0,0,0,16,32,38,37,39,16,16,19,38,42,36,18,17,41,39,36,16,38,35,0,0,0,0,0,0,
+0,0,0,0,0,16,32,18,47,19,18,17,47,38,19,18,19,18,16,36,36,16,19,35,0,0,0,0,0,0,
+0,0,0,0,0,16,32,47,19,45,44,36,17,17,41,19,45,42,18,40,19,16,37,35,0,0,0,0,0,0,
+0,0,0,0,0,16,32,17,47,19,37,42,18,17,42,42,45,18,44,18,19,16,19,35,0,0,0,0,0,0,
+0,0,0,0,0,16,32,38,39,36,45,33,34,33,33,33,33,33,34,39,16,18,17,35,0,0,0,0,0,0,
+0,0,0,0,0,16,32,43,19,18,39,32,19,42,42,42,18,18,35,19,39,19,17,35,0,0,0,0,0,0,
+0,0,16,16,16,17,35,45,46,19,19,35,16,19,44,17,42,19,32,18,44,16,17,35,18,19,16,16,0,0,
+0,0,34,34,34,33,32,19,19,42,18,35,18,19,18,47,19,16,32,42,19,19,16,32,33,34,34,34,0,0,
+0,0,33,33,33,33,34,40,47,16,45,35,18,18,18,38,16,16,32,37,17,16,17,33,34,33,33,33,0,0,
+0,0,0,0,0,18,35,46,16,45,16,35,17,17,18,38,18,16,32,18,37,18,39,32,0,0,0,0,0,0,
+0,0,0,0,0,19,32,17,39,46,37,35,18,19,16,16,16,17,35,47,16,18,19,35,0,0,0,0,0,0,
+0,0,0,0,0,16,32,17,19,18,39,32,33,34,34,34,34,33,32,37,46,46,36,35,0,0,0,0,0,0,
+0,0,0,0,0,16,32,40,47,17,37,38,16,37,45,45,19,43,45,17,16,42,46,35,0,0,0,0,0,0,
+0,0,0,0,0,16,32,16,16,18,17,19,17,42,0,0,36,18,18,39,43,19,16,35,0,0,0,0,0,0,
+0,0,0,0,0,16,32,16,41,16,19,45,18,18,264,0,16,17,45,41,44,39,38,35,0,0,0,0,0,0,
+0,0,0,0,0,16,32,16,18,18,36,41,18,19,46,47,19,42,47,40,17,16,37,35,0,0,0,0,0,0,
+0,0,0,0,0,19,34,33,33,33,33,33,33,34,47,16,33,34,33,33,33,33,33,35,0,0,0,0,0,0,
+0,0,0,0,0,0,0,0,0,0,0,0,18,35,16,18,32,0,0,0,0,0,0,0,0,0,0,0,0,0,
+0,0,0,0,0,0,0,0,0,0,0,0,19,32,44,45,35,0,0,0,0,0,0,0,0,0,0,0,0,0,
+0,0,0,0,0,0,0,0,0,0,0,0,16,32,46,18,35,0,0,0,0,0,0,0,0,0,0,0,0,0,
+0,0,0,0,0,0,0,0,0,0,0,0,16,32,38,17,35,0,0,0,0,0,0,0,0,0,0,0,0,0,
+0,0,0,0,0,0,0,0,0,19,18,16,17,35,42,43,35,18,19,18,0,0,0,0,0,0,0,0,0,0,
+0,0,0,0,0,0,0,0,0,17,33,34,33,32,19,19,32,33,34,34,0,0,0,0,0,0,0,0,0,0,
+0,0,0,0,0,0,0,0,0,16,32,41,47,17,17,17,38,43,17,35,0,0,0,0,0,0,0,0,0,0,
+0,0,0,0,0,0,0,0,0,19,34,33,33,34,37,37,33,34,33,35,0,0,0,0,0,0,0,0,0,0,
+0,0,0,0,0,0,0,0,0,0,0,0,18,35,17,37,32,0,0,0,0,0,0,0,0,0,0,0,0,0,
+0,0,0,0,0,0,0,0,0,0,0,0,19,32,44,17,35,0,0,0,0,0,0,0,0,0,0,0,0,0,
+0,0,0,0,0,0,0,0,0,0,0,0,16,32,43,37,35,0,0,0,0,0,0,0,0,0,0,0,0,0,
+0,0,0,0,0,0,0,0,0,0,0,0,16,32,16,47,35,0,0,0,0,0,0,0,0,0,0,0,0,0,
+0,0,0,0,0,0,0,0,0,19,18,16,17,35,42,16,35,18,19,18,0,0,0,0,0,0,0,0,0,0,
+0,0,0,0,0,0,0,0,0,17,33,34,33,32,19,16,32,33,34,34,0,0,0,0,0,0,0,0,0,0,
+0,0,0,0,0,0,0,0,0,16,32,17,45,19,16,36,45,17,47,35,0,0,0,0,0,0,0,0,0,0,
+0,0,0,0,0,0,0,0,0,19,34,33,33,34,37,19,33,34,33,35,0,0,0,0,0,0,0,0,0,0,
+0,0,0,0,0,0,0,0,0,0,0,0,18,35,44,39,32,0,0,0,0,0,0,0,0,0,0,0,0,0,
+0,0,0,0,0,0,0,0,0,0,0,0,19,32,17,44,35,0,0,0,0,0,0,0,0,0,0,0,0,0,
+0,0,0,0,0,0,0,0,0,0,0,0,16,32,18,18,35,0,0,0,0,0,0,0,0,0,0,0,0,0,
+0,0,0,0,0,0,0,0,0,0,0,0,16,32,17,36,35,0,0,0,0,0,0,0,0,0,0,0,0,0,
+0,0,0,0,0,0,0,0,0,0,0,0,16,32,45,17,35,0,0,0,0,0,0,0,0,0,0,0,0,0,
+0,0,0,0,0,0,0,0,0,0,0,0,16,32,44,18,35,0,0,0,0,0,0,0,0,0,0,0,0,0,
 0,0,0,0,0,0,0,0,0,0,0,0,19,34,32,33,34,0,0,0,0,0,0,0,0,0,0,0,0,0,
 0,0,0,0,0,0,0,0,0,0,0,0,0,19,35,32,0,0,0,0,0,0,0,0,0,0,0,0,0,0,
 0,0,0,0,0,0,0,0,0,0,0,0,0,16,32,35,0,0,0,0,0,0,0,0,0,0,0,0,0,0,
@@ -84,39 +84,39 @@
 0,0,0,0,0,0,0,0,0,0,0,0,0,0,0,0,0,0,0,0,0,0,0,0,0,0,0,0,0,0
 </data>
  </layer>
- <layer name="object" width="30" height="50" visible="0">
+ <layer name="object" width="30" height="50">
   <data encoding="csv">
 0,0,0,0,0,0,0,0,0,0,0,0,0,0,0,0,0,0,0,0,0,0,0,0,0,0,0,0,0,0,
-0,0,0,0,0,0,0,0,0,0,0,0,64,244,245,66,0,0,0,0,0,0,0,0,0,0,0,0,0,0,
+0,0,0,0,0,0,0,0,0,0,0,0,64,282,283,66,0,0,0,0,0,0,0,0,0,0,0,0,0,0,
 0,0,0,0,0,0,0,0,0,0,0,0,102,0,0,66,0,0,0,0,0,0,0,0,0,0,0,0,0,0,
 0,0,0,0,0,0,0,0,0,0,0,0,64,0,0,66,0,0,0,0,0,0,0,0,0,0,0,0,0,0,
 0,0,0,0,0,77,69,65,65,65,65,65,73,0,0,74,65,65,65,65,65,65,65,69,78,0,0,0,0,0,
-0,0,0,0,0,68,0,0,0,0,0,0,167,0,0,167,0,0,0,0,0,0,0,0,66,0,0,0,0,0,
+0,0,0,0,0,68,0,0,0,0,0,0,167,0,0,167,179,0,0,0,0,0,0,0,66,0,0,0,0,0,
 0,0,0,0,0,64,0,0,0,0,0,0,0,0,0,0,0,0,0,0,0,0,0,0,66,0,0,0,0,0,
-0,0,0,0,0,64,0,0,111,0,0,0,0,0,0,0,0,0,0,0,0,111,0,0,66,0,0,0,0,0,
+0,0,0,0,0,64,178,0,111,0,0,0,0,0,0,0,0,0,0,0,0,111,0,0,66,0,0,0,0,0,
+0,0,0,0,0,64,0,0,179,0,0,0,0,0,0,0,0,0,0,0,0,0,0,0,66,0,0,0,0,0,
 0,0,0,0,0,64,0,0,0,0,0,0,0,0,0,0,0,0,0,0,0,0,0,0,66,0,0,0,0,0,
+0,0,0,0,0,64,0,0,0,0,0,0,0,0,0,0,0,0,0,0,0,178,176,0,66,0,0,0,0,0,
 0,0,0,0,0,64,0,0,0,0,0,0,0,0,0,0,0,0,0,0,0,0,0,0,66,0,0,0,0,0,
-0,0,0,0,0,64,0,0,0,0,0,0,0,0,0,0,0,0,0,0,0,0,0,0,66,0,0,0,0,0,
-0,0,0,0,0,64,0,0,0,0,0,0,75,67,67,67,67,72,0,0,0,0,0,0,66,0,0,0,0,0,
-0,0,65,103,65,73,164,0,0,0,0,0,66,0,0,0,0,64,0,0,0,0,0,130,74,65,103,65,0,0,
-0,0,242,0,0,0,0,0,0,0,0,0,66,0,0,0,0,64,0,0,0,0,0,0,0,0,0,242,0,0,
-0,0,241,0,0,0,0,0,0,0,0,0,66,0,0,0,0,64,0,0,0,0,0,0,0,0,0,241,0,0,
-0,0,67,67,67,72,164,0,0,0,0,0,66,0,0,0,0,64,0,0,0,0,0,130,91,83,83,83,0,0,
-0,0,0,0,0,64,0,0,0,0,0,0,74,73,244,245,74,73,0,0,0,0,0,0,82,0,0,0,0,0,
-0,0,0,0,0,64,0,0,0,0,0,0,0,0,0,0,0,0,0,0,0,0,0,0,82,0,0,0,0,0,
+0,0,65,103,65,73,164,0,0,0,0,0,0,0,0,0,0,0,0,0,0,0,0,130,74,65,103,65,0,0,
+0,0,281,0,0,0,0,0,0,0,0,0,0,0,0,0,0,0,0,0,0,0,0,0,0,0,0,0,281,0,
+0,0,280,0,0,0,0,0,0,0,0,0,0,0,0,0,0,181,0,0,0,0,0,0,0,0,0,0,280,0,
+0,0,67,67,67,72,164,0,0,0,0,0,0,284,0,0,0,0,0,0,0,0,180,130,91,83,83,83,0,0,
+0,0,0,0,0,64,177,0,0,0,0,0,0,178,0,0,0,0,0,0,0,0,0,0,82,0,0,0,0,0,
 0,0,0,0,0,64,0,0,0,0,0,0,0,0,0,0,0,0,0,0,0,0,0,0,82,0,0,0,0,0,
 0,0,0,0,0,64,0,0,0,0,0,0,0,0,0,0,0,0,0,0,0,0,0,0,82,0,0,0,0,0,
+0,0,0,0,0,64,0,0,0,0,0,0,0,0,0,0,176,0,0,0,0,0,0,0,82,0,0,0,0,0,
 0,0,0,0,0,64,0,0,111,0,0,0,0,0,0,0,0,0,0,0,0,111,0,0,82,0,0,0,0,0,
-0,0,0,0,0,64,0,0,0,0,0,0,0,0,0,0,0,0,0,0,0,0,0,0,82,0,0,0,0,0,
-0,0,0,0,0,68,0,0,0,0,0,0,0,0,0,0,0,0,0,0,0,0,0,0,82,0,0,0,0,0,
+0,0,0,0,0,64,0,0,0,0,0,0,0,0,0,0,0,0,0,0,178,0,0,0,82,0,0,0,0,0,
+0,0,0,0,0,68,0,0,0,0,0,0,181,0,0,0,0,0,0,0,0,0,0,0,82,0,0,0,0,0,
 0,0,0,0,0,76,67,67,67,67,67,67,72,0,0,0,0,91,83,83,83,83,83,83,95,0,0,0,0,0,
 0,0,0,0,0,0,0,0,0,0,0,0,64,0,0,0,0,82,0,0,0,0,0,0,0,0,0,0,0,0,
 0,0,0,0,0,0,0,0,0,0,0,0,102,0,0,0,0,82,0,0,0,0,0,0,0,0,0,0,0,0,
 0,0,0,0,0,0,0,0,0,0,0,0,64,0,0,0,0,82,0,0,0,0,0,0,0,0,0,0,0,0,
 0,0,0,0,0,0,0,0,0,77,69,65,73,0,0,0,0,90,81,69,78,0,0,0,0,0,0,0,0,0,
-0,0,0,0,0,0,0,0,0,106,0,0,0,0,0,0,0,0,0,0,70,0,0,0,0,0,0,0,0,0,
+0,0,0,0,0,0,0,0,0,106,0,0,0,0,0,0,0,0,176,0,70,0,0,0,0,0,0,0,0,0,
 0,0,0,0,0,0,0,0,0,98,0,134,0,0,0,0,0,0,134,0,82,0,0,0,0,0,0,0,0,0,
-0,0,0,0,0,0,0,0,0,106,0,0,0,0,0,0,0,0,0,0,82,0,0,0,0,0,0,0,0,0,
+0,0,0,0,0,0,0,0,0,106,0,0,177,0,0,0,0,0,0,0,82,0,0,0,0,0,0,0,0,0,
 0,0,0,0,0,0,0,0,0,76,67,67,72,0,0,0,0,91,83,83,95,0,0,0,0,0,0,0,0,0,
 0,0,0,0,0,0,0,0,0,0,0,0,64,0,0,0,0,82,0,0,0,0,0,0,0,0,0,0,0,0,
 0,0,0,0,0,0,0,0,0,0,0,0,102,0,0,0,0,82,0,0,0,0,0,0,0,0,0,0,0,0,
@@ -125,16 +125,16 @@
 0,0,0,0,0,0,0,0,0,106,0,0,0,0,0,0,0,0,0,0,70,0,0,0,0,0,0,0,0,0,
 0,0,0,0,0,0,0,0,0,98,0,134,0,0,0,0,0,0,134,0,82,0,0,0,0,0,0,0,0,0,
 0,0,0,0,0,0,0,0,0,106,0,0,0,0,0,0,0,0,0,0,82,0,0,0,0,0,0,0,0,0,
-0,0,0,0,0,0,0,0,0,76,67,67,72,0,0,0,0,91,83,83,95,0,0,0,0,0,0,0,0,0,
+0,0,0,0,0,0,0,0,0,76,67,67,72,180,0,0,0,91,83,83,95,0,0,0,0,0,0,0,0,0,
 0,0,0,0,0,0,0,0,0,0,0,0,64,0,0,0,0,82,0,0,0,0,0,0,0,0,0,0,0,0,
 0,0,0,0,0,0,0,0,0,0,0,0,64,0,0,0,0,82,0,0,0,0,0,0,0,0,0,0,0,0,
 0,0,0,0,0,0,0,0,0,0,0,0,64,0,0,0,0,82,0,0,0,0,0,0,0,0,0,0,0,0,
 0,0,0,0,0,0,0,0,0,0,0,0,64,0,0,0,0,82,0,0,0,0,0,0,0,0,0,0,0,0,
 0,0,0,0,0,0,0,0,0,0,0,0,64,0,0,0,0,82,0,0,0,0,0,0,0,0,0,0,0,0,
-0,0,0,0,0,0,0,0,0,0,0,0,68,0,0,0,0,82,0,0,0,0,0,0,0,0,0,0,0,0,
+0,0,0,0,0,0,0,0,0,0,0,0,68,178,0,0,0,82,0,0,0,0,0,0,0,0,0,0,0,0,
 0,0,0,0,0,0,0,0,0,0,0,0,76,72,0,0,91,95,0,0,0,0,0,0,0,0,0,0,0,0,
-0,0,0,0,0,0,0,0,0,0,0,0,0,64,244,245,82,0,0,0,0,0,0,0,0,0,0,0,0,0,
-0,0,0,0,0,0,0,0,0,0,0,0,0,0,0,0,0,0,0,0,0,0,0,0,0,0,0,0,0,0,
+0,0,0,0,0,0,0,0,0,0,0,0,0,64,0,0,82,0,0,0,0,0,0,0,0,0,0,0,0,0,
+0,0,0,0,0,0,0,0,0,0,0,0,0,0,282,283,0,0,0,0,0,0,0,0,0,0,0,0,0,0,
 0,0,0,0,0,0,0,0,0,0,0,0,0,0,0,0,0,0,0,0,0,0,0,0,0,0,0,0,0,0
 </data>
  </layer>
@@ -151,12 +151,12 @@
 3,3,3,3,3,1,0,0,0,0,0,0,0,0,0,0,0,0,0,0,0,0,0,0,1,3,3,3,3,3,
 3,3,3,3,3,1,0,0,0,0,0,0,0,0,0,0,0,0,0,0,0,0,0,0,1,3,3,3,3,3,
 3,3,3,3,3,1,0,0,0,0,0,0,0,0,0,0,0,0,0,0,0,0,0,0,1,3,3,3,3,3,
-3,3,3,3,3,1,0,0,0,0,0,0,1,1,1,1,1,1,0,0,0,0,0,0,1,3,3,3,3,3,
-3,3,1,1,1,1,2,0,0,0,0,0,1,3,3,3,3,1,0,0,0,0,0,1,1,1,1,1,3,3,
-3,3,0,0,0,0,0,0,0,0,0,0,1,3,3,3,3,1,0,0,0,0,0,0,0,0,0,0,3,3,
-3,3,0,0,0,0,0,0,0,0,0,0,1,3,3,3,3,1,0,0,0,0,0,0,0,0,0,0,3,3,
-3,3,1,1,1,1,2,0,0,0,0,0,1,3,3,3,3,1,0,0,0,0,0,1,1,1,1,1,3,3,
-3,3,3,3,3,1,0,0,0,0,0,0,1,1,0,0,1,1,0,0,0,0,0,0,1,3,3,3,3,3,
+3,3,3,3,3,1,0,0,0,0,0,0,0,0,0,0,0,0,0,0,0,0,0,0,1,3,3,3,3,3,
+3,3,1,1,1,1,2,0,0,0,0,0,0,1,1,1,1,0,0,0,0,0,0,1,1,1,1,1,3,3,
+3,3,0,0,0,0,0,0,0,0,0,0,0,1,1,1,1,0,0,0,0,0,0,0,0,0,0,0,3,3,
+3,3,0,0,0,0,0,0,0,0,0,0,0,1,1,1,1,0,0,0,0,0,0,0,0,0,0,0,3,3,
+3,3,1,1,1,1,2,0,0,0,0,0,0,1,0,0,1,0,0,0,0,0,0,1,1,1,1,1,3,3,
+3,3,3,3,3,1,0,0,0,0,0,0,0,0,0,0,0,0,0,0,0,0,0,0,1,3,3,3,3,3,
 3,3,3,3,3,1,0,0,0,0,0,0,0,0,0,0,0,0,0,0,0,0,0,0,1,3,3,3,3,3,
 3,3,3,3,3,1,0,0,0,0,0,0,0,0,0,0,0,0,0,0,0,0,0,0,1,3,3,3,3,3,
 3,3,3,3,3,1,0,0,0,0,0,0,0,0,0,0,0,0,0,0,0,0,0,0,1,3,3,3,3,3,
@@ -192,38 +192,46 @@
 3,3,3,3,3,3,3,3,3,3,3,3,3,3,3,3,3,3,3,3,3,3,3,3,3,3,3,3,3,3
 </data>
  </layer>
- <objectgroup name="event" width="30" height="50">
+ <objectgroup name="event" width="30" height="50" visible="0">
   <object name="to Ice Hall" type="teleport" x="64" y="416" width="32" height="64">
    <properties>
+    <property name="hotspot" value="2,13,1,2"/>
     <property name="intermap" value="brothers_lair_ice_hall.txt,47,71"/>
+    <property name="soundfx" value="soundfx/door_open.ogg"/>
    </properties>
   </object>
-  <object name="to Sacrifice Room" type="teleport" x="448" y="512" width="64" height="32">
+  <object name="to Sacrifice Room" type="teleport" x="448" y="480" width="64" height="32">
    <properties>
-    <property name="intermap" value="brothers_lair_sacrifice_room.txt,9,38"/>
+    <property name="intermap" value="brothers_lair_sacrifice_room.txt,9,41"/>
    </properties>
   </object>
   <object name="to Cave 2" type="teleport" x="448" y="1504" width="64" height="32">
    <properties>
+    <property name="hotspot" value="14,48,2,1"/>
     <property name="intermap" value="cave_of_living_bones2.txt,32,4"/>
+    <property name="soundfx" value="soundfx/door_open.ogg"/>
    </properties>
   </object>
   <object name="to Fire Hall" type="teleport" x="416" y="32" width="64" height="32">
    <properties>
+    <property name="hotspot" value="13,1,2,1"/>
     <property name="intermap" value="brothers_lair_fire_hall.txt,25,77"/>
+    <property name="soundfx" value="soundfx/door_open.ogg"/>
    </properties>
   </object>
   <object name="to Wind Hall" type="teleport" x="864" y="416" width="32" height="64">
    <properties>
+    <property name="hotspot" value="28,13,1,2"/>
     <property name="intermap" value="brothers_lair_wind_hall.txt,3,19"/>
+    <property name="soundfx" value="soundfx/door_open.ogg"/>
    </properties>
   </object>
-  <object name="Unset a lot of event variables" type="run_once" x="0" y="0" width="960" height="1600">
+  <object name="Unset a lot of event variables" type="on_load" x="32" y="96" width="32" height="32">
    <properties>
     <property name="unset_status" value="lb_ice_attack,lb_fire_attack,lb_wind_attack,lb_ice_looted,lb_fire_looted,lb_wind_looted"/>
    </properties>
   </object>
-  <object name="brazier sound effect" type="run_always" x="256" y="64" width="320" height="160">
+  <object name="brazier sound effect" type="run_always" x="288" y="64" width="320" height="224">
    <properties>
     <property name="cooldown" value="120"/>
     <property name="soundfx" value="soundfx/environment/open_fire.ogg"/>
@@ -251,7 +259,7 @@
    </properties>
   </object>
  </objectgroup>
- <objectgroup name="enemy" width="30" height="50">
+ <objectgroup name="enemy" width="30" height="50" visible="0">
   <object name="Patrolling undead" type="skeletal_warrior" x="288" y="256" width="32" height="32">
    <properties>
     <property name="waypoints" value="9,8;20,8;20,19;9,19"/>
diff --git a/tiled/living_bones/brothers_lair_sacrifice_room.tmx b/tiled/living_bones/brothers_lair_sacrifice_room.tmx
index 782ca74aaa99a1feab2133d42fdbecda50c7c66e..3491ca049ccc2d2d99c7dde28dca5ae306fc1da7 100644
--- a/tiled/living_bones/brothers_lair_sacrifice_room.tmx
+++ b/tiled/living_bones/brothers_lair_sacrifice_room.tmx
@@ -1,5 +1,5 @@
 <?xml version="1.0" encoding="UTF-8"?>
-<map version="1.0" orientation="isometric" width="20" height="40" tilewidth="64" tileheight="32">
+<map version="1.0" orientation="isometric" width="20" height="48" tilewidth="64" tileheight="32" backgroundcolor="#000000">
  <properties>
   <property name="location" value="28,76,3"/>
   <property name="music" value="magical_theme.ogg"/>
@@ -31,25 +31,25 @@
   <tileoffset x="0" y="48"/>
   <image source="../dungeon/stairs.png" width="1024" height="256"/>
  </tileset>
- <layer name="background" width="20" height="40" visible="0">
+ <layer name="background" width="20" height="48">
   <data encoding="csv">
 0,0,0,0,0,0,0,0,0,0,0,0,0,0,0,0,0,0,0,0,
 0,0,0,0,0,0,0,0,0,0,0,0,0,0,0,0,0,0,0,0,
 0,19,18,16,18,0,0,19,18,16,18,0,0,19,18,16,18,0,0,0,
 0,17,33,34,35,18,19,17,35,34,35,18,19,17,35,34,34,0,0,0,
-0,16,32,16,32,33,34,33,32,16,32,33,34,33,32,16,35,0,0,0,
-0,19,33,34,16,16,16,16,16,16,16,16,16,16,16,33,34,0,0,0,
-0,0,18,35,16,16,16,16,16,16,16,16,16,16,16,32,0,0,0,0,
-0,0,19,32,16,16,16,16,16,16,16,16,16,16,16,35,0,0,0,0,
-0,19,17,35,16,16,16,16,16,16,16,16,16,16,16,32,18,0,0,0,
-0,17,33,32,16,16,16,16,16,16,16,16,16,16,16,35,33,0,0,0,
-0,16,32,16,16,16,16,16,16,16,16,16,16,16,16,16,35,0,0,0,
-0,19,33,34,16,16,16,16,16,16,16,16,16,16,16,33,34,0,0,0,
-0,0,18,35,16,16,16,16,16,16,16,16,16,16,16,32,0,0,0,0,
-0,0,19,32,16,16,16,16,16,16,16,16,16,16,16,35,0,0,0,0,
-0,19,17,35,16,16,16,16,16,16,16,16,16,16,16,32,18,0,0,0,
-0,17,33,32,16,16,16,16,16,16,16,16,16,16,16,35,33,0,0,0,
-0,16,32,16,33,34,33,34,32,16,33,34,33,34,32,16,35,0,0,0,
+0,16,32,16,32,33,34,33,32,18,32,33,34,33,32,16,35,0,0,0,
+0,19,33,34,41,39,18,19,44,41,17,43,42,16,16,33,34,0,0,0,
+0,0,18,35,19,42,18,19,17,17,19,18,19,17,17,32,0,0,0,0,
+0,0,19,32,17,38,44,17,46,16,18,16,17,42,39,35,0,0,0,0,
+0,19,17,35,41,18,19,44,19,17,18,17,19,17,42,32,18,0,0,0,
+0,17,33,32,37,43,16,19,45,41,46,18,19,18,42,35,33,0,0,0,
+0,16,32,18,45,44,17,36,17,17,44,36,36,17,18,39,35,0,0,0,
+0,19,33,34,17,39,18,19,44,17,43,16,16,44,16,33,34,0,0,0,
+0,0,18,35,38,18,19,39,16,36,19,17,40,19,16,32,0,0,0,0,
+0,0,19,32,18,19,40,43,37,45,16,18,40,19,41,35,0,0,0,0,
+0,19,17,35,39,36,18,43,19,47,19,46,39,16,18,32,18,0,0,0,
+0,17,33,32,17,17,44,46,18,18,19,43,16,39,41,35,33,0,0,0,
+0,16,32,16,33,34,33,34,32,43,33,34,33,34,32,16,35,0,0,0,
 0,19,34,33,32,0,0,19,33,34,34,0,0,19,35,33,35,0,0,0,
 0,0,0,0,0,0,0,0,18,35,0,0,0,0,0,0,0,0,0,0,
 0,0,0,0,0,0,0,0,19,32,0,0,0,0,0,0,0,0,0,0,
@@ -66,34 +66,42 @@
 0,0,0,0,0,0,0,0,16,35,0,0,0,0,0,0,0,0,0,0,
 0,0,19,18,16,16,16,16,17,35,18,19,16,16,16,18,0,0,0,0,
 0,0,17,33,34,34,34,34,33,32,33,34,34,34,34,34,0,0,0,0,
-0,0,16,32,16,16,16,16,16,16,16,16,16,16,16,35,0,0,0,0,
-0,0,16,32,16,16,16,16,16,16,16,16,16,16,16,35,0,0,0,0,
-0,0,16,32,16,16,16,16,16,16,16,16,16,16,16,35,0,0,0,0,
-0,0,16,32,16,16,16,16,16,16,16,16,16,16,16,35,0,0,0,0,
-0,0,19,34,33,33,33,34,32,16,33,34,33,33,33,35,0,0,0,0,
-0,0,0,0,0,0,0,19,35,16,32,0,0,0,0,0,0,0,0,0,
-0,0,0,0,0,0,0,16,32,16,35,0,0,0,0,0,0,0,0,0
+0,0,17,32,16,18,40,44,38,17,17,38,43,36,17,35,0,0,0,0,
+0,0,18,32,16,36,37,46,16,17,17,38,17,16,40,35,0,0,0,0,
+0,0,16,32,18,19,19,16,46,47,18,43,16,18,19,35,0,0,0,0,
+0,0,16,32,44,17,41,17,16,16,18,17,18,46,43,35,0,0,0,0,
+0,0,19,34,33,33,33,34,32,41,19,34,33,33,33,35,0,0,0,0,
+0,0,0,0,0,0,17,37,35,43,18,32,16,0,0,0,0,0,0,0,
+0,0,0,0,0,0,36,17,35,18,17,32,16,0,0,0,0,0,0,0,
+0,0,0,0,0,0,40,16,32,19,18,32,16,0,0,0,0,0,0,0,
+0,0,0,0,0,0,36,32,32,19,40,32,32,0,0,0,0,0,0,0,
+0,0,0,0,0,0,19,32,0,0,0,0,32,0,0,0,0,0,0,0,
+0,0,0,0,0,0,39,32,0,0,0,0,32,0,0,0,0,0,0,0,
+0,0,0,0,0,0,18,32,0,0,0,0,32,0,0,0,0,0,0,0,
+0,0,0,0,0,0,36,32,286,0,0,0,32,0,0,0,0,0,0,0,
+0,0,0,0,0,0,17,32,32,32,32,32,32,0,0,0,0,0,0,0,
+0,0,0,0,0,0,0,0,0,0,0,0,0,0,0,0,0,0,0,0
 </data>
  </layer>
- <layer name="object" width="20" height="40">
+ <layer name="object" width="20" height="48">
   <data encoding="csv">
 0,0,0,0,0,0,0,0,0,0,0,0,0,0,0,0,0,0,0,0,
 0,0,0,0,0,0,0,0,0,0,0,0,0,0,0,0,0,0,0,0,
 0,77,69,65,97,78,0,77,109,109,69,78,0,77,97,65,109,78,0,0,
-0,104,0,0,0,74,105,73,0,0,0,74,65,73,0,0,0,70,0,0,
+0,104,179,0,0,74,105,73,0,0,0,74,65,73,0,0,0,70,0,0,
 0,64,0,0,0,0,0,0,0,0,0,0,0,0,0,0,0,82,0,0,
-0,68,0,0,0,0,193,0,0,0,0,0,193,0,0,0,0,82,0,0,
+0,68,0,0,0,0,193,0,0,0,0,178,193,0,0,0,0,82,0,0,
 0,76,72,0,0,0,0,0,0,0,0,0,0,0,0,0,91,95,0,0,
-0,0,96,0,192,0,0,0,0,0,0,0,0,0,0,0,82,0,0,0,
-0,77,73,0,0,0,0,0,0,0,0,0,0,0,0,0,90,94,0,0,
+0,0,96,0,192,0,0,0,0,0,0,0,0,0,177,0,82,0,0,0,
+0,77,73,181,0,180,0,0,0,0,0,0,0,0,0,0,90,94,0,0,
 0,96,0,0,0,0,0,0,167,133,167,0,0,0,0,0,0,82,0,0,
-0,96,0,0,0,0,195,0,135,135,135,0,195,0,0,0,0,82,0,0,
-0,68,0,0,0,0,194,0,0,0,0,0,194,0,0,0,0,82,0,0,
-0,76,72,0,0,0,0,0,0,165,0,0,0,0,0,0,91,95,0,0,
-0,0,108,0,192,0,0,0,0,0,0,0,0,0,0,0,82,0,0,0,
+0,96,0,0,0,0,195,0,135,135,135,0,195,178,0,0,0,82,0,0,
+0,68,0,0,0,0,194,177,0,0,178,0,194,0,0,0,0,82,0,0,
+0,76,72,0,0,179,0,0,0,165,180,179,0,0,0,0,91,95,0,0,
+0,0,108,0,192,0,0,0,0,176,0,0,0,0,0,0,82,0,0,0,
 0,77,73,0,0,0,0,0,0,0,0,0,0,0,0,0,90,94,0,0,
-0,68,0,0,0,0,0,0,0,0,0,0,0,0,0,0,0,82,0,0,
-0,64,0,0,0,0,0,0,0,0,0,0,0,0,0,0,0,82,0,0,
+0,68,177,0,0,0,0,0,0,0,0,0,0,0,0,0,0,82,0,0,
+0,64,0,0,0,0,0,0,0,0,0,0,0,0,181,0,0,82,0,0,
 0,104,0,0,0,91,83,88,0,0,0,91,83,88,0,0,0,82,0,0,
 0,76,71,83,83,95,0,92,88,0,91,95,0,92,83,83,83,95,0,0,
 0,0,0,0,0,0,0,0,80,0,82,0,0,0,0,0,0,0,0,0,
@@ -113,13 +121,21 @@
 0,0,64,0,0,0,0,0,0,0,0,0,0,0,0,0,82,0,0,0,
 0,0,64,0,0,0,0,0,0,0,0,0,0,0,0,0,82,0,0,0,
 0,0,64,0,0,0,0,0,0,0,0,0,0,0,0,0,82,0,0,0,
-0,0,96,0,0,0,0,0,0,0,0,0,0,0,0,0,82,0,0,0,
-0,0,68,0,0,0,0,0,0,0,0,0,0,0,0,0,82,0,0,0,
-0,0,76,67,67,67,67,72,0,0,0,75,71,83,83,83,95,0,0,0,
-0,0,0,0,0,0,0,64,244,243,245,66,0,0,0,0,0,0,0,0
+0,0,96,0,0,0,0,0,0,180,0,0,179,0,0,0,82,0,0,0,
+0,0,68,0,0,0,0,180,181,180,0,176,0,0,0,0,82,0,0,0,
+0,0,76,67,67,67,72,176,0,0,177,178,0,91,83,83,95,0,0,0,
+0,0,0,0,0,0,108,0,0,0,0,0,0,82,0,0,0,0,0,0,
+0,0,0,0,0,0,108,0,0,0,0,0,0,82,0,0,0,0,0,0,
+0,0,0,0,0,0,108,0,0,0,0,0,0,82,0,0,0,0,0,0,
+0,0,0,0,0,0,108,0,0,0,0,0,0,82,0,0,0,0,0,0,
+0,0,0,0,0,0,108,0,0,0,0,0,0,82,0,0,0,0,0,0,
+0,0,0,0,0,0,108,0,0,0,0,0,0,82,0,0,0,0,0,0,
+0,0,0,0,0,0,108,0,0,0,0,0,0,82,0,0,0,0,0,0,
+0,0,0,0,0,0,108,0,0,0,0,0,0,82,0,0,0,0,0,0,
+0,0,0,0,0,0,76,71,83,83,83,83,83,95,0,0,0,0,0,0
 </data>
  </layer>
- <layer name="collision" width="20" height="40" visible="0">
+ <layer name="collision" width="20" height="48" visible="0">
   <data encoding="csv">
 3,3,3,3,3,3,3,3,3,3,3,3,3,3,3,3,3,3,3,3,
 3,3,3,3,3,3,3,3,3,3,3,3,3,3,3,3,3,3,3,3,
@@ -159,41 +175,55 @@
 3,3,1,0,0,0,0,0,0,0,0,0,0,0,0,0,1,3,3,3,
 3,3,1,0,0,0,0,0,0,0,0,0,0,0,0,0,1,3,3,3,
 3,3,1,0,0,0,0,0,0,0,0,0,0,0,0,0,1,3,3,3,
-3,3,1,1,1,1,1,1,0,0,0,1,1,1,1,1,1,3,3,3,
-3,3,3,3,3,3,3,1,0,0,0,1,3,3,3,3,3,3,3,3
+3,3,1,1,1,1,1,0,0,0,0,0,0,1,1,1,1,3,3,3,
+3,3,3,3,3,3,1,0,0,0,0,0,0,1,3,3,3,3,3,3,
+3,3,3,3,3,3,1,0,0,0,0,0,0,1,3,3,3,3,3,3,
+3,3,3,3,3,3,1,0,0,0,0,0,0,1,3,3,3,3,3,3,
+3,3,3,3,3,3,1,0,4,0,0,4,0,1,3,3,3,3,3,3,
+3,3,3,3,3,3,1,0,4,0,0,4,0,1,3,3,3,3,3,3,
+3,3,3,3,3,3,1,0,4,0,0,4,0,1,3,3,3,3,3,3,
+3,3,3,3,3,3,1,0,4,4,4,4,0,1,3,3,3,3,3,3,
+3,3,3,3,3,3,1,0,0,0,0,0,0,1,3,3,3,3,3,3,
+3,3,3,3,3,3,1,1,1,1,1,1,1,1,3,3,3,3,3,3
 </data>
  </layer>
- <objectgroup name="event" width="20" height="40" visible="0">
-  <object type="teleport" x="256" y="1248" width="96" height="32">
+ <objectgroup name="event" width="20" height="48" visible="0">
+  <object type="teleport" x="288" y="1376" width="64" height="64">
    <properties>
-    <property name="intermap" value="brothers_lair_atrium.txt,15,17"/>
+    <property name="intermap" value="brothers_lair_atrium.txt,15,16"/>
    </properties>
   </object>
-  <object type="run_once" x="0" y="0" width="640" height="1280">
+  <object x="0" y="0" width="640" height="1504">
    <properties>
     <property name="requires_status" value="lb_ice_defeated,lb_fire_defeated,lb_wind_defeated"/>
     <property name="set_status" value="lb_necromancers_defeated"/>
    </properties>
   </object>
-  <object type="run_once" x="0" y="0" width="640" height="1280">
+  <object type="on_load" x="0" y="0" width="32" height="32">
    <properties>
     <property name="mapmod" value="collision,9,23,0;object,9,23,113"/>
     <property name="requires_status" value="lb_wind_unlocked"/>
    </properties>
   </object>
-  <object type="run_once" x="0" y="0" width="640" height="1280">
+  <object type="on_load" x="0" y="0" width="32" height="32">
    <properties>
     <property name="mapmod" value="collision,9,26,0;object,9,26,113"/>
     <property name="requires_status" value="lb_fire_unlocked"/>
    </properties>
   </object>
-  <object type="run_once" x="0" y="0" width="640" height="1280">
+  <object type="on_load" x="0" y="0" width="32" height="32">
    <properties>
     <property name="mapmod" value="collision,9,29,0;object,9,29,113"/>
     <property name="requires_status" value="lb_ice_unlocked"/>
    </properties>
   </object>
-  <object type="run_always" x="0" y="0" width="640" height="1280">
+  <object name="brazier sound effect" type="run_always" x="128" y="192" width="256" height="160">
+   <properties>
+    <property name="cooldown" value="120"/>
+    <property name="soundfx" value="soundfx/environment/open_fire.ogg"/>
+   </properties>
+  </object>
+  <object type="run_always" x="96" y="1024" width="416" height="192">
    <properties>
     <property name="cooldown" value="60"/>
     <property name="power" value="6"/>
@@ -202,7 +232,7 @@
     <property name="requires_status" value="lb_wind_attack"/>
    </properties>
   </object>
-  <object type="run_always" x="0" y="0" width="640" height="1280">
+  <object type="run_always" x="96" y="1024" width="416" height="192">
    <properties>
     <property name="cooldown" value="60"/>
     <property name="power" value="122"/>
@@ -211,7 +241,7 @@
     <property name="requires_status" value="lb_fire_attack"/>
    </properties>
   </object>
-  <object type="run_always" x="0" y="0" width="640" height="1280">
+  <object type="run_always" x="96" y="1024" width="416" height="192">
    <properties>
     <property name="cooldown" value="60"/>
     <property name="power" value="123"/>
@@ -220,19 +250,13 @@
     <property name="requires_status" value="lb_ice_attack"/>
    </properties>
   </object>
-  <object name="brazier sound effect" type="run_always" x="128" y="192" width="256" height="160">
-   <properties>
-    <property name="cooldown" value="120"/>
-    <property name="soundfx" value="soundfx/environment/open_fire.ogg"/>
-   </properties>
-  </object>
  </objectgroup>
- <objectgroup name="npc" width="20" height="40">
+ <objectgroup name="npc" width="20" height="48" visible="0">
   <object type="statue_guardian_ice" x="224" y="1088" width="32" height="32"/>
   <object type="statue_guardian_fire" x="288" y="1088" width="32" height="32"/>
   <object type="statue_guardian_wind" x="352" y="1088" width="32" height="32"/>
  </objectgroup>
- <objectgroup name="enemy" width="20" height="40">
+ <objectgroup name="enemy" width="20" height="48" visible="0">
   <object type="grisbon" x="288" y="416" width="32" height="32"/>
   <object type="scathelocke" x="224" y="320" width="32" height="32"/>
   <object type="vesuvvio" x="352" y="320" width="32" height="32"/>
