diff --git a/mods/empyrean_campaign/maps/blackmire_mines.txt b/mods/empyrean_campaign/maps/blackmire_mines.txt
index 078998c3d93ae876cf28fad5ba24b8d923e68671..ddcf9b0576609f719c4bac7d178723170ee23332 100644
--- a/mods/empyrean_campaign/maps/blackmire_mines.txt
+++ b/mods/empyrean_campaign/maps/blackmire_mines.txt
@@ -147,7 +147,7 @@ data=
 0,240,0,0,0,0,0,0,0,152,128,0,0,0,0,81,77,0,0,0,0,0,72,101,65,105,97,65,73,0,0,0,0,0,72,65,115,133,0,132,135,85,101,69,65,73,0,0,0,0,0,68,0,0,0,0,0,0,0,111,0,0,0,0,111,178,0,0,0,0,0,70,0,0,0,0,0,0,0,0,
 0,240,0,0,0,0,0,0,0,0,0,0,0,0,0,0,66,0,0,0,0,0,100,0,0,0,0,0,81,109,69,113,65,69,84,0,0,0,0,0,0,0,0,0,0,85,65,101,105,73,0,96,0,130,0,0,0,0,0,0,0,0,0,0,0,0,0,0,0,0,0,66,0,0,0,0,0,0,0,0,
 0,96,0,0,133,0,0,134,0,110,0,0,0,0,0,0,70,0,0,0,0,0,96,0,0,178,0,0,0,0,0,0,0,0,0,0,0,0,152,0,0,0,0,0,0,0,0,0,0,85,69,84,0,0,0,0,0,0,0,0,0,0,0,0,0,0,152,150,0,0,0,66,0,0,0,0,0,0,0,0,
-0,79,87,0,0,0,0,0,0,151,0,0,0,0,0,0,66,0,0,0,0,114,80,134,179,110,0,0,0,0,0,0,0,0,0,0,0,0,111,0,0,0,0,0,0,0,0,0,0,0,0,0,151,0,0,0,0,0,0,0,0,0,0,0,0,0,151,152,151,150,151,66,0,0,0,0,0,0,0,0,
+0,79,87,0,0,0,0,0,0,151,0,0,0,0,0,0,66,0,0,0,0,114,80,134,163,110,0,0,0,0,0,0,0,0,0,0,0,0,111,0,0,0,0,0,0,0,0,0,0,0,0,0,151,0,0,0,0,0,0,0,0,0,0,0,0,0,151,152,151,150,151,66,0,0,0,0,0,0,0,0,
 0,0,75,83,0,0,132,0,0,0,0,0,0,0,82,71,74,0,0,0,76,115,132,133,0,131,0,0,129,129,0,0,0,0,0,0,0,0,0,0,0,0,129,0,0,0,0,0,0,129,0,0,0,0,150,152,0,0,86,107,71,67,87,0,0,150,152,152,153,150,152,70,0,0,0,0,0,0,0,0,
 0,0,0,75,67,67,83,0,0,0,0,0,0,0,70,0,0,0,0,0,68,0,0,0,0,0,0,0,0,0,0,0,0,0,0,0,0,0,0,0,0,0,0,0,0,0,0,0,0,0,0,0,110,0,152,0,0,0,66,0,0,0,75,71,71,67,71,83,0,150,152,70,0,0,0,0,0,0,0,0,
 0,0,0,0,0,0,79,120,0,0,0,0,0,0,66,0,0,0,0,0,79,67,71,87,0,0,0,0,0,0,0,152,150,0,128,0,0,0,0,0,0,0,0,0,0,0,0,0,0,0,0,0,151,0,0,0,0,0,85,77,0,0,0,0,0,0,0,79,71,67,71,74,0,0,0,0,0,0,0,0,
@@ -168,7 +168,7 @@ data=
 0,0,0,0,68,0,0,146,0,0,0,0,0,0,0,0,0,0,131,0,0,0,0,0,0,0,0,0,0,0,0,0,0,0,0,0,129,0,0,131,0,0,152,81,77,0,0,0,108,0,0,0,0,0,0,0,0,128,151,82,116,0,0,0,0,0,0,0,0,0,0,0,0,0,82,74,0,0,0,0,
 0,0,0,0,79,87,0,0,0,134,0,0,0,0,0,0,0,0,0,0,0,0,0,0,0,0,110,0,0,0,82,71,83,148,0,0,0,0,0,133,0,0,0,0,81,77,0,0,112,0,0,0,0,0,0,0,0,0,0,81,115,0,0,0,0,0,0,0,0,0,0,0,0,86,74,0,0,0,0,0,
 0,0,0,0,0,75,87,0,0,0,0,0,0,133,131,0,131,0,0,0,0,0,129,0,0,0,0,0,128,0,66,114,115,151,133,0,0,0,0,0,134,0,132,0,0,66,0,0,100,0,131,0,0,131,0,0,0,0,0,0,0,0,0,0,131,0,0,111,0,0,0,0,0,66,0,0,0,0,0,0,
-0,0,0,0,0,0,75,71,87,0,132,0,0,0,0,0,0,0,0,111,0,0,0,0,0,0,151,153,0,0,81,80,135,135,0,0,0,0,0,0,0,0,135,134,0,70,0,0,79,83,0,178,110,0,0,0,0,0,150,152,0,0,0,0,0,0,0,163,0,0,0,0,0,70,0,0,0,0,0,0,
+0,0,0,0,0,0,75,71,87,0,132,0,0,0,0,0,0,0,0,111,0,0,0,0,0,0,151,153,0,0,81,80,135,135,0,0,0,0,0,0,0,0,135,134,0,70,0,0,79,83,0,162,110,0,0,0,0,0,150,152,0,0,0,0,0,0,0,163,0,0,0,0,0,70,0,0,0,0,0,0,
 0,0,0,0,0,0,0,0,75,116,150,0,0,0,0,0,0,131,0,0,129,0,0,0,0,0,0,0,0,0,0,132,133,132,134,0,0,0,0,0,0,0,0,135,0,81,73,0,0,75,87,0,0,0,0,0,0,0,0,0,0,0,0,0,0,0,129,0,131,150,0,0,0,66,0,0,0,0,0,0,
 0,0,0,0,0,0,0,0,0,75,120,149,0,0,0,0,0,0,0,0,0,0,0,0,152,134,0,0,0,0,0,133,0,0,0,0,0,0,0,0,0,0,135,0,0,0,66,0,0,0,96,0,0,0,0,0,152,130,0,0,0,0,134,0,0,0,0,0,152,0,0,0,0,66,0,0,0,0,0,0,
 0,0,0,0,0,0,0,0,0,0,75,83,0,0,0,0,0,0,0,0,0,0,0,135,152,133,133,0,146,0,0,0,0,0,0,0,0,0,0,0,0,0,0,0,0,0,70,0,0,0,104,0,0,0,0,0,0,150,0,132,0,0,0,133,0,0,133,0,0,0,0,0,82,78,0,0,0,0,0,0,
@@ -451,6 +451,28 @@ hotspot=location
 intermap=maps/lake_kuuma.txt,49,105
 tooltip=Lake Kuuma
 
+[event]
+# Barrel
+type=on_trigger
+location=51,67,1,1
+hotspot=location
+loot=loot/level_5.txt
+mapmod=object,51,67,178
+repeat=false
+soundfx=soundfx/wood_open.ogg
+tooltip=Barrel
+
+[event]
+# Crate
+type=on_trigger
+location=24,46,1,1
+hotspot=location
+loot=loot/level_5.txt
+mapmod=object,24,46,179
+repeat=false
+soundfx=soundfx/wood_open.ogg
+tooltip=Crate
+
 [enemy]
 type=undead
 location=30,4,20,16
diff --git a/tiled/empyrean_campaign/blackmire_mines.tmx b/tiled/empyrean_campaign/blackmire_mines.tmx
index 925bbe2c9f338299e35e06650a8456395a429150..b00ef83a14ed83f2eaa59aee751b74ee6b3a2e46 100644
--- a/tiled/empyrean_campaign/blackmire_mines.tmx
+++ b/tiled/empyrean_campaign/blackmire_mines.tmx
@@ -1,5 +1,5 @@
 <?xml version="1.0" encoding="UTF-8"?>
-<map version="1.0" orientation="isometric" renderorder="right-down" width="80" height="80" tilewidth="64" tileheight="32" backgroundcolor="#000000" nextobjectid="44">
+<map version="1.0" orientation="isometric" renderorder="right-down" width="80" height="80" tilewidth="64" tileheight="32" backgroundcolor="#000000" nextobjectid="47">
  <properties>
   <property name="music" value="music/cave_theme.ogg"/>
   <property name="tileset" value="tilesetdefs/tileset_cave.txt"/>
@@ -150,7 +150,7 @@
 0,240,0,0,0,0,0,0,0,152,128,0,0,0,0,81,77,0,0,0,0,0,72,101,65,105,97,65,73,0,0,0,0,0,72,65,115,133,0,132,135,85,101,69,65,73,0,0,0,0,0,68,0,0,0,0,0,0,0,111,0,0,0,0,111,178,0,0,0,0,0,70,0,0,0,0,0,0,0,0,
 0,240,0,0,0,0,0,0,0,0,0,0,0,0,0,0,66,0,0,0,0,0,100,0,0,0,0,0,81,109,69,113,65,69,84,0,0,0,0,0,0,0,0,0,0,85,65,101,105,73,0,96,0,130,0,0,0,0,0,0,0,0,0,0,0,0,0,0,0,0,0,66,0,0,0,0,0,0,0,0,
 0,96,0,0,133,0,0,134,0,110,0,0,0,0,0,0,70,0,0,0,0,0,96,0,0,178,0,0,0,0,0,0,0,0,0,0,0,0,152,0,0,0,0,0,0,0,0,0,0,85,69,84,0,0,0,0,0,0,0,0,0,0,0,0,0,0,152,150,0,0,0,66,0,0,0,0,0,0,0,0,
-0,79,87,0,0,0,0,0,0,151,0,0,0,0,0,0,66,0,0,0,0,114,80,134,179,110,0,0,0,0,0,0,0,0,0,0,0,0,111,0,0,0,0,0,0,0,0,0,0,0,0,0,151,0,0,0,0,0,0,0,0,0,0,0,0,0,151,152,151,150,151,66,0,0,0,0,0,0,0,0,
+0,79,87,0,0,0,0,0,0,151,0,0,0,0,0,0,66,0,0,0,0,114,80,134,163,110,0,0,0,0,0,0,0,0,0,0,0,0,111,0,0,0,0,0,0,0,0,0,0,0,0,0,151,0,0,0,0,0,0,0,0,0,0,0,0,0,151,152,151,150,151,66,0,0,0,0,0,0,0,0,
 0,0,75,83,0,0,132,0,0,0,0,0,0,0,82,71,74,0,0,0,76,115,132,133,0,131,0,0,129,129,0,0,0,0,0,0,0,0,0,0,0,0,129,0,0,0,0,0,0,129,0,0,0,0,150,152,0,0,86,107,71,67,87,0,0,150,152,152,153,150,152,70,0,0,0,0,0,0,0,0,
 0,0,0,75,67,67,83,0,0,0,0,0,0,0,70,0,0,0,0,0,68,0,0,0,0,0,0,0,0,0,0,0,0,0,0,0,0,0,0,0,0,0,0,0,0,0,0,0,0,0,0,0,110,0,152,0,0,0,66,0,0,0,75,71,71,67,71,83,0,150,152,70,0,0,0,0,0,0,0,0,
 0,0,0,0,0,0,79,120,0,0,0,0,0,0,66,0,0,0,0,0,79,67,71,87,0,0,0,0,0,0,0,152,150,0,128,0,0,0,0,0,0,0,0,0,0,0,0,0,0,0,0,0,151,0,0,0,0,0,85,77,0,0,0,0,0,0,0,79,71,67,71,74,0,0,0,0,0,0,0,0,
@@ -171,7 +171,7 @@
 0,0,0,0,68,0,0,146,0,0,0,0,0,0,0,0,0,0,131,0,0,0,0,0,0,0,0,0,0,0,0,0,0,0,0,0,129,0,0,131,0,0,152,81,77,0,0,0,108,0,0,0,0,0,0,0,0,128,151,82,116,0,0,0,0,0,0,0,0,0,0,0,0,0,82,74,0,0,0,0,
 0,0,0,0,79,87,0,0,0,134,0,0,0,0,0,0,0,0,0,0,0,0,0,0,0,0,110,0,0,0,82,71,83,148,0,0,0,0,0,133,0,0,0,0,81,77,0,0,112,0,0,0,0,0,0,0,0,0,0,81,115,0,0,0,0,0,0,0,0,0,0,0,0,86,74,0,0,0,0,0,
 0,0,0,0,0,75,87,0,0,0,0,0,0,133,131,0,131,0,0,0,0,0,129,0,0,0,0,0,128,0,66,114,115,151,133,0,0,0,0,0,134,0,132,0,0,66,0,0,100,0,131,0,0,131,0,0,0,0,0,0,0,0,0,0,131,0,0,111,0,0,0,0,0,66,0,0,0,0,0,0,
-0,0,0,0,0,0,75,71,87,0,132,0,0,0,0,0,0,0,0,111,0,0,0,0,0,0,151,153,0,0,81,80,135,135,0,0,0,0,0,0,0,0,135,134,0,70,0,0,79,83,0,178,110,0,0,0,0,0,150,152,0,0,0,0,0,0,0,163,0,0,0,0,0,70,0,0,0,0,0,0,
+0,0,0,0,0,0,75,71,87,0,132,0,0,0,0,0,0,0,0,111,0,0,0,0,0,0,151,153,0,0,81,80,135,135,0,0,0,0,0,0,0,0,135,134,0,70,0,0,79,83,0,162,110,0,0,0,0,0,150,152,0,0,0,0,0,0,0,163,0,0,0,0,0,70,0,0,0,0,0,0,
 0,0,0,0,0,0,0,0,75,116,150,0,0,0,0,0,0,131,0,0,129,0,0,0,0,0,0,0,0,0,0,132,133,132,134,0,0,0,0,0,0,0,0,135,0,81,73,0,0,75,87,0,0,0,0,0,0,0,0,0,0,0,0,0,0,0,129,0,131,150,0,0,0,66,0,0,0,0,0,0,
 0,0,0,0,0,0,0,0,0,75,120,149,0,0,0,0,0,0,0,0,0,0,0,0,152,134,0,0,0,0,0,133,0,0,0,0,0,0,0,0,0,0,135,0,0,0,66,0,0,0,96,0,0,0,0,0,152,130,0,0,0,0,134,0,0,0,0,0,152,0,0,0,0,66,0,0,0,0,0,0,
 0,0,0,0,0,0,0,0,0,0,75,83,0,0,0,0,0,0,0,0,0,0,0,135,152,133,133,0,146,0,0,0,0,0,0,0,0,0,0,0,0,0,0,0,0,0,70,0,0,0,104,0,0,0,0,0,0,150,0,132,0,0,0,133,0,0,133,0,0,0,0,0,82,78,0,0,0,0,0,0,
@@ -270,7 +270,7 @@
 3,3,3,3,3,3,3,3,3,3,3,3,3,3,3,3,3,3,3,3,3,3,3,3,3,3,3,3,3,3,3,3,3,3,3,3,3,3,3,3,3,3,3,3,3,3,3,3,3,3,3,3,3,3,3,3,3,3,3,3,3,3,3,3,3,3,3,3,3,3,3,3,3,3,3,3,3,3,3,3
 </data>
  </layer>
- <objectgroup name="event" visible="0">
+ <objectgroup name="event">
   <object id="1" name="Unlock waypoint" type="on_trigger" x="2016" y="608" width="192" height="192">
    <properties>
     <property name="mapmod" value="background,65,22,265"/>
@@ -431,6 +431,26 @@
     <property name="tooltip" value="Lake Kuuma"/>
    </properties>
   </object>
+  <object id="45" name="Barrel" type="on_trigger" x="1632" y="2144" width="32" height="32">
+   <properties>
+    <property name="hotspot" value="location"/>
+    <property name="loot" value="loot/level_5.txt"/>
+    <property name="mapmod" value="object,51,67,178"/>
+    <property name="repeat" value="false"/>
+    <property name="soundfx" value="soundfx/wood_open.ogg"/>
+    <property name="tooltip" value="Barrel"/>
+   </properties>
+  </object>
+  <object id="46" name="Crate" type="on_trigger" x="768" y="1472" width="32" height="32">
+   <properties>
+    <property name="hotspot" value="location"/>
+    <property name="loot" value="loot/level_5.txt"/>
+    <property name="mapmod" value="object,24,46,179"/>
+    <property name="repeat" value="false"/>
+    <property name="soundfx" value="soundfx/wood_open.ogg"/>
+    <property name="tooltip" value="Crate"/>
+   </properties>
+  </object>
  </objectgroup>
  <objectgroup name="enemy" visible="0">
   <object id="30" type="undead" x="960" y="128" width="640" height="512">
