diff --git a/mods/empyrean_campaign/maps/family_crypt.txt b/mods/empyrean_campaign/maps/family_crypt.txt
index f151e2c4d54fd909c19aaddff431e386a18b0fd7..48eeb134a3d63ec0f5e356b6de93030edc333684 100644
--- a/mods/empyrean_campaign/maps/family_crypt.txt
+++ b/mods/empyrean_campaign/maps/family_crypt.txt
@@ -71,21 +71,21 @@ data=
 0,0,0,0,0,0,0,0,0,0,0,51,51,0,0,0,0,0,0,0,0,0,0,0,0,0,0,0,0,0,0,0,0,0,0,0,0,0,
 0,0,0,0,0,0,0,0,0,0,0,51,51,0,0,0,0,0,0,0,0,0,0,0,0,0,0,0,0,0,0,0,0,0,0,0,0,0,
 0,0,0,0,0,0,0,0,0,0,0,51,51,0,0,0,0,0,0,0,0,0,0,0,0,0,0,0,0,0,0,0,0,0,0,0,0,0,
-0,16,16,16,16,16,0,0,0,16,16,16,16,16,16,16,16,16,16,16,16,16,16,16,0,0,0,0,0,0,0,0,0,0,0,0,0,0,
-0,16,16,16,16,16,0,0,0,16,16,16,16,16,16,16,16,16,16,16,16,16,16,16,0,0,0,0,0,0,0,0,0,0,0,0,0,0,
-0,16,16,16,16,16,51,51,51,16,16,16,16,16,16,16,16,16,16,16,16,16,16,16,0,0,0,0,0,0,0,0,0,0,0,0,0,0,
-0,16,16,16,16,16,0,0,0,16,16,16,16,16,16,16,16,16,16,16,16,16,16,16,0,0,0,0,0,0,0,0,0,0,0,0,0,0,
-0,16,16,16,16,16,0,0,0,16,16,16,16,16,16,16,16,16,16,16,16,16,16,16,0,0,0,0,0,0,0,0,0,0,0,0,0,0,
-0,16,16,16,16,16,0,0,0,0,0,0,0,0,16,16,16,16,16,0,0,0,0,0,0,0,0,0,0,0,0,0,0,0,0,0,0,0,
-0,16,16,16,16,16,0,0,0,0,0,0,0,0,16,16,16,16,16,0,0,0,0,0,0,0,0,0,0,0,0,0,0,0,0,0,0,0,
-0,16,16,16,16,16,0,0,0,0,0,0,0,0,16,16,16,16,16,0,0,0,0,0,0,0,0,0,0,0,0,0,0,0,0,0,0,0,
-0,16,16,16,16,16,0,0,0,0,0,0,0,0,16,16,16,16,16,0,0,0,0,0,0,0,0,0,0,0,0,0,0,0,0,0,0,0,
-0,16,16,16,16,16,0,0,0,0,0,0,0,0,16,16,16,16,16,0,0,0,0,0,0,0,0,0,0,0,0,0,0,0,0,0,0,0,
-0,0,0,0,0,0,0,0,0,0,0,0,0,0,16,16,16,16,16,16,16,16,16,16,0,0,0,0,0,0,0,0,0,0,0,0,0,0,
-0,0,0,0,0,0,0,0,0,0,0,0,0,0,16,16,16,16,16,16,16,16,16,16,0,0,0,0,0,0,0,0,0,0,0,0,0,0,
-0,0,0,0,0,0,0,0,0,0,0,0,0,0,16,16,16,16,16,16,16,16,16,16,0,0,0,0,0,0,0,0,0,0,0,0,0,0,
-0,0,0,0,0,0,0,0,0,0,0,0,0,0,16,16,16,16,16,16,16,16,16,16,0,0,0,0,0,0,0,0,0,0,0,0,0,0,
-0,0,0,0,0,0,0,0,0,0,0,0,0,0,16,16,16,16,16,16,16,16,16,16,0,0,0,0,0,0,0,0,0,0,0,0,0,0,
+0,18,44,43,46,42,0,0,0,46,18,46,16,16,17,38,46,46,46,39,43,44,44,46,0,0,0,0,0,0,0,0,0,0,0,0,0,0,
+0,18,39,47,19,36,0,0,0,46,19,16,39,46,44,38,17,37,44,43,19,39,41,42,0,0,0,0,0,0,0,0,0,0,0,0,0,0,
+0,36,45,46,43,38,51,51,51,47,16,43,41,37,38,39,45,44,18,45,18,44,47,19,0,0,0,0,0,0,0,0,0,0,0,0,0,0,
+0,40,46,42,38,42,0,0,0,38,41,17,18,16,46,16,39,41,19,38,19,40,40,41,0,0,0,0,0,0,0,0,0,0,0,0,0,0,
+0,42,16,37,41,18,0,0,0,19,38,43,36,42,18,18,37,38,16,39,18,36,36,43,0,0,0,0,0,0,0,0,0,0,0,0,0,0,
+0,18,44,41,18,40,0,0,0,0,0,0,0,0,37,46,39,40,17,0,0,0,0,0,0,0,0,0,0,0,0,0,0,0,0,0,0,0,
+0,16,39,18,39,44,0,0,0,0,0,0,0,0,38,36,45,17,45,0,0,0,0,0,0,0,0,0,0,0,0,0,0,0,0,0,0,0,
+0,44,16,37,41,46,0,0,0,0,0,0,0,0,36,39,44,37,38,0,0,0,0,0,0,0,0,0,0,0,0,0,0,0,0,0,0,0,
+0,38,38,41,42,17,0,0,0,0,0,0,0,0,40,16,45,39,42,0,0,0,0,0,0,0,0,0,0,0,0,0,0,0,0,0,0,0,
+0,41,43,40,45,19,0,0,0,0,0,0,0,0,18,18,41,17,38,0,0,0,0,0,0,0,0,0,0,0,0,0,0,0,0,0,0,0,
+0,0,0,0,0,0,0,0,0,0,0,0,0,0,38,46,19,45,36,38,44,46,16,45,0,0,0,0,0,0,0,0,0,0,0,0,0,0,
+0,0,0,0,0,0,0,0,0,0,0,0,0,0,40,16,39,18,19,46,18,43,19,19,0,0,0,0,0,0,0,0,0,0,0,0,0,0,
+0,0,0,0,0,0,0,0,0,0,0,0,0,0,47,40,36,16,38,36,43,40,36,39,0,0,0,0,0,0,0,0,0,0,0,0,0,0,
+0,0,0,0,0,0,0,0,0,0,0,0,0,0,43,39,41,38,40,42,44,17,42,38,0,0,0,0,0,0,0,0,0,0,0,0,0,0,
+0,0,0,0,0,0,0,0,0,0,0,0,0,0,36,36,42,17,37,19,45,42,40,46,0,0,0,0,0,0,0,0,0,0,0,0,0,0,
 0,0,0,0,0,0,0,0,0,0,0,0,0,0,0,0,0,0,0,0,0,0,0,0,0,0,0,0,0,0,0,0,0,0,0,0,0,0
 
 [layer]
diff --git a/tiled/empyrean_campaign/family_crypt.tmx b/tiled/empyrean_campaign/family_crypt.tmx
index 252e56ecadaeecd515f9e38cc67c9534e2f7d129..8793635b6c705b53e892340b51ec250955f35a3d 100644
--- a/tiled/empyrean_campaign/family_crypt.tmx
+++ b/tiled/empyrean_campaign/family_crypt.tmx
@@ -1,5 +1,5 @@
 <?xml version="1.0" encoding="UTF-8"?>
-<map version="1.5" tiledversion="1.6.0" orientation="isometric" renderorder="right-down" width="38" height="65" tilewidth="64" tileheight="32" infinite="0" backgroundcolor="#000000" nextlayerid="6" nextobjectid="54">
+<map version="1.5" tiledversion="1.7.0" orientation="isometric" renderorder="right-down" width="38" height="65" tilewidth="64" tileheight="32" infinite="0" backgroundcolor="#000000" nextlayerid="6" nextobjectid="54">
  <editorsettings>
   <export target="../../mods/empyrean_campaign/maps/family_crypt.txt" format="flare"/>
  </editorsettings>
@@ -85,21 +85,21 @@
 0,0,0,0,0,0,0,0,0,0,0,51,51,0,0,0,0,0,0,0,0,0,0,0,0,0,0,0,0,0,0,0,0,0,0,0,0,0,
 0,0,0,0,0,0,0,0,0,0,0,51,51,0,0,0,0,0,0,0,0,0,0,0,0,0,0,0,0,0,0,0,0,0,0,0,0,0,
 0,0,0,0,0,0,0,0,0,0,0,51,51,0,0,0,0,0,0,0,0,0,0,0,0,0,0,0,0,0,0,0,0,0,0,0,0,0,
-0,16,16,16,16,16,0,0,0,16,16,16,16,16,16,16,16,16,16,16,16,16,16,16,0,0,0,0,0,0,0,0,0,0,0,0,0,0,
-0,16,16,16,16,16,0,0,0,16,16,16,16,16,16,16,16,16,16,16,16,16,16,16,0,0,0,0,0,0,0,0,0,0,0,0,0,0,
-0,16,16,16,16,16,51,51,51,16,16,16,16,16,16,16,16,16,16,16,16,16,16,16,0,0,0,0,0,0,0,0,0,0,0,0,0,0,
-0,16,16,16,16,16,0,0,0,16,16,16,16,16,16,16,16,16,16,16,16,16,16,16,0,0,0,0,0,0,0,0,0,0,0,0,0,0,
-0,16,16,16,16,16,0,0,0,16,16,16,16,16,16,16,16,16,16,16,16,16,16,16,0,0,0,0,0,0,0,0,0,0,0,0,0,0,
-0,16,16,16,16,16,0,0,0,0,0,0,0,0,16,16,16,16,16,0,0,0,0,0,0,0,0,0,0,0,0,0,0,0,0,0,0,0,
-0,16,16,16,16,16,0,0,0,0,0,0,0,0,16,16,16,16,16,0,0,0,0,0,0,0,0,0,0,0,0,0,0,0,0,0,0,0,
-0,16,16,16,16,16,0,0,0,0,0,0,0,0,16,16,16,16,16,0,0,0,0,0,0,0,0,0,0,0,0,0,0,0,0,0,0,0,
-0,16,16,16,16,16,0,0,0,0,0,0,0,0,16,16,16,16,16,0,0,0,0,0,0,0,0,0,0,0,0,0,0,0,0,0,0,0,
-0,16,16,16,16,16,0,0,0,0,0,0,0,0,16,16,16,16,16,0,0,0,0,0,0,0,0,0,0,0,0,0,0,0,0,0,0,0,
-0,0,0,0,0,0,0,0,0,0,0,0,0,0,16,16,16,16,16,16,16,16,16,16,0,0,0,0,0,0,0,0,0,0,0,0,0,0,
-0,0,0,0,0,0,0,0,0,0,0,0,0,0,16,16,16,16,16,16,16,16,16,16,0,0,0,0,0,0,0,0,0,0,0,0,0,0,
-0,0,0,0,0,0,0,0,0,0,0,0,0,0,16,16,16,16,16,16,16,16,16,16,0,0,0,0,0,0,0,0,0,0,0,0,0,0,
-0,0,0,0,0,0,0,0,0,0,0,0,0,0,16,16,16,16,16,16,16,16,16,16,0,0,0,0,0,0,0,0,0,0,0,0,0,0,
-0,0,0,0,0,0,0,0,0,0,0,0,0,0,16,16,16,16,16,16,16,16,16,16,0,0,0,0,0,0,0,0,0,0,0,0,0,0,
+0,18,44,43,46,42,0,0,0,46,18,46,16,16,17,38,46,46,46,39,43,44,44,46,0,0,0,0,0,0,0,0,0,0,0,0,0,0,
+0,18,39,47,19,36,0,0,0,46,19,16,39,46,44,38,17,37,44,43,19,39,41,42,0,0,0,0,0,0,0,0,0,0,0,0,0,0,
+0,36,45,46,43,38,51,51,51,47,16,43,41,37,38,39,45,44,18,45,18,44,47,19,0,0,0,0,0,0,0,0,0,0,0,0,0,0,
+0,40,46,42,38,42,0,0,0,38,41,17,18,16,46,16,39,41,19,38,19,40,40,41,0,0,0,0,0,0,0,0,0,0,0,0,0,0,
+0,42,16,37,41,18,0,0,0,19,38,43,36,42,18,18,37,38,16,39,18,36,36,43,0,0,0,0,0,0,0,0,0,0,0,0,0,0,
+0,18,44,41,18,40,0,0,0,0,0,0,0,0,37,46,39,40,17,0,0,0,0,0,0,0,0,0,0,0,0,0,0,0,0,0,0,0,
+0,16,39,18,39,44,0,0,0,0,0,0,0,0,38,36,45,17,45,0,0,0,0,0,0,0,0,0,0,0,0,0,0,0,0,0,0,0,
+0,44,16,37,41,46,0,0,0,0,0,0,0,0,36,39,44,37,38,0,0,0,0,0,0,0,0,0,0,0,0,0,0,0,0,0,0,0,
+0,38,38,41,42,17,0,0,0,0,0,0,0,0,40,16,45,39,42,0,0,0,0,0,0,0,0,0,0,0,0,0,0,0,0,0,0,0,
+0,41,43,40,45,19,0,0,0,0,0,0,0,0,18,18,41,17,38,0,0,0,0,0,0,0,0,0,0,0,0,0,0,0,0,0,0,0,
+0,0,0,0,0,0,0,0,0,0,0,0,0,0,38,46,19,45,36,38,44,46,16,45,0,0,0,0,0,0,0,0,0,0,0,0,0,0,
+0,0,0,0,0,0,0,0,0,0,0,0,0,0,40,16,39,18,19,46,18,43,19,19,0,0,0,0,0,0,0,0,0,0,0,0,0,0,
+0,0,0,0,0,0,0,0,0,0,0,0,0,0,47,40,36,16,38,36,43,40,36,39,0,0,0,0,0,0,0,0,0,0,0,0,0,0,
+0,0,0,0,0,0,0,0,0,0,0,0,0,0,43,39,41,38,40,42,44,17,42,38,0,0,0,0,0,0,0,0,0,0,0,0,0,0,
+0,0,0,0,0,0,0,0,0,0,0,0,0,0,36,36,42,17,37,19,45,42,40,46,0,0,0,0,0,0,0,0,0,0,0,0,0,0,
 0,0,0,0,0,0,0,0,0,0,0,0,0,0,0,0,0,0,0,0,0,0,0,0,0,0,0,0,0,0,0,0,0,0,0,0,0,0
 </data>
  </layer>
