diff --git a/mods/empyrean_campaign/maps/st_maria_1.txt b/mods/empyrean_campaign/maps/st_maria_1.txt
index a614829eab5ecef049d90f3e243d22a187fb3abb..a4bb9c7d6ba1853ba59849132b0828f94ff0ada0 100644
--- a/mods/empyrean_campaign/maps/st_maria_1.txt
+++ b/mods/empyrean_campaign/maps/st_maria_1.txt
@@ -101,14 +101,14 @@ data=
 77,101,99,101,103,101,101,101,101,103,101,99,101,78,0,0,0,0,0,0,68,0,0,0,0,91,83,83,83,219,83,83,88,0,0,0,0,0,0,0,0,0,0,0,0,91,83,83,223,83,83,83,88,0,0,0,0,0,0,0,0,0,0,0,0,0,0,0,0,82,
 100,0,0,0,0,0,0,0,0,0,0,0,0,70,0,0,0,0,0,0,102,0,0,0,0,82,0,0,0,0,0,0,92,83,83,83,83,83,83,83,83,83,83,83,83,95,0,0,0,0,0,0,92,83,83,83,88,0,0,0,0,0,0,0,0,0,0,0,0,82,
 98,0,0,0,0,0,0,0,0,0,0,0,0,82,0,0,0,0,0,0,106,0,0,0,0,82,0,0,0,0,0,0,0,0,0,0,0,0,0,0,0,0,0,0,0,0,0,0,0,0,0,0,0,0,0,0,0,0,0,0,0,0,0,0,0,0,0,0,0,82,
-100,0,0,110,0,137,0,0,137,0,110,0,0,82,0,0,0,0,0,0,68,0,0,0,0,82,0,0,0,0,0,0,0,0,0,0,0,0,0,0,0,0,0,0,0,0,0,0,0,0,0,0,0,0,0,0,0,121,0,0,121,0,0,0,0,0,0,0,0,82,
+100,0,0,110,0,137,0,0,137,0,110,0,0,82,0,0,0,0,0,0,68,0,0,0,0,82,0,0,0,0,0,0,0,0,0,0,0,0,0,0,0,0,0,0,0,0,0,0,0,0,0,0,0,0,0,0,0,121,146,0,121,0,0,0,0,0,0,0,0,82,
 102,0,0,0,0,0,0,0,0,0,0,0,0,90,81,103,105,107,97,103,73,0,0,0,0,82,0,0,0,0,0,0,0,0,0,0,0,0,0,0,0,0,0,0,0,0,0,0,0,0,0,0,0,0,0,0,0,126,123,123,125,0,0,0,0,0,0,0,0,82,
 100,0,0,136,0,0,0,0,0,0,136,0,0,0,0,0,0,0,0,0,0,0,0,0,0,82,0,0,0,0,0,0,0,0,0,0,0,0,0,0,0,0,0,0,0,0,0,0,0,0,0,0,0,0,0,0,0,0,0,0,0,0,0,0,0,0,0,0,0,82,
 100,0,0,0,0,0,151,0,0,0,0,0,0,0,0,0,0,0,0,0,0,0,0,0,0,82,0,0,0,0,0,0,0,0,0,0,0,0,0,0,0,0,0,0,0,0,0,0,0,0,0,0,0,0,0,0,0,0,0,0,0,0,0,0,0,0,0,0,0,82,
 100,0,0,0,0,0,164,183,0,0,0,0,0,0,0,0,0,0,0,0,0,0,0,0,0,82,0,0,0,0,0,0,0,0,0,0,0,0,0,0,0,0,0,0,0,0,0,0,0,0,0,0,0,0,0,0,0,0,0,0,0,0,0,0,0,0,0,0,0,82,
 100,0,0,136,0,0,0,0,0,0,136,0,0,0,0,0,0,0,0,0,0,0,0,0,0,90,0,0,0,0,0,0,0,0,77,69,109,97,109,105,97,109,69,78,0,0,0,0,0,0,0,0,0,0,0,0,0,0,0,0,0,0,0,0,0,0,0,0,0,82,
 102,0,0,0,0,0,0,0,0,0,0,0,0,91,83,83,83,83,83,88,0,0,0,0,0,0,0,0,0,0,0,0,0,0,68,0,0,0,0,0,0,0,0,70,0,0,0,0,0,0,0,0,0,0,0,0,0,127,123,123,124,0,0,0,0,0,0,0,0,82,
-100,0,0,110,0,137,0,0,137,0,110,0,0,82,0,0,0,0,0,0,0,0,0,0,0,0,0,0,0,0,0,0,0,0,98,0,0,0,0,0,0,0,0,82,0,0,0,0,0,0,0,0,0,0,0,0,0,119,0,0,119,0,0,0,0,0,0,0,0,82,
+100,0,0,110,0,137,0,0,137,0,110,0,0,82,0,0,0,0,0,0,0,0,0,0,0,0,0,0,0,0,0,0,0,0,98,0,0,0,0,0,0,0,0,82,0,0,0,0,0,0,0,0,0,0,0,0,0,119,0,147,119,0,0,0,0,0,0,0,0,82,
 98,0,0,0,0,0,0,0,0,0,0,0,0,82,0,0,0,0,0,0,0,121,0,0,121,0,0,0,0,0,0,0,0,0,102,0,0,0,0,0,0,0,0,82,0,0,0,0,0,0,0,0,0,0,0,0,0,0,0,0,0,0,0,0,0,0,0,0,0,82,
 100,0,0,0,0,0,0,0,0,0,0,0,0,82,0,0,0,0,0,0,0,122,0,0,122,0,0,0,0,0,0,0,0,0,64,0,0,0,0,0,0,0,0,82,0,0,0,0,0,0,0,0,0,0,0,0,0,0,0,0,0,0,0,0,0,0,0,0,0,82,
 76,71,83,83,88,0,0,0,0,91,83,83,83,95,0,0,0,0,0,0,0,119,0,0,119,0,0,0,0,0,0,0,0,0,104,0,0,0,0,0,0,0,0,82,0,0,0,0,0,0,0,0,0,0,0,0,0,0,0,0,0,0,0,0,0,0,0,0,0,82,
@@ -136,7 +136,7 @@ data=
 0,0,0,0,77,73,0,0,90,94,0,0,0,0,0,0,0,0,0,0,0,0,0,0,0,0,0,0,0,0,0,0,102,0,0,66,100,0,0,0,0,66,100,0,0,82,0,0,0,0,0,0,0,0,0,0,0,0,0,0,0,0,0,0,0,0,0,0,0,82,
 77,103,107,103,73,0,0,0,0,90,81,107,103,78,0,0,0,0,0,0,0,121,0,0,121,0,0,0,0,0,0,0,64,0,0,66,100,0,0,0,0,66,100,0,0,82,0,0,0,0,0,0,0,0,0,0,0,0,0,0,0,0,0,0,0,0,0,0,0,82,
 68,0,0,0,0,0,0,0,0,0,0,0,0,70,0,0,0,0,0,0,0,122,0,0,122,0,0,0,0,0,0,0,100,0,0,66,100,0,0,0,0,66,100,0,0,82,0,0,0,0,0,0,0,0,0,0,0,0,0,0,0,0,0,0,0,0,0,0,0,82,
-98,136,0,0,0,0,0,0,0,0,0,0,136,82,0,0,0,0,0,0,0,119,0,0,119,0,0,0,0,0,0,0,100,0,0,66,100,0,0,0,0,66,100,0,0,82,0,0,0,0,0,0,0,0,0,0,0,121,0,0,121,0,0,0,0,0,0,0,0,82,
+98,136,0,0,0,0,0,0,0,0,0,0,136,82,0,0,0,0,0,0,0,119,0,0,119,0,0,0,0,0,0,0,100,0,0,66,100,0,0,0,0,66,100,0,0,82,0,0,0,0,0,0,0,0,0,0,0,121,0,146,121,0,0,0,0,0,0,0,0,82,
 68,136,0,0,0,0,0,0,0,121,164,0,136,82,0,0,0,0,0,0,0,0,0,0,0,0,0,0,0,0,0,0,64,0,0,66,100,0,0,0,0,66,100,0,0,82,0,0,0,0,0,0,0,0,0,0,0,126,123,123,125,0,0,0,0,0,0,0,0,82,
 102,0,0,0,0,0,0,0,0,126,123,123,118,90,81,65,107,105,65,73,0,0,0,0,0,0,0,0,0,0,0,0,102,0,0,74,73,0,0,0,0,74,73,0,0,82,0,0,0,0,0,0,0,0,0,0,0,0,0,0,0,0,0,0,0,0,0,0,0,82,
 76,67,67,67,72,0,0,0,0,0,0,0,0,0,0,0,0,0,0,0,0,0,0,0,0,91,0,0,0,0,0,0,68,0,0,0,0,0,0,0,0,0,0,0,0,82,0,0,0,0,0,0,0,0,0,0,0,0,0,0,0,0,0,0,0,0,0,0,0,82,
@@ -296,3 +296,33 @@ repeat=false
 soundfx=soundfx/wood_open.ogg
 tooltip=Treasure Chest
 
+[event]
+type=on_trigger
+location=58,7,1,1
+hotspot=location
+loot=loot/level_3.txt
+mapmod=object,58,7,162
+repeat=false
+soundfx=soundfx/wood_open.ogg
+tooltip=Barrel
+
+[event]
+type=on_trigger
+location=59,42,1,1
+hotspot=location
+loot=loot/level_3.txt
+mapmod=object,59,42,162
+repeat=false
+soundfx=soundfx/wood_open.ogg
+tooltip=Barrel
+
+[event]
+type=on_trigger
+location=59,14,1,1
+hotspot=location
+loot=loot/level_3.txt
+mapmod=object,59,14,163
+repeat=false
+soundfx=soundfx/wood_open.ogg
+tooltip=Crate
+
diff --git a/tiled/empyrean_campaign/st_maria_1.tmx b/tiled/empyrean_campaign/st_maria_1.tmx
index 42a99d19d70a0856191cb7b4b2d293b3ed4e8092..26b25c527d70c1b3193b4b7fe7ed07c53f509b26 100644
--- a/tiled/empyrean_campaign/st_maria_1.tmx
+++ b/tiled/empyrean_campaign/st_maria_1.tmx
@@ -1,5 +1,5 @@
 <?xml version="1.0" encoding="UTF-8"?>
-<map version="1.0" orientation="isometric" renderorder="right-down" width="70" height="70" tilewidth="64" tileheight="32" backgroundcolor="#000000" nextobjectid="12">
+<map version="1.0" orientation="isometric" renderorder="right-down" width="70" height="70" tilewidth="64" tileheight="32" backgroundcolor="#000000" nextobjectid="15">
  <properties>
   <property name="music" value="music/dungeon_theme.ogg"/>
   <property name="tileset" value="tilesetdefs/tileset_dungeon.txt"/>
@@ -113,14 +113,14 @@
 77,101,99,101,103,101,101,101,101,103,101,99,101,78,0,0,0,0,0,0,68,0,0,0,0,91,83,83,83,219,83,83,88,0,0,0,0,0,0,0,0,0,0,0,0,91,83,83,223,83,83,83,88,0,0,0,0,0,0,0,0,0,0,0,0,0,0,0,0,82,
 100,0,0,0,0,0,0,0,0,0,0,0,0,70,0,0,0,0,0,0,102,0,0,0,0,82,0,0,0,0,0,0,92,83,83,83,83,83,83,83,83,83,83,83,83,95,0,0,0,0,0,0,92,83,83,83,88,0,0,0,0,0,0,0,0,0,0,0,0,82,
 98,0,0,0,0,0,0,0,0,0,0,0,0,82,0,0,0,0,0,0,106,0,0,0,0,82,0,0,0,0,0,0,0,0,0,0,0,0,0,0,0,0,0,0,0,0,0,0,0,0,0,0,0,0,0,0,0,0,0,0,0,0,0,0,0,0,0,0,0,82,
-100,0,0,110,0,137,0,0,137,0,110,0,0,82,0,0,0,0,0,0,68,0,0,0,0,82,0,0,0,0,0,0,0,0,0,0,0,0,0,0,0,0,0,0,0,0,0,0,0,0,0,0,0,0,0,0,0,121,0,0,121,0,0,0,0,0,0,0,0,82,
+100,0,0,110,0,137,0,0,137,0,110,0,0,82,0,0,0,0,0,0,68,0,0,0,0,82,0,0,0,0,0,0,0,0,0,0,0,0,0,0,0,0,0,0,0,0,0,0,0,0,0,0,0,0,0,0,0,121,146,0,121,0,0,0,0,0,0,0,0,82,
 102,0,0,0,0,0,0,0,0,0,0,0,0,90,81,103,105,107,97,103,73,0,0,0,0,82,0,0,0,0,0,0,0,0,0,0,0,0,0,0,0,0,0,0,0,0,0,0,0,0,0,0,0,0,0,0,0,126,123,123,125,0,0,0,0,0,0,0,0,82,
 100,0,0,136,0,0,0,0,0,0,136,0,0,0,0,0,0,0,0,0,0,0,0,0,0,82,0,0,0,0,0,0,0,0,0,0,0,0,0,0,0,0,0,0,0,0,0,0,0,0,0,0,0,0,0,0,0,0,0,0,0,0,0,0,0,0,0,0,0,82,
 100,0,0,0,0,0,151,0,0,0,0,0,0,0,0,0,0,0,0,0,0,0,0,0,0,82,0,0,0,0,0,0,0,0,0,0,0,0,0,0,0,0,0,0,0,0,0,0,0,0,0,0,0,0,0,0,0,0,0,0,0,0,0,0,0,0,0,0,0,82,
 100,0,0,0,0,0,164,183,0,0,0,0,0,0,0,0,0,0,0,0,0,0,0,0,0,82,0,0,0,0,0,0,0,0,0,0,0,0,0,0,0,0,0,0,0,0,0,0,0,0,0,0,0,0,0,0,0,0,0,0,0,0,0,0,0,0,0,0,0,82,
 100,0,0,136,0,0,0,0,0,0,136,0,0,0,0,0,0,0,0,0,0,0,0,0,0,90,0,0,0,0,0,0,0,0,77,69,109,97,109,105,97,109,69,78,0,0,0,0,0,0,0,0,0,0,0,0,0,0,0,0,0,0,0,0,0,0,0,0,0,82,
 102,0,0,0,0,0,0,0,0,0,0,0,0,91,83,83,83,83,83,88,0,0,0,0,0,0,0,0,0,0,0,0,0,0,68,0,0,0,0,0,0,0,0,70,0,0,0,0,0,0,0,0,0,0,0,0,0,127,123,123,124,0,0,0,0,0,0,0,0,82,
-100,0,0,110,0,137,0,0,137,0,110,0,0,82,0,0,0,0,0,0,0,0,0,0,0,0,0,0,0,0,0,0,0,0,98,0,0,0,0,0,0,0,0,82,0,0,0,0,0,0,0,0,0,0,0,0,0,119,0,0,119,0,0,0,0,0,0,0,0,82,
+100,0,0,110,0,137,0,0,137,0,110,0,0,82,0,0,0,0,0,0,0,0,0,0,0,0,0,0,0,0,0,0,0,0,98,0,0,0,0,0,0,0,0,82,0,0,0,0,0,0,0,0,0,0,0,0,0,119,0,147,119,0,0,0,0,0,0,0,0,82,
 98,0,0,0,0,0,0,0,0,0,0,0,0,82,0,0,0,0,0,0,0,121,0,0,121,0,0,0,0,0,0,0,0,0,102,0,0,0,0,0,0,0,0,82,0,0,0,0,0,0,0,0,0,0,0,0,0,0,0,0,0,0,0,0,0,0,0,0,0,82,
 100,0,0,0,0,0,0,0,0,0,0,0,0,82,0,0,0,0,0,0,0,122,0,0,122,0,0,0,0,0,0,0,0,0,64,0,0,0,0,0,0,0,0,82,0,0,0,0,0,0,0,0,0,0,0,0,0,0,0,0,0,0,0,0,0,0,0,0,0,82,
 76,71,83,83,88,0,0,0,0,91,83,83,83,95,0,0,0,0,0,0,0,119,0,0,119,0,0,0,0,0,0,0,0,0,104,0,0,0,0,0,0,0,0,82,0,0,0,0,0,0,0,0,0,0,0,0,0,0,0,0,0,0,0,0,0,0,0,0,0,82,
@@ -148,7 +148,7 @@
 0,0,0,0,77,73,0,0,90,94,0,0,0,0,0,0,0,0,0,0,0,0,0,0,0,0,0,0,0,0,0,0,102,0,0,66,100,0,0,0,0,66,100,0,0,82,0,0,0,0,0,0,0,0,0,0,0,0,0,0,0,0,0,0,0,0,0,0,0,82,
 77,103,107,103,73,0,0,0,0,90,81,107,103,78,0,0,0,0,0,0,0,121,0,0,121,0,0,0,0,0,0,0,64,0,0,66,100,0,0,0,0,66,100,0,0,82,0,0,0,0,0,0,0,0,0,0,0,0,0,0,0,0,0,0,0,0,0,0,0,82,
 68,0,0,0,0,0,0,0,0,0,0,0,0,70,0,0,0,0,0,0,0,122,0,0,122,0,0,0,0,0,0,0,100,0,0,66,100,0,0,0,0,66,100,0,0,82,0,0,0,0,0,0,0,0,0,0,0,0,0,0,0,0,0,0,0,0,0,0,0,82,
-98,136,0,0,0,0,0,0,0,0,0,0,136,82,0,0,0,0,0,0,0,119,0,0,119,0,0,0,0,0,0,0,100,0,0,66,100,0,0,0,0,66,100,0,0,82,0,0,0,0,0,0,0,0,0,0,0,121,0,0,121,0,0,0,0,0,0,0,0,82,
+98,136,0,0,0,0,0,0,0,0,0,0,136,82,0,0,0,0,0,0,0,119,0,0,119,0,0,0,0,0,0,0,100,0,0,66,100,0,0,0,0,66,100,0,0,82,0,0,0,0,0,0,0,0,0,0,0,121,0,146,121,0,0,0,0,0,0,0,0,82,
 68,136,0,0,0,0,0,0,0,121,164,0,136,82,0,0,0,0,0,0,0,0,0,0,0,0,0,0,0,0,0,0,64,0,0,66,100,0,0,0,0,66,100,0,0,82,0,0,0,0,0,0,0,0,0,0,0,126,123,123,125,0,0,0,0,0,0,0,0,82,
 102,0,0,0,0,0,0,0,0,126,123,123,118,90,81,65,107,105,65,73,0,0,0,0,0,0,0,0,0,0,0,0,102,0,0,74,73,0,0,0,0,74,73,0,0,82,0,0,0,0,0,0,0,0,0,0,0,0,0,0,0,0,0,0,0,0,0,0,0,82,
 76,67,67,67,72,0,0,0,0,0,0,0,0,0,0,0,0,0,0,0,0,0,0,0,0,91,0,0,0,0,0,0,68,0,0,0,0,0,0,0,0,0,0,0,0,82,0,0,0,0,0,0,0,0,0,0,0,0,0,0,0,0,0,0,0,0,0,0,0,82,
@@ -307,5 +307,35 @@
     <property name="tooltip" value="Treasure Chest"/>
    </properties>
   </object>
+  <object id="12" type="on_trigger" x="1856" y="224" width="32" height="32">
+   <properties>
+    <property name="hotspot" value="location"/>
+    <property name="loot" value="loot/level_3.txt"/>
+    <property name="mapmod" value="object,58,7,162"/>
+    <property name="repeat" value="false"/>
+    <property name="soundfx" value="soundfx/wood_open.ogg"/>
+    <property name="tooltip" value="Barrel"/>
+   </properties>
+  </object>
+  <object id="13" type="on_trigger" x="1888" y="1344" width="32" height="32">
+   <properties>
+    <property name="hotspot" value="location"/>
+    <property name="loot" value="loot/level_3.txt"/>
+    <property name="mapmod" value="object,59,42,162"/>
+    <property name="repeat" value="false"/>
+    <property name="soundfx" value="soundfx/wood_open.ogg"/>
+    <property name="tooltip" value="Barrel"/>
+   </properties>
+  </object>
+  <object id="14" type="on_trigger" x="1888" y="448" width="32" height="32">
+   <properties>
+    <property name="hotspot" value="location"/>
+    <property name="loot" value="loot/level_3.txt"/>
+    <property name="mapmod" value="object,59,14,163"/>
+    <property name="repeat" value="false"/>
+    <property name="soundfx" value="soundfx/wood_open.ogg"/>
+    <property name="tooltip" value="Crate"/>
+   </properties>
+  </object>
  </objectgroup>
 </map>
