diff --git a/mods/empyrean_campaign/maps/iron_labyrinth/room11.txt b/mods/empyrean_campaign/maps/iron_labyrinth/room11.txt
index 0670a96a8ad86362bdae5a12ee33a3ba8bc889d3..f3ab0934081de0ee1df8a8ca01027f262824dcb0 100644
--- a/mods/empyrean_campaign/maps/iron_labyrinth/room11.txt
+++ b/mods/empyrean_campaign/maps/iron_labyrinth/room11.txt
@@ -97,9 +97,9 @@ data=
 157,158,164,160,168,0,0,0,0,189,0,0,0,189,0,0,0,188,189,191,0,0,0,138,157,163,159,160,
 153,154,161,156,215,0,0,0,0,0,0,291,0,0,0,292,0,0,312,292,0,0,0,138,153,164,155,156,
 157,158,164,160,140,0,0,0,185,292,0,0,0,292,0,0,0,291,0,0,0,0,0,138,157,162,159,160,
-153,154,165,156,240,0,0,0,0,0,0,0,0,0,296,0,0,0,0,272,0,0,0,138,153,164,155,156,
+153,154,165,156,240,0,0,0,0,0,0,0,0,0,296,0,0,0,0,273,0,0,0,138,153,164,155,156,
 157,158,164,160,178,0,0,0,0,291,0,193,207,173,222,316,0,0,0,0,0,0,0,138,157,164,159,160,
-153,154,162,156,170,0,0,0,0,0,0,190,217,161,252,0,0,0,0,273,0,0,0,138,153,166,155,156,
+153,154,162,156,170,0,0,0,0,0,0,190,217,161,252,0,0,0,0,272,0,0,0,138,153,166,155,156,
 157,158,162,160,136,0,0,0,0,292,0,0,202,249,219,312,0,0,0,0,0,0,0,138,157,161,159,160,
 153,154,161,156,215,0,0,0,229,0,0,0,0,0,268,0,0,0,0,272,0,0,0,138,153,166,155,156,
 157,158,164,160,174,0,0,0,0,189,190,0,0,292,0,0,0,291,0,0,0,0,0,138,157,163,159,160,
diff --git a/mods/empyrean_campaign/settings.txt b/mods/empyrean_campaign/settings.txt
index a6ddfe0261b0717a38ca4123cffb80589b726794..5a28ebc7ebd2a045f87ce925a4cf8894f05d71ae 100644
--- a/mods/empyrean_campaign/settings.txt
+++ b/mods/empyrean_campaign/settings.txt
@@ -1,5 +1,5 @@
 description=The new Flare 1.0 campaign
 requires=fantasycore:1.14.06
 game=flare-game
-version=1.14.33
+version=1.14.34
 engine_version_min=1.14.258
diff --git a/tiled/iron_labyrinth/room11.tmx b/tiled/iron_labyrinth/room11.tmx
index e2b1247a77cf2cd181f7ab5dc2329ff408876962..f5ed10c36b44e862da2bf47292adefe4b9943b09 100644
--- a/tiled/iron_labyrinth/room11.tmx
+++ b/tiled/iron_labyrinth/room11.tmx
@@ -1,5 +1,5 @@
 <?xml version="1.0" encoding="UTF-8"?>
-<map version="1.11" tiledversion="1.11.2" orientation="isometric" renderorder="right-down" width="28" height="28" tilewidth="192" tileheight="96" infinite="0" backgroundcolor="#000000" nextlayerid="34" nextobjectid="13">
+<map version="1.11" tiledversion="1.12.1" orientation="isometric" renderorder="right-down" width="28" height="28" tilewidth="192" tileheight="96" infinite="0" backgroundcolor="#000000" nextlayerid="34" nextobjectid="13">
  <editorsettings>
   <export target="../../mods/empyrean_campaign/maps/iron_labyrinth/room11.txt" format="flare"/>
  </editorsettings>
@@ -110,9 +110,9 @@
 157,158,164,160,168,0,0,0,0,189,0,0,0,189,0,0,0,188,189,191,0,0,0,138,157,163,159,160,
 153,154,161,156,215,0,0,0,0,0,0,291,0,0,0,292,0,0,312,292,0,0,0,138,153,164,155,156,
 157,158,164,160,140,0,0,0,185,292,0,0,0,292,0,0,0,291,0,0,0,0,0,138,157,162,159,160,
-153,154,165,156,240,0,0,0,0,0,0,0,0,0,296,0,0,0,0,272,0,0,0,138,153,164,155,156,
+153,154,165,156,240,0,0,0,0,0,0,0,0,0,296,0,0,0,0,273,0,0,0,138,153,164,155,156,
 157,158,164,160,178,0,0,0,0,291,0,193,207,173,222,316,0,0,0,0,0,0,0,138,157,164,159,160,
-153,154,162,156,170,0,0,0,0,0,0,190,217,161,252,0,0,0,0,273,0,0,0,138,153,166,155,156,
+153,154,162,156,170,0,0,0,0,0,0,190,217,161,252,0,0,0,0,272,0,0,0,138,153,166,155,156,
 157,158,162,160,136,0,0,0,0,292,0,0,202,249,219,312,0,0,0,0,0,0,0,138,157,161,159,160,
 153,154,161,156,215,0,0,0,229,0,0,0,0,0,268,0,0,0,0,272,0,0,0,138,153,166,155,156,
 157,158,164,160,174,0,0,0,0,189,190,0,0,292,0,0,0,291,0,0,0,0,0,138,157,163,159,160,
