diff --git a/mods/empyrean_campaign/enemies/lvl6_antlion_frostbite.txt b/mods/empyrean_campaign/enemies/lvl6_antlion_frostbite.txt
index 3d1438de1cc980d194fb191436f3fca55852c848..18bc431a15248aa4fafa8b3951ccc6bcded77d5f 100644
--- a/mods/empyrean_campaign/enemies/lvl6_antlion_frostbite.txt
+++ b/mods/empyrean_campaign/enemies/lvl6_antlion_frostbite.txt
@@ -2,7 +2,7 @@ INCLUDE enemies/base/antlion_ice.txt
 
 name=Frostbite Antlion
 level=6
-categories=antlion,antlion_ice,ice,snowplains
+categories=antlion,antlion_ice,ice,snowplains,antlion_ice_lvl6
 rarity=common
 xp=64
 
diff --git a/mods/empyrean_campaign/maps/stormrock_ruins.txt b/mods/empyrean_campaign/maps/stormrock_ruins.txt
index a67f3446b529ed6f63638719fc41be79350746e7..e4fcc0aa7eb466a2d4539a610cfd92abcbd717e6 100644
--- a/mods/empyrean_campaign/maps/stormrock_ruins.txt
+++ b/mods/empyrean_campaign/maps/stormrock_ruins.txt
@@ -93,12 +93,12 @@ data=
 0,0,0,0,0,0,0,0,0,36,32,34,38,36,40,32,41,16,38,47,47,44,37,19,46,47,45,40,41,18,0,0,0,0,0,0,0,0,0,0,0,0,0,0,0,44,44,45,18,39,0,0,0,0,0,0,0,0,0,0,0,37,16,45,38,43,38,41,42,41,43,16,39,22,49,0,0,0,0,0,0,0,0,0,0,0,20,42,37,42,18,41,38,37,19,37,18,43,0,0,
 0,0,0,0,0,0,0,0,0,17,37,41,18,43,37,19,47,46,34,37,42,39,36,45,16,47,17,16,19,42,0,0,0,0,0,0,0,0,0,0,0,42,44,44,45,16,43,42,44,40,45,44,45,47,0,0,0,0,0,0,0,45,17,46,17,30,23,23,23,23,23,23,23,26,49,0,0,0,0,0,0,0,0,0,0,0,27,23,23,23,23,23,23,23,31,41,17,42,0,0,
 0,0,0,0,0,0,0,0,0,18,37,45,43,19,42,36,16,42,43,43,44,40,41,16,45,36,18,19,45,18,0,0,0,0,0,0,0,0,0,0,0,36,40,19,39,44,40,17,44,45,47,18,47,16,0,0,0,0,0,0,0,40,45,45,18,22,48,50,50,50,50,50,50,50,0,0,0,0,0,0,0,0,0,0,0,0,50,50,50,50,50,50,50,50,20,17,46,44,0,0,
-0,0,0,0,0,0,0,0,0,47,16,47,43,47,39,16,44,17,16,38,42,40,19,45,45,17,18,40,36,47,0,0,0,0,0,0,0,0,0,0,0,39,38,19,38,42,16,45,47,39,16,45,45,38,0,0,0,0,0,0,0,46,41,39,37,22,49,0,0,0,0,0,0,0,0,0,0,0,0,0,0,0,0,0,0,0,0,0,0,0,0,0,0,0,20,39,18,38,0,0,
-0,0,0,0,0,0,0,0,0,43,46,39,46,39,44,19,39,40,18,41,46,17,39,44,19,47,42,18,40,17,0,0,0,0,0,0,0,0,0,0,0,16,42,19,44,30,23,23,23,23,31,37,17,41,0,0,0,0,0,0,0,45,47,38,47,22,49,0,0,0,0,0,0,0,0,0,0,0,0,0,0,0,0,0,0,0,0,0,0,0,0,0,0,0,20,41,47,36,0,0,
-0,0,0,0,0,0,0,0,0,37,46,18,43,36,43,37,38,38,45,43,42,37,17,46,37,47,38,40,18,44,0,0,0,0,0,0,0,0,0,0,0,36,17,44,46,22,48,50,50,50,20,38,40,36,0,0,0,0,0,0,0,38,19,39,37,22,49,0,0,0,0,0,0,0,0,0,0,0,0,0,0,0,0,0,0,0,0,0,0,0,0,0,0,0,20,17,43,44,0,0,
-0,0,0,0,0,0,0,0,0,41,19,17,18,43,0,0,0,0,0,0,0,0,0,0,0,0,0,0,0,0,0,0,0,0,0,0,0,0,0,0,0,19,17,43,16,22,49,0,0,0,20,41,45,39,0,0,0,0,0,0,0,42,37,19,43,22,49,0,0,0,24,21,21,21,21,21,21,21,21,21,21,21,21,21,21,21,21,21,21,25,49,0,0,0,20,42,40,41,0,0,
-0,0,0,0,0,0,0,0,0,40,40,41,41,19,0,0,0,0,0,0,0,0,0,0,0,0,0,0,0,0,0,0,0,0,0,0,0,0,0,0,0,40,36,44,44,29,21,21,21,21,28,38,39,42,0,0,0,0,0,0,0,17,37,37,39,22,49,0,0,0,20,19,37,39,41,47,41,17,37,46,41,17,41,18,47,42,46,19,17,22,49,0,0,0,20,42,45,43,0,0,
-0,0,0,0,0,0,0,0,0,38,46,45,39,44,0,0,0,0,0,0,0,0,0,0,0,0,0,0,0,0,0,0,0,0,0,0,0,0,0,0,0,39,43,18,43,43,40,42,46,18,47,17,18,46,0,0,0,0,0,0,0,41,43,40,42,22,49,0,0,0,20,17,44,43,37,45,40,42,45,45,38,36,36,39,16,17,38,42,38,22,49,0,0,0,20,40,36,42,0,0,
+0,0,0,0,0,0,0,0,0,47,16,47,43,47,39,16,44,17,16,38,42,40,19,45,45,17,18,40,36,47,0,0,0,0,0,0,0,0,0,0,0,39,38,19,32,35,34,33,34,33,35,35,45,38,0,0,0,0,0,0,0,46,41,39,37,22,49,0,0,0,0,0,0,0,0,0,0,0,0,0,0,0,0,0,0,0,0,0,0,0,0,0,0,0,20,39,18,38,0,0,
+0,0,0,0,0,0,0,0,0,43,46,39,46,39,44,19,39,40,18,41,46,17,39,44,19,47,42,18,40,17,0,0,0,0,0,0,0,0,0,0,0,16,42,19,32,30,23,23,23,23,31,32,17,41,0,0,0,0,0,0,0,45,47,38,47,22,49,0,0,0,0,0,0,0,0,0,0,0,0,0,0,0,0,0,0,0,0,0,0,0,0,0,0,0,20,41,47,36,0,0,
+0,0,0,0,0,0,0,0,0,37,46,18,43,36,43,37,38,38,45,43,42,37,17,46,37,47,38,40,18,44,0,0,0,0,0,0,0,0,0,0,0,36,17,44,34,22,48,50,50,50,20,34,40,36,0,0,0,0,0,0,0,38,19,39,37,22,49,0,0,0,0,0,0,0,0,0,0,0,0,0,0,0,0,0,0,0,0,0,0,0,0,0,0,0,20,17,43,44,0,0,
+0,0,0,0,0,0,0,0,0,41,19,17,18,43,0,0,0,0,0,0,0,0,0,0,0,0,0,0,0,0,0,0,0,0,0,0,0,0,0,0,0,19,17,43,33,22,49,0,0,0,20,33,45,39,0,0,0,0,0,0,0,42,37,19,43,22,49,0,0,0,24,21,21,21,21,21,21,21,21,21,21,21,21,21,21,21,21,21,21,25,49,0,0,0,20,42,40,41,0,0,
+0,0,0,0,0,0,0,0,0,40,40,41,41,19,0,0,0,0,0,0,0,0,0,0,0,0,0,0,0,0,0,0,0,0,0,0,0,0,0,0,0,40,36,44,34,29,21,21,21,21,28,33,39,42,0,0,0,0,0,0,0,17,37,37,39,22,49,0,0,0,20,19,37,39,41,47,41,17,37,46,41,17,41,18,47,42,46,19,17,22,49,0,0,0,20,42,45,43,0,0,
+0,0,0,0,0,0,0,0,0,38,46,45,39,44,0,0,0,0,0,0,0,0,0,0,0,0,0,0,0,0,0,0,0,0,0,0,0,0,0,0,0,39,43,18,33,32,34,32,35,35,35,35,18,46,0,0,0,0,0,0,0,41,43,40,42,22,49,0,0,0,20,17,44,43,37,45,40,42,45,45,38,36,36,39,16,17,38,42,38,22,49,0,0,0,20,40,36,42,0,0,
 0,0,0,0,0,0,0,0,0,17,16,40,44,36,0,0,0,0,0,0,0,0,0,0,0,0,0,0,0,0,0,0,0,0,0,0,0,0,0,0,0,39,46,41,43,39,19,39,36,45,46,45,36,43,0,0,0,0,0,0,0,18,39,39,39,22,49,0,0,0,20,16,19,16,43,17,18,38,44,18,36,41,38,45,43,42,40,18,46,22,49,0,0,0,20,46,44,44,0,0,
 0,0,0,0,0,0,0,0,0,44,44,43,44,43,0,0,0,0,0,0,0,0,0,0,0,0,0,0,0,0,0,0,0,0,0,0,0,0,0,0,0,0,0,0,0,19,37,16,18,44,0,0,0,0,0,0,0,0,0,0,0,38,45,39,19,22,49,0,0,0,20,42,47,40,42,36,47,41,40,36,17,43,40,44,17,47,45,45,18,22,49,0,0,0,20,36,47,43,0,0,
 0,0,0,0,0,0,0,0,0,46,39,47,17,19,0,0,0,0,0,0,0,0,0,0,0,0,0,0,0,0,0,0,0,0,0,0,0,0,0,0,0,0,0,0,0,42,44,41,36,45,0,0,0,0,0,0,0,0,0,0,0,38,39,46,47,22,49,0,0,0,20,43,38,46,45,19,37,36,39,37,39,41,38,37,40,38,17,18,44,22,49,0,0,0,20,43,44,19,0,0,
@@ -197,12 +197,12 @@ data=
 0,0,0,0,0,0,0,0,0,64,167,131,0,0,0,151,75,72,0,0,0,0,0,0,0,0,0,0,0,0,82,0,0,0,0,0,0,0,0,0,0,0,0,0,0,77,73,0,0,90,94,0,0,0,0,0,0,0,0,0,0,64,0,0,0,0,0,0,0,0,0,0,0,0,0,0,0,0,0,0,0,0,0,0,0,0,0,0,0,0,0,0,0,0,0,0,0,0,82,0,
 0,0,0,0,0,0,0,0,0,106,120,123,123,123,123,118,74,73,128,0,0,0,0,0,0,0,0,0,0,0,82,0,0,0,0,0,0,0,0,0,0,77,65,105,65,73,0,0,0,0,90,81,69,109,78,0,0,0,0,0,0,106,0,0,0,0,0,0,0,0,0,0,0,0,0,0,0,0,0,0,0,0,0,0,0,0,0,0,0,0,0,0,0,0,0,0,0,0,82,0,
 0,0,0,0,0,0,0,0,0,64,0,0,0,0,0,0,0,0,0,0,0,0,0,0,0,0,0,0,0,0,82,0,0,0,0,0,0,0,0,0,0,64,0,0,0,0,0,0,0,0,0,0,0,0,70,0,0,0,0,0,0,102,0,0,0,0,0,0,0,0,0,0,0,0,0,0,0,0,0,0,0,0,0,0,0,0,0,0,0,0,0,0,0,0,0,0,0,0,82,0,
-0,0,0,0,0,0,0,0,0,100,0,0,0,0,0,0,0,0,0,0,0,0,0,0,0,0,0,0,0,0,82,0,0,0,0,0,0,0,0,0,0,96,0,0,32,35,34,33,34,33,35,0,0,0,82,0,0,0,0,0,0,106,0,0,0,0,0,0,0,0,0,0,0,0,0,0,0,0,0,0,0,0,0,0,0,0,0,0,0,0,0,0,0,0,0,0,0,0,82,0,
-0,0,0,0,0,0,0,0,0,98,0,0,0,0,0,0,0,0,0,0,0,0,0,0,0,0,0,0,0,0,82,0,0,0,0,0,0,0,0,0,0,106,0,0,32,151,0,0,0,0,167,32,0,0,82,0,0,0,0,0,0,64,0,0,0,0,0,0,0,0,0,0,0,0,0,0,0,0,0,0,0,0,0,0,0,0,0,0,0,0,0,0,0,0,0,0,0,0,82,0,
-0,0,0,0,0,0,0,0,0,100,0,0,0,0,0,0,0,0,0,0,0,0,0,0,0,0,0,0,0,0,82,0,0,0,0,0,0,0,0,0,0,68,0,0,34,0,0,0,0,0,0,34,0,0,82,0,0,0,0,0,0,98,0,0,0,0,0,0,0,0,0,0,0,0,0,0,0,0,0,0,0,0,0,0,0,0,0,0,0,0,0,0,0,0,0,0,0,0,82,0,
-0,0,0,0,0,0,0,0,0,100,0,0,0,0,91,83,83,83,83,83,83,83,83,83,83,83,83,83,83,83,95,0,0,0,0,0,0,0,0,0,0,108,0,0,33,0,0,0,0,0,0,33,0,0,82,0,0,0,0,0,0,64,0,0,0,0,0,0,0,0,167,0,0,0,0,0,0,0,0,0,0,0,0,0,0,0,0,0,0,167,0,0,0,0,0,0,0,0,82,0,
-0,0,0,0,0,0,0,0,0,98,0,0,0,0,82,0,0,0,0,0,0,0,0,0,0,0,0,0,0,0,0,0,0,0,0,0,0,0,0,0,0,106,0,0,34,151,0,0,0,0,151,33,0,0,82,0,0,0,0,0,0,102,0,0,0,0,0,0,0,0,0,0,0,0,0,0,0,0,0,0,0,0,0,0,0,0,0,0,0,0,0,0,0,0,0,0,0,0,82,0,
-0,0,0,0,0,0,0,0,0,100,0,0,0,0,82,0,0,0,0,0,0,0,0,0,0,0,0,0,0,0,0,0,0,0,0,0,0,0,0,0,0,96,0,0,33,32,34,32,35,35,35,35,0,0,82,0,0,0,0,0,0,68,0,0,0,0,0,0,0,0,0,0,0,0,0,0,0,0,127,123,123,124,0,0,0,0,0,0,0,0,0,0,0,0,0,0,0,0,82,0,
+0,0,0,0,0,0,0,0,0,100,0,0,0,0,0,0,0,0,0,0,0,0,0,0,0,0,0,0,0,0,82,0,0,0,0,0,0,0,0,0,0,96,0,0,0,0,0,0,0,0,0,0,0,0,82,0,0,0,0,0,0,106,0,0,0,0,0,0,0,0,0,0,0,0,0,0,0,0,0,0,0,0,0,0,0,0,0,0,0,0,0,0,0,0,0,0,0,0,82,0,
+0,0,0,0,0,0,0,0,0,98,0,0,0,0,0,0,0,0,0,0,0,0,0,0,0,0,0,0,0,0,82,0,0,0,0,0,0,0,0,0,0,106,0,0,0,151,0,0,0,0,167,0,0,0,82,0,0,0,0,0,0,64,0,0,0,0,0,0,0,0,0,0,0,0,0,0,0,0,0,0,0,0,0,0,0,0,0,0,0,0,0,0,0,0,0,0,0,0,82,0,
+0,0,0,0,0,0,0,0,0,100,0,0,0,0,0,0,0,0,0,0,0,0,0,0,0,0,0,0,0,0,82,0,0,0,0,0,0,0,0,0,0,68,0,0,0,0,0,0,0,0,0,0,0,0,82,0,0,0,0,0,0,98,0,0,0,0,0,0,0,0,0,0,0,0,0,0,0,0,0,0,0,0,0,0,0,0,0,0,0,0,0,0,0,0,0,0,0,0,82,0,
+0,0,0,0,0,0,0,0,0,100,0,0,0,0,91,83,83,83,83,83,83,83,83,83,83,83,83,83,83,83,95,0,0,0,0,0,0,0,0,0,0,108,0,0,0,0,0,0,0,0,0,0,0,0,82,0,0,0,0,0,0,64,0,0,0,0,0,0,0,0,167,0,0,0,0,0,0,0,0,0,0,0,0,0,0,0,0,0,0,167,0,0,0,0,0,0,0,0,82,0,
+0,0,0,0,0,0,0,0,0,98,0,0,0,0,82,0,0,0,0,0,0,0,0,0,0,0,0,0,0,0,0,0,0,0,0,0,0,0,0,0,0,106,0,0,0,151,0,0,0,0,151,0,0,0,82,0,0,0,0,0,0,102,0,0,0,0,0,0,0,0,0,0,0,0,0,0,0,0,0,0,0,0,0,0,0,0,0,0,0,0,0,0,0,0,0,0,0,0,82,0,
+0,0,0,0,0,0,0,0,0,100,0,0,0,0,82,0,0,0,0,0,0,0,0,0,0,0,0,0,0,0,0,0,0,0,0,0,0,0,0,0,0,96,0,0,0,0,0,0,0,0,0,0,0,0,82,0,0,0,0,0,0,68,0,0,0,0,0,0,0,0,0,0,0,0,0,0,0,0,127,123,123,124,0,0,0,0,0,0,0,0,0,0,0,0,0,0,0,0,82,0,
 0,0,0,0,0,0,0,0,0,68,0,0,0,0,82,0,0,0,0,0,0,0,0,0,0,0,0,0,0,0,0,0,0,0,0,0,0,0,0,0,0,68,0,0,0,0,0,0,0,0,0,0,0,0,82,0,0,0,0,0,0,96,0,0,0,0,0,0,0,0,0,0,0,75,72,0,136,0,122,145,133,122,0,136,0,75,72,0,0,0,0,0,0,0,0,0,0,0,82,0,
 0,0,0,0,0,0,0,0,0,106,0,0,0,0,82,0,0,0,0,0,0,0,0,0,0,0,0,0,0,0,0,0,0,0,0,0,0,0,0,0,0,76,71,83,83,88,0,0,0,0,91,83,83,83,95,0,0,0,0,0,0,106,0,0,0,0,0,0,0,0,0,0,0,74,73,0,136,0,119,0,0,119,0,136,0,74,73,0,0,0,0,0,0,0,0,0,0,0,82,0,
 0,0,0,0,0,0,0,0,0,68,0,0,0,0,82,0,0,0,0,0,0,0,0,0,0,0,0,0,0,0,0,0,0,0,0,0,0,0,0,0,0,0,0,0,0,80,0,0,0,0,82,0,0,0,0,0,0,0,0,0,0,64,0,0,0,0,0,0,0,0,0,0,0,0,0,0,0,0,0,0,0,0,0,0,0,0,0,0,0,0,0,0,0,0,0,0,0,0,82,0,
@@ -679,13 +679,16 @@ type=on_load
 location=39,74,1,1
 mapmod=object,43,73,183
 requires_status=emp_stormrock_key
+spawn=antlion_ice_lvl6,43,75
 
 [event]
 # Aldwulf corpse
 type=on_load
 location=39,72,1,1
 mapmod=object,43,73,183
+requires_not_status=emp_stormrock_key
 requires_status=emp_stormrock_door
+spawn=antlion_ice_lvl6,43,75
 
 [enemy]
 type=snowplains
diff --git a/tiled/empyrean_campaign/stormrock_ruins.tmx b/tiled/empyrean_campaign/stormrock_ruins.tmx
index f3670602f0cf629928eb8fa6dbf3d17d56c5dcd0..b72afb9350fc622f643bca0714882509e1df7240 100644
--- a/tiled/empyrean_campaign/stormrock_ruins.tmx
+++ b/tiled/empyrean_campaign/stormrock_ruins.tmx
@@ -105,12 +105,12 @@
 0,0,0,0,0,0,0,0,0,36,32,34,38,36,40,32,41,16,38,47,47,44,37,19,46,47,45,40,41,18,0,0,0,0,0,0,0,0,0,0,0,0,0,0,0,44,44,45,18,39,0,0,0,0,0,0,0,0,0,0,0,37,16,45,38,43,38,41,42,41,43,16,39,22,49,0,0,0,0,0,0,0,0,0,0,0,20,42,37,42,18,41,38,37,19,37,18,43,0,0,
 0,0,0,0,0,0,0,0,0,17,37,41,18,43,37,19,47,46,34,37,42,39,36,45,16,47,17,16,19,42,0,0,0,0,0,0,0,0,0,0,0,42,44,44,45,16,43,42,44,40,45,44,45,47,0,0,0,0,0,0,0,45,17,46,17,30,23,23,23,23,23,23,23,26,49,0,0,0,0,0,0,0,0,0,0,0,27,23,23,23,23,23,23,23,31,41,17,42,0,0,
 0,0,0,0,0,0,0,0,0,18,37,45,43,19,42,36,16,42,43,43,44,40,41,16,45,36,18,19,45,18,0,0,0,0,0,0,0,0,0,0,0,36,40,19,39,44,40,17,44,45,47,18,47,16,0,0,0,0,0,0,0,40,45,45,18,22,48,50,50,50,50,50,50,50,0,0,0,0,0,0,0,0,0,0,0,0,50,50,50,50,50,50,50,50,20,17,46,44,0,0,
-0,0,0,0,0,0,0,0,0,47,16,47,43,47,39,16,44,17,16,38,42,40,19,45,45,17,18,40,36,47,0,0,0,0,0,0,0,0,0,0,0,39,38,19,38,42,16,45,47,39,16,45,45,38,0,0,0,0,0,0,0,46,41,39,37,22,49,0,0,0,0,0,0,0,0,0,0,0,0,0,0,0,0,0,0,0,0,0,0,0,0,0,0,0,20,39,18,38,0,0,
-0,0,0,0,0,0,0,0,0,43,46,39,46,39,44,19,39,40,18,41,46,17,39,44,19,47,42,18,40,17,0,0,0,0,0,0,0,0,0,0,0,16,42,19,44,30,23,23,23,23,31,37,17,41,0,0,0,0,0,0,0,45,47,38,47,22,49,0,0,0,0,0,0,0,0,0,0,0,0,0,0,0,0,0,0,0,0,0,0,0,0,0,0,0,20,41,47,36,0,0,
-0,0,0,0,0,0,0,0,0,37,46,18,43,36,43,37,38,38,45,43,42,37,17,46,37,47,38,40,18,44,0,0,0,0,0,0,0,0,0,0,0,36,17,44,46,22,48,50,50,50,20,38,40,36,0,0,0,0,0,0,0,38,19,39,37,22,49,0,0,0,0,0,0,0,0,0,0,0,0,0,0,0,0,0,0,0,0,0,0,0,0,0,0,0,20,17,43,44,0,0,
-0,0,0,0,0,0,0,0,0,41,19,17,18,43,0,0,0,0,0,0,0,0,0,0,0,0,0,0,0,0,0,0,0,0,0,0,0,0,0,0,0,19,17,43,16,22,49,0,0,0,20,41,45,39,0,0,0,0,0,0,0,42,37,19,43,22,49,0,0,0,24,21,21,21,21,21,21,21,21,21,21,21,21,21,21,21,21,21,21,25,49,0,0,0,20,42,40,41,0,0,
-0,0,0,0,0,0,0,0,0,40,40,41,41,19,0,0,0,0,0,0,0,0,0,0,0,0,0,0,0,0,0,0,0,0,0,0,0,0,0,0,0,40,36,44,44,29,21,21,21,21,28,38,39,42,0,0,0,0,0,0,0,17,37,37,39,22,49,0,0,0,20,19,37,39,41,47,41,17,37,46,41,17,41,18,47,42,46,19,17,22,49,0,0,0,20,42,45,43,0,0,
-0,0,0,0,0,0,0,0,0,38,46,45,39,44,0,0,0,0,0,0,0,0,0,0,0,0,0,0,0,0,0,0,0,0,0,0,0,0,0,0,0,39,43,18,43,43,40,42,46,18,47,17,18,46,0,0,0,0,0,0,0,41,43,40,42,22,49,0,0,0,20,17,44,43,37,45,40,42,45,45,38,36,36,39,16,17,38,42,38,22,49,0,0,0,20,40,36,42,0,0,
+0,0,0,0,0,0,0,0,0,47,16,47,43,47,39,16,44,17,16,38,42,40,19,45,45,17,18,40,36,47,0,0,0,0,0,0,0,0,0,0,0,39,38,19,32,35,34,33,34,33,35,35,45,38,0,0,0,0,0,0,0,46,41,39,37,22,49,0,0,0,0,0,0,0,0,0,0,0,0,0,0,0,0,0,0,0,0,0,0,0,0,0,0,0,20,39,18,38,0,0,
+0,0,0,0,0,0,0,0,0,43,46,39,46,39,44,19,39,40,18,41,46,17,39,44,19,47,42,18,40,17,0,0,0,0,0,0,0,0,0,0,0,16,42,19,32,30,23,23,23,23,31,32,17,41,0,0,0,0,0,0,0,45,47,38,47,22,49,0,0,0,0,0,0,0,0,0,0,0,0,0,0,0,0,0,0,0,0,0,0,0,0,0,0,0,20,41,47,36,0,0,
+0,0,0,0,0,0,0,0,0,37,46,18,43,36,43,37,38,38,45,43,42,37,17,46,37,47,38,40,18,44,0,0,0,0,0,0,0,0,0,0,0,36,17,44,34,22,48,50,50,50,20,34,40,36,0,0,0,0,0,0,0,38,19,39,37,22,49,0,0,0,0,0,0,0,0,0,0,0,0,0,0,0,0,0,0,0,0,0,0,0,0,0,0,0,20,17,43,44,0,0,
+0,0,0,0,0,0,0,0,0,41,19,17,18,43,0,0,0,0,0,0,0,0,0,0,0,0,0,0,0,0,0,0,0,0,0,0,0,0,0,0,0,19,17,43,33,22,49,0,0,0,20,33,45,39,0,0,0,0,0,0,0,42,37,19,43,22,49,0,0,0,24,21,21,21,21,21,21,21,21,21,21,21,21,21,21,21,21,21,21,25,49,0,0,0,20,42,40,41,0,0,
+0,0,0,0,0,0,0,0,0,40,40,41,41,19,0,0,0,0,0,0,0,0,0,0,0,0,0,0,0,0,0,0,0,0,0,0,0,0,0,0,0,40,36,44,34,29,21,21,21,21,28,33,39,42,0,0,0,0,0,0,0,17,37,37,39,22,49,0,0,0,20,19,37,39,41,47,41,17,37,46,41,17,41,18,47,42,46,19,17,22,49,0,0,0,20,42,45,43,0,0,
+0,0,0,0,0,0,0,0,0,38,46,45,39,44,0,0,0,0,0,0,0,0,0,0,0,0,0,0,0,0,0,0,0,0,0,0,0,0,0,0,0,39,43,18,33,32,34,32,35,35,35,35,18,46,0,0,0,0,0,0,0,41,43,40,42,22,49,0,0,0,20,17,44,43,37,45,40,42,45,45,38,36,36,39,16,17,38,42,38,22,49,0,0,0,20,40,36,42,0,0,
 0,0,0,0,0,0,0,0,0,17,16,40,44,36,0,0,0,0,0,0,0,0,0,0,0,0,0,0,0,0,0,0,0,0,0,0,0,0,0,0,0,39,46,41,43,39,19,39,36,45,46,45,36,43,0,0,0,0,0,0,0,18,39,39,39,22,49,0,0,0,20,16,19,16,43,17,18,38,44,18,36,41,38,45,43,42,40,18,46,22,49,0,0,0,20,46,44,44,0,0,
 0,0,0,0,0,0,0,0,0,44,44,43,44,43,0,0,0,0,0,0,0,0,0,0,0,0,0,0,0,0,0,0,0,0,0,0,0,0,0,0,0,0,0,0,0,19,37,16,18,44,0,0,0,0,0,0,0,0,0,0,0,38,45,39,19,22,49,0,0,0,20,42,47,40,42,36,47,41,40,36,17,43,40,44,17,47,45,45,18,22,49,0,0,0,20,36,47,43,0,0,
 0,0,0,0,0,0,0,0,0,46,39,47,17,19,0,0,0,0,0,0,0,0,0,0,0,0,0,0,0,0,0,0,0,0,0,0,0,0,0,0,0,0,0,0,0,42,44,41,36,45,0,0,0,0,0,0,0,0,0,0,0,38,39,46,47,22,49,0,0,0,20,43,38,46,45,19,37,36,39,37,39,41,38,37,40,38,17,18,44,22,49,0,0,0,20,43,44,19,0,0,
@@ -209,12 +209,12 @@
 0,0,0,0,0,0,0,0,0,64,167,131,0,0,0,151,75,72,0,0,0,0,0,0,0,0,0,0,0,0,82,0,0,0,0,0,0,0,0,0,0,0,0,0,0,77,73,0,0,90,94,0,0,0,0,0,0,0,0,0,0,64,0,0,0,0,0,0,0,0,0,0,0,0,0,0,0,0,0,0,0,0,0,0,0,0,0,0,0,0,0,0,0,0,0,0,0,0,82,0,
 0,0,0,0,0,0,0,0,0,106,120,123,123,123,123,118,74,73,128,0,0,0,0,0,0,0,0,0,0,0,82,0,0,0,0,0,0,0,0,0,0,77,65,105,65,73,0,0,0,0,90,81,69,109,78,0,0,0,0,0,0,106,0,0,0,0,0,0,0,0,0,0,0,0,0,0,0,0,0,0,0,0,0,0,0,0,0,0,0,0,0,0,0,0,0,0,0,0,82,0,
 0,0,0,0,0,0,0,0,0,64,0,0,0,0,0,0,0,0,0,0,0,0,0,0,0,0,0,0,0,0,82,0,0,0,0,0,0,0,0,0,0,64,0,0,0,0,0,0,0,0,0,0,0,0,70,0,0,0,0,0,0,102,0,0,0,0,0,0,0,0,0,0,0,0,0,0,0,0,0,0,0,0,0,0,0,0,0,0,0,0,0,0,0,0,0,0,0,0,82,0,
-0,0,0,0,0,0,0,0,0,100,0,0,0,0,0,0,0,0,0,0,0,0,0,0,0,0,0,0,0,0,82,0,0,0,0,0,0,0,0,0,0,96,0,0,32,35,34,33,34,33,35,0,0,0,82,0,0,0,0,0,0,106,0,0,0,0,0,0,0,0,0,0,0,0,0,0,0,0,0,0,0,0,0,0,0,0,0,0,0,0,0,0,0,0,0,0,0,0,82,0,
-0,0,0,0,0,0,0,0,0,98,0,0,0,0,0,0,0,0,0,0,0,0,0,0,0,0,0,0,0,0,82,0,0,0,0,0,0,0,0,0,0,106,0,0,32,151,0,0,0,0,167,32,0,0,82,0,0,0,0,0,0,64,0,0,0,0,0,0,0,0,0,0,0,0,0,0,0,0,0,0,0,0,0,0,0,0,0,0,0,0,0,0,0,0,0,0,0,0,82,0,
-0,0,0,0,0,0,0,0,0,100,0,0,0,0,0,0,0,0,0,0,0,0,0,0,0,0,0,0,0,0,82,0,0,0,0,0,0,0,0,0,0,68,0,0,34,0,0,0,0,0,0,34,0,0,82,0,0,0,0,0,0,98,0,0,0,0,0,0,0,0,0,0,0,0,0,0,0,0,0,0,0,0,0,0,0,0,0,0,0,0,0,0,0,0,0,0,0,0,82,0,
-0,0,0,0,0,0,0,0,0,100,0,0,0,0,91,83,83,83,83,83,83,83,83,83,83,83,83,83,83,83,95,0,0,0,0,0,0,0,0,0,0,108,0,0,33,0,0,0,0,0,0,33,0,0,82,0,0,0,0,0,0,64,0,0,0,0,0,0,0,0,167,0,0,0,0,0,0,0,0,0,0,0,0,0,0,0,0,0,0,167,0,0,0,0,0,0,0,0,82,0,
-0,0,0,0,0,0,0,0,0,98,0,0,0,0,82,0,0,0,0,0,0,0,0,0,0,0,0,0,0,0,0,0,0,0,0,0,0,0,0,0,0,106,0,0,34,151,0,0,0,0,151,33,0,0,82,0,0,0,0,0,0,102,0,0,0,0,0,0,0,0,0,0,0,0,0,0,0,0,0,0,0,0,0,0,0,0,0,0,0,0,0,0,0,0,0,0,0,0,82,0,
-0,0,0,0,0,0,0,0,0,100,0,0,0,0,82,0,0,0,0,0,0,0,0,0,0,0,0,0,0,0,0,0,0,0,0,0,0,0,0,0,0,96,0,0,33,32,34,32,35,35,35,35,0,0,82,0,0,0,0,0,0,68,0,0,0,0,0,0,0,0,0,0,0,0,0,0,0,0,127,123,123,124,0,0,0,0,0,0,0,0,0,0,0,0,0,0,0,0,82,0,
+0,0,0,0,0,0,0,0,0,100,0,0,0,0,0,0,0,0,0,0,0,0,0,0,0,0,0,0,0,0,82,0,0,0,0,0,0,0,0,0,0,96,0,0,0,0,0,0,0,0,0,0,0,0,82,0,0,0,0,0,0,106,0,0,0,0,0,0,0,0,0,0,0,0,0,0,0,0,0,0,0,0,0,0,0,0,0,0,0,0,0,0,0,0,0,0,0,0,82,0,
+0,0,0,0,0,0,0,0,0,98,0,0,0,0,0,0,0,0,0,0,0,0,0,0,0,0,0,0,0,0,82,0,0,0,0,0,0,0,0,0,0,106,0,0,0,151,0,0,0,0,167,0,0,0,82,0,0,0,0,0,0,64,0,0,0,0,0,0,0,0,0,0,0,0,0,0,0,0,0,0,0,0,0,0,0,0,0,0,0,0,0,0,0,0,0,0,0,0,82,0,
+0,0,0,0,0,0,0,0,0,100,0,0,0,0,0,0,0,0,0,0,0,0,0,0,0,0,0,0,0,0,82,0,0,0,0,0,0,0,0,0,0,68,0,0,0,0,0,0,0,0,0,0,0,0,82,0,0,0,0,0,0,98,0,0,0,0,0,0,0,0,0,0,0,0,0,0,0,0,0,0,0,0,0,0,0,0,0,0,0,0,0,0,0,0,0,0,0,0,82,0,
+0,0,0,0,0,0,0,0,0,100,0,0,0,0,91,83,83,83,83,83,83,83,83,83,83,83,83,83,83,83,95,0,0,0,0,0,0,0,0,0,0,108,0,0,0,0,0,0,0,0,0,0,0,0,82,0,0,0,0,0,0,64,0,0,0,0,0,0,0,0,167,0,0,0,0,0,0,0,0,0,0,0,0,0,0,0,0,0,0,167,0,0,0,0,0,0,0,0,82,0,
+0,0,0,0,0,0,0,0,0,98,0,0,0,0,82,0,0,0,0,0,0,0,0,0,0,0,0,0,0,0,0,0,0,0,0,0,0,0,0,0,0,106,0,0,0,151,0,0,0,0,151,0,0,0,82,0,0,0,0,0,0,102,0,0,0,0,0,0,0,0,0,0,0,0,0,0,0,0,0,0,0,0,0,0,0,0,0,0,0,0,0,0,0,0,0,0,0,0,82,0,
+0,0,0,0,0,0,0,0,0,100,0,0,0,0,82,0,0,0,0,0,0,0,0,0,0,0,0,0,0,0,0,0,0,0,0,0,0,0,0,0,0,96,0,0,0,0,0,0,0,0,0,0,0,0,82,0,0,0,0,0,0,68,0,0,0,0,0,0,0,0,0,0,0,0,0,0,0,0,127,123,123,124,0,0,0,0,0,0,0,0,0,0,0,0,0,0,0,0,82,0,
 0,0,0,0,0,0,0,0,0,68,0,0,0,0,82,0,0,0,0,0,0,0,0,0,0,0,0,0,0,0,0,0,0,0,0,0,0,0,0,0,0,68,0,0,0,0,0,0,0,0,0,0,0,0,82,0,0,0,0,0,0,96,0,0,0,0,0,0,0,0,0,0,0,75,72,0,136,0,122,145,133,122,0,136,0,75,72,0,0,0,0,0,0,0,0,0,0,0,82,0,
 0,0,0,0,0,0,0,0,0,106,0,0,0,0,82,0,0,0,0,0,0,0,0,0,0,0,0,0,0,0,0,0,0,0,0,0,0,0,0,0,0,76,71,83,83,88,0,0,0,0,91,83,83,83,95,0,0,0,0,0,0,106,0,0,0,0,0,0,0,0,0,0,0,74,73,0,136,0,119,0,0,119,0,136,0,74,73,0,0,0,0,0,0,0,0,0,0,0,82,0,
 0,0,0,0,0,0,0,0,0,68,0,0,0,0,82,0,0,0,0,0,0,0,0,0,0,0,0,0,0,0,0,0,0,0,0,0,0,0,0,0,0,0,0,0,0,80,0,0,0,0,82,0,0,0,0,0,0,0,0,0,0,64,0,0,0,0,0,0,0,0,0,0,0,0,0,0,0,0,0,0,0,0,0,0,0,0,0,0,0,0,0,0,0,0,0,0,0,0,82,0,
@@ -657,12 +657,15 @@
    <properties>
     <property name="mapmod" value="object,43,73,183"/>
     <property name="requires_status" value="emp_stormrock_key"/>
+    <property name="spawn" value="antlion_ice_lvl6,43,75"/>
    </properties>
   </object>
   <object id="82" name="Aldwulf corpse" type="on_load" x="1248" y="2304" width="32" height="32">
    <properties>
     <property name="mapmod" value="object,43,73,183"/>
+    <property name="requires_not_status" value="emp_stormrock_key"/>
     <property name="requires_status" value="emp_stormrock_door"/>
+    <property name="spawn" value="antlion_ice_lvl6,43,75"/>
    </properties>
   </object>
  </objectgroup>
