diff --git a/mods/empyrean_campaign/maps/goblin_cave.txt b/mods/empyrean_campaign/maps/goblin_cave.txt
index cee3811f0114d86c3ed476e3c758cec8af9b0ceb..1f5f67515c85d0b85489f62b808a2ed436a3890d 100644
--- a/mods/empyrean_campaign/maps/goblin_cave.txt
+++ b/mods/empyrean_campaign/maps/goblin_cave.txt
@@ -151,7 +151,7 @@ data=
 3,3,3,3,3,3,3,3,3,3,3,3,3,3,3,1,1,1,1,0,0,0,0,0,0,0,0,0,0,0,0,0,0,0,1,1,3,3,1,0,0,0,1,3,3,3,3,3,
 3,3,3,3,3,3,3,3,3,3,3,3,3,3,3,3,3,3,1,1,1,1,1,1,1,1,1,1,0,0,0,0,0,0,0,1,1,3,1,0,0,0,1,3,3,3,3,3,
 3,3,3,3,3,1,1,1,1,1,1,1,1,3,3,3,3,3,3,3,3,3,3,3,3,3,3,1,1,1,0,0,0,3,0,0,1,1,1,0,0,0,1,3,3,3,3,3,
-3,3,3,3,3,1,0,0,0,0,0,0,1,1,1,1,3,3,3,3,3,3,3,3,3,3,3,3,3,1,1,0,0,0,0,0,0,0,0,0,0,0,1,3,3,3,3,3,
+3,3,3,3,3,1,0,0,0,0,0,0,1,1,1,1,3,3,3,3,3,3,3,3,3,3,3,3,3,1,1,0,0,4,0,0,0,0,0,0,0,0,1,3,3,3,3,3,
 3,3,3,3,1,1,0,0,0,0,0,0,0,1,1,1,1,1,1,1,1,1,3,3,3,3,3,3,3,3,1,1,1,4,0,0,0,0,0,0,0,0,1,1,3,3,3,3,
 3,3,3,3,1,0,0,0,0,0,0,0,0,0,0,0,0,0,0,0,0,1,1,1,3,3,3,3,3,3,3,3,1,1,0,0,0,0,0,0,0,0,0,1,3,3,3,3,
 3,3,3,3,1,0,0,0,1,1,1,1,1,0,0,0,0,0,0,0,0,0,0,0,1,1,3,3,3,3,3,3,3,1,1,4,0,0,0,0,0,0,0,1,3,3,3,3,
@@ -180,7 +180,7 @@ tooltip=Goblin Camp
 [event]
 # Cave wind sound effect
 type=on_load
-location=10,9,1,1
+location=0,0,1,1
 soundfx=soundfx/environment/cave_wind_loop.ogg
 
 [event]
diff --git a/tiled/empyrean_campaign/goblin_cave.tmx b/tiled/empyrean_campaign/goblin_cave.tmx
index 126a68892dfcc3185f242d69ab2dbc8ed0169e15..5fa0644e43b036e8afb7fd59d9c47b5b842214bb 100644
--- a/tiled/empyrean_campaign/goblin_cave.tmx
+++ b/tiled/empyrean_campaign/goblin_cave.tmx
@@ -151,7 +151,7 @@
 3,3,3,3,3,3,3,3,3,3,3,3,3,3,3,1,1,1,1,0,0,0,0,0,0,0,0,0,0,0,0,0,0,0,1,1,3,3,1,0,0,0,1,3,3,3,3,3,
 3,3,3,3,3,3,3,3,3,3,3,3,3,3,3,3,3,3,1,1,1,1,1,1,1,1,1,1,0,0,0,0,0,0,0,1,1,3,1,0,0,0,1,3,3,3,3,3,
 3,3,3,3,3,1,1,1,1,1,1,1,1,3,3,3,3,3,3,3,3,3,3,3,3,3,3,1,1,1,0,0,0,3,0,0,1,1,1,0,0,0,1,3,3,3,3,3,
-3,3,3,3,3,1,0,0,0,0,0,0,1,1,1,1,3,3,3,3,3,3,3,3,3,3,3,3,3,1,1,0,0,0,0,0,0,0,0,0,0,0,1,3,3,3,3,3,
+3,3,3,3,3,1,0,0,0,0,0,0,1,1,1,1,3,3,3,3,3,3,3,3,3,3,3,3,3,1,1,0,0,4,0,0,0,0,0,0,0,0,1,3,3,3,3,3,
 3,3,3,3,1,1,0,0,0,0,0,0,0,1,1,1,1,1,1,1,1,1,3,3,3,3,3,3,3,3,1,1,1,4,0,0,0,0,0,0,0,0,1,1,3,3,3,3,
 3,3,3,3,1,0,0,0,0,0,0,0,0,0,0,0,0,0,0,0,0,1,1,1,3,3,3,3,3,3,3,3,1,1,0,0,0,0,0,0,0,0,0,1,3,3,3,3,
 3,3,3,3,1,0,0,0,1,1,1,1,1,0,0,0,0,0,0,0,0,0,0,0,1,1,3,3,3,3,3,3,3,1,1,4,0,0,0,0,0,0,0,1,3,3,3,3,
@@ -178,7 +178,7 @@
     <property name="tooltip" value="Goblin Camp"/>
    </properties>
   </object>
-  <object id="18" name="Cave wind sound effect" type="on_load" x="320" y="288" width="32" height="32">
+  <object id="18" name="Cave wind sound effect" type="on_load" x="0" y="0" width="32" height="32">
    <properties>
     <property name="soundfx" value="soundfx/environment/cave_wind_loop.ogg"/>
    </properties>
