diff --git a/mods/empyrean_campaign/enemies/lvl6_antlion_frostbite.txt b/mods/empyrean_campaign/enemies/lvl6_antlion_frostbite.txt
index d4b9f247545f83023e880ecd01f290ee4b7f26fb..3d1438de1cc980d194fb191436f3fca55852c848 100644
--- a/mods/empyrean_campaign/enemies/lvl6_antlion_frostbite.txt
+++ b/mods/empyrean_campaign/enemies/lvl6_antlion_frostbite.txt
@@ -3,7 +3,7 @@ INCLUDE enemies/base/antlion_ice.txt
 name=Frostbite Antlion
 level=6
 categories=antlion,antlion_ice,ice,snowplains
-rarity=uncommon
+rarity=common
 xp=64
 
 # combat stats
diff --git a/mods/empyrean_campaign/enemies/lvl6_antlion_slasher.txt b/mods/empyrean_campaign/enemies/lvl6_antlion_slasher.txt
index 01fdceab9561371c6578861918d10b12b1b8193f..44359027aa0ddd79f08f82baf07e8fffce0f557b 100644
--- a/mods/empyrean_campaign/enemies/lvl6_antlion_slasher.txt
+++ b/mods/empyrean_campaign/enemies/lvl6_antlion_slasher.txt
@@ -2,8 +2,8 @@ INCLUDE enemies/base/antlion.txt
 
 name=Antlion Slasher
 level=6
-categories=antlion,dungeon
-rarity=common
+categories=antlion,dungeon,snowplains
+rarity=uncommon
 xp=64
 
 # combat stats
diff --git a/mods/empyrean_campaign/enemies/lvl6_antlion_spitter.txt b/mods/empyrean_campaign/enemies/lvl6_antlion_spitter.txt
index 1982bce628886fb7bd663ac09dc88066ef98021e..2a7490b475387c5e60e0fefd4d2eadb4ca9dc8f3 100644
--- a/mods/empyrean_campaign/enemies/lvl6_antlion_spitter.txt
+++ b/mods/empyrean_campaign/enemies/lvl6_antlion_spitter.txt
@@ -3,7 +3,7 @@ INCLUDE enemies/base/antlion_fire.txt
 name=Antlion Spitter
 level=6
 categories=antlion,antlion_fire,fire
-rarity=uncommon
+rarity=common
 xp=64
 
 # combat stats
diff --git a/mods/empyrean_campaign/enemies/lvl6_skeleton_frost_mage.txt b/mods/empyrean_campaign/enemies/lvl6_skeleton_frost_mage.txt
new file mode 100644
index 0000000000000000000000000000000000000000..9c86f543c42d2ac151f6313a0e2b3e954e3b140a
--- /dev/null
+++ b/mods/empyrean_campaign/enemies/lvl6_skeleton_frost_mage.txt
@@ -0,0 +1,39 @@
+INCLUDE enemies/base/skeleton_mage.txt
+
+name=Skeleton Frost Mage
+level=6
+categories=skeleton_mage,skeleton,undead,dungeon,ice,snowplains
+rarity=uncommon
+xp=64
+
+# combat stats
+hp=165
+speed=4
+turn_delay=200ms
+
+chance_pursue=5
+
+power=melee,164,1
+power=melee,183,5
+power=ranged,172,3
+
+accuracy=115
+avoidance=40
+poise=25
+
+absorb_min=5
+absorb_max=5
+
+dmg_melee_min=80
+dmg_melee_max=85
+dmg_ment_min=90
+dmg_ment_max=95
+
+vulnerable_fire=150
+vulnerable_ice=75
+
+cooldown=1475ms
+
+# loot
+loot=loot/level_6.txt
+
diff --git a/mods/empyrean_campaign/maps/stormrock_pass.txt b/mods/empyrean_campaign/maps/stormrock_pass.txt
index c0c45daf547391a4c17f607648ed79573dca1499..7bcdd2c67ec5b5ae0e3d52cff061332d09976491 100644
--- a/mods/empyrean_campaign/maps/stormrock_pass.txt
+++ b/mods/empyrean_campaign/maps/stormrock_pass.txt
@@ -481,13 +481,13 @@ data=
 0,0,0,0,0,0,0,0,0,0,0,0,0,0,0,0,0,0,0,0,0,0,0,0,0,0,0,0,0,0,0,0,0,0,0,0,52,524,0,0,0,0,246,54,0,0,0,0,0,0,0,0,0,48,0,0,0,0,50,0,0,0,0,0,0,0,0,0,48,245,0,0,0,0,0,0,0,0,0,0,0,0,0,0,0,0,0,69,53,53,61,0,0,0,56,49,68,0,0,0,0,0,0,70,62,0,0,0,0,0,0,0,0,0,0,0,0,0,0,0,0,0,0,0,0,0,0,0,0,0,0,0,
 0,0,0,0,0,0,0,0,0,0,0,0,0,0,0,0,0,0,0,0,0,0,0,0,0,0,0,0,0,0,0,0,0,0,0,0,63,71,0,0,0,0,70,58,0,0,0,0,0,0,0,0,0,52,0,0,0,0,69,57,0,0,0,0,0,0,0,60,64,0,0,0,0,0,0,0,0,0,0,0,0,0,0,0,0,0,0,0,0,0,69,49,49,49,64,245,0,0,0,0,0,0,70,58,0,0,0,0,0,0,0,0,0,0,0,0,0,0,0,0,0,0,0,0,0,0,0,0,0,0,0,0,
 0,0,0,0,0,0,0,0,0,0,0,0,0,0,0,0,0,0,0,0,0,0,0,0,0,0,0,0,0,0,0,0,0,0,0,0,0,48,0,0,0,0,50,0,0,0,0,0,0,0,0,0,0,52,244,0,0,0,0,50,0,0,0,0,0,0,0,48,0,0,0,0,0,0,0,66,55,51,51,67,246,0,0,0,0,0,0,0,0,0,0,0,0,0,0,0,0,0,0,0,0,70,62,0,0,0,0,0,0,0,0,0,0,0,0,0,0,0,0,0,0,0,0,0,0,0,0,0,0,0,0,0,
-0,0,0,0,0,0,0,0,0,0,0,0,0,0,0,0,0,0,0,0,0,0,0,0,0,0,0,0,0,0,0,0,0,0,0,0,0,52,0,0,0,0,54,0,0,0,0,0,0,0,0,0,0,52,0,0,0,0,0,54,0,0,0,0,0,0,56,64,0,0,0,0,0,0,70,58,0,0,0,63,51,55,51,71,0,0,0,0,0,0,0,0,0,0,0,0,0,0,0,0,70,58,0,0,0,0,0,0,0,0,0,0,0,0,0,0,0,0,0,0,0,0,0,0,0,0,0,0,0,0,0,0,
-0,0,0,0,0,0,0,0,0,0,0,0,0,0,0,0,0,0,0,0,0,0,0,0,0,0,0,0,0,0,0,0,0,0,0,0,0,48,0,0,0,0,54,0,0,0,0,0,0,0,0,0,0,52,0,0,0,0,0,65,57,0,0,0,0,0,48,0,0,0,0,0,0,70,58,0,0,0,0,0,0,0,0,63,51,67,0,0,0,0,0,0,0,0,0,0,0,70,55,51,62,0,0,0,0,0,0,0,0,0,0,0,0,0,0,0,0,0,0,0,0,0,0,0,0,0,0,0,0,0,0,0,
-0,0,0,0,0,0,0,0,0,0,0,0,0,0,0,0,0,0,0,0,0,0,0,0,0,0,0,0,0,0,0,0,0,0,0,0,0,48,0,0,0,0,54,0,0,0,0,0,0,0,0,0,0,48,0,0,0,0,0,0,50,0,0,0,0,0,52,0,0,0,0,0,0,54,0,0,0,0,0,0,0,0,0,0,0,59,71,0,0,0,0,0,0,0,0,70,51,58,0,0,0,0,0,0,0,0,0,0,0,0,0,0,0,0,0,0,0,0,0,0,0,0,0,0,0,0,0,0,0,0,0,0,
+0,0,0,0,0,0,0,0,0,0,0,0,0,0,0,0,0,0,0,0,0,0,0,0,0,0,0,0,0,0,0,0,0,0,0,0,0,52,105,0,0,0,54,0,0,0,0,0,0,0,0,0,0,52,0,0,0,0,0,54,0,0,0,0,0,0,56,64,0,0,0,0,0,0,70,58,0,0,0,63,51,55,51,71,0,0,0,0,0,0,0,0,0,0,0,0,0,0,0,0,70,58,0,0,0,0,0,0,0,0,0,0,0,0,0,0,0,0,0,0,0,0,0,0,0,0,0,0,0,0,0,0,
+0,0,0,0,0,0,0,0,0,0,0,0,0,0,0,0,0,0,0,0,0,0,0,0,0,0,0,0,0,0,0,0,0,0,0,0,0,48,104,0,0,0,54,0,0,0,0,0,0,0,0,0,0,52,0,0,0,0,0,65,57,0,0,0,0,0,48,0,0,0,0,0,0,70,58,0,0,0,0,0,0,0,0,63,51,67,0,0,0,0,0,0,0,0,0,0,0,70,55,51,62,0,0,0,0,0,0,0,0,0,0,0,0,0,0,0,0,0,0,0,0,0,0,0,0,0,0,0,0,0,0,0,
+0,0,0,0,0,0,0,0,0,0,0,0,0,0,0,0,0,0,0,0,0,0,0,0,0,0,0,0,0,0,0,0,0,0,0,0,0,48,244,0,0,0,54,0,0,0,0,0,0,0,0,0,0,48,0,0,0,0,0,0,50,0,0,0,0,0,52,0,0,0,0,0,0,54,0,0,0,0,0,0,0,0,0,0,0,59,71,0,0,0,0,0,0,0,0,70,51,58,0,0,0,0,0,0,0,0,0,0,0,0,0,0,0,0,0,0,0,0,0,0,0,0,0,0,0,0,0,0,0,0,0,0,
 0,0,0,0,0,0,0,0,0,0,0,0,0,0,0,0,0,0,0,0,0,0,0,0,0,0,0,0,0,0,0,0,0,0,0,0,0,48,0,0,0,0,54,0,0,0,0,0,0,0,0,0,0,63,71,0,0,0,0,0,50,0,0,0,0,56,68,0,0,0,0,0,66,58,0,0,0,0,0,0,0,0,0,0,0,0,63,245,0,0,0,0,0,66,51,62,0,0,0,0,0,0,0,0,0,0,0,0,0,0,0,0,0,0,0,0,0,0,0,0,0,0,0,0,0,0,0,0,0,0,0,0,
-0,0,0,0,0,0,0,0,0,0,0,0,0,0,0,0,0,0,0,0,0,0,0,0,0,0,0,0,0,0,0,0,0,0,0,0,0,48,0,246,0,0,65,57,0,0,0,0,0,0,0,0,0,0,52,0,247,0,0,0,65,49,49,49,49,68,245,0,0,0,0,0,50,0,0,0,0,0,0,0,0,0,0,0,0,0,0,59,51,55,51,55,51,62,0,0,0,0,0,0,0,0,0,0,0,0,0,0,0,0,0,0,0,0,0,0,0,0,0,0,0,0,0,0,0,0,0,0,0,0,0,0,
-0,0,0,0,0,0,0,0,0,0,0,0,0,0,0,0,0,0,0,0,0,0,0,0,0,0,0,0,0,0,0,0,0,0,0,0,0,48,0,0,0,0,0,50,0,0,0,0,0,0,0,0,0,0,48,0,0,0,0,0,0,0,0,0,0,0,0,0,0,0,0,0,54,0,0,0,0,0,0,0,0,0,0,0,0,0,0,0,0,0,0,0,0,0,0,0,0,0,0,0,0,0,0,0,0,0,0,0,0,0,0,0,0,0,0,0,0,0,0,0,0,0,0,0,0,0,0,0,0,0,0,0,
-0,0,0,0,0,0,0,0,0,0,0,0,0,0,0,0,0,0,0,0,0,0,0,0,0,0,0,0,0,0,0,0,0,0,0,0,0,52,0,0,0,0,0,54,0,0,0,0,0,0,0,0,0,0,63,55,51,67,0,0,0,0,0,0,0,0,0,0,0,0,0,0,54,0,0,0,0,60,53,53,53,49,61,0,0,0,0,0,0,0,0,0,0,0,0,0,0,0,0,0,0,0,0,0,0,0,0,0,0,0,0,0,0,0,0,0,0,0,0,0,0,0,0,0,0,0,0,0,0,0,0,0,
+0,0,0,0,0,0,0,0,0,0,0,0,0,0,0,0,0,0,0,0,0,0,0,0,0,0,0,0,0,0,0,0,0,0,0,0,0,48,565,0,0,0,65,57,0,0,0,0,0,0,0,0,0,0,52,0,247,0,0,0,65,49,49,49,49,68,245,0,0,0,0,0,50,0,0,0,0,0,0,0,0,0,0,0,0,0,0,59,51,55,51,55,51,62,0,0,0,0,0,0,0,0,0,0,0,0,0,0,0,0,0,0,0,0,0,0,0,0,0,0,0,0,0,0,0,0,0,0,0,0,0,0,
+0,0,0,0,0,0,0,0,0,0,0,0,0,0,0,0,0,0,0,0,0,0,0,0,0,0,0,0,0,0,0,0,0,0,0,0,0,48,109,560,0,0,0,50,0,0,0,0,0,0,0,0,0,0,48,0,0,0,0,0,0,0,106,107,138,0,0,0,0,0,0,0,54,0,0,0,0,0,0,0,0,0,0,0,0,0,0,0,0,0,0,0,0,0,0,0,0,0,0,0,0,0,0,0,0,0,0,0,0,0,0,0,0,0,0,0,0,0,0,0,0,0,0,0,0,0,0,0,0,0,0,0,
+0,0,0,0,0,0,0,0,0,0,0,0,0,0,0,0,0,0,0,0,0,0,0,0,0,0,0,0,0,0,0,0,0,0,0,0,0,52,108,0,0,0,0,54,0,0,0,0,0,0,0,0,0,0,63,55,51,67,0,0,0,0,0,0,0,0,0,0,0,0,0,0,54,0,0,0,0,60,53,53,53,49,61,0,0,0,0,0,0,0,0,0,0,0,0,0,0,0,0,0,0,0,0,0,0,0,0,0,0,0,0,0,0,0,0,0,0,0,0,0,0,0,0,0,0,0,0,0,0,0,0,0,
 0,0,0,0,0,0,0,0,0,0,0,0,0,0,0,0,0,0,0,0,0,0,0,0,0,0,0,0,0,0,0,0,0,0,0,0,0,48,0,0,0,0,0,50,0,0,0,0,0,0,0,0,0,0,0,0,0,48,0,0,0,0,0,0,0,0,0,0,0,0,0,66,62,0,0,0,0,48,564,140,0,246,69,53,57,0,0,0,0,0,0,0,0,0,0,0,0,0,0,0,0,0,0,0,0,0,0,0,0,0,0,0,0,0,0,0,0,0,0,0,0,0,0,0,0,0,0,0,0,0,0,0,
 0,0,0,0,0,0,0,0,0,0,0,0,0,0,0,0,0,0,0,0,0,0,0,0,0,0,0,0,0,0,0,0,0,0,0,0,0,48,247,0,0,0,0,69,57,0,0,0,0,0,0,0,0,0,0,0,0,48,0,0,0,0,0,0,0,0,0,0,0,66,55,58,0,0,0,0,60,64,0,0,0,0,0,0,69,49,57,0,0,0,0,0,0,0,0,0,0,0,0,0,0,0,0,0,0,0,0,0,0,0,0,0,0,0,0,0,0,0,0,0,0,0,0,0,0,0,0,0,0,0,0,0,
 0,0,0,0,0,0,0,0,0,0,0,0,0,0,0,0,0,0,0,0,0,0,0,0,0,0,0,0,0,0,0,0,0,0,0,0,0,63,71,0,0,0,0,0,69,49,61,0,0,0,0,0,0,0,0,0,0,48,0,0,0,0,0,0,0,0,0,0,66,58,0,0,0,0,0,0,48,0,0,0,0,0,0,0,0,0,69,61,0,0,0,0,0,0,0,0,0,0,0,0,0,0,0,0,0,0,0,0,0,0,0,0,0,0,0,0,0,0,0,0,0,0,0,0,0,0,0,0,0,0,0,0,
@@ -512,7 +512,7 @@ data=
 0,0,0,0,0,0,0,0,0,0,0,0,0,0,0,0,0,0,0,0,0,0,0,0,0,0,0,0,0,0,0,0,0,0,0,0,0,48,0,0,0,0,0,70,58,0,0,0,0,0,0,0,0,0,0,0,0,0,0,0,0,0,0,0,0,0,0,63,67,0,0,0,0,0,0,0,0,0,0,0,65,57,0,0,0,0,0,0,0,0,0,0,0,0,0,0,0,0,0,0,0,0,0,0,0,0,0,0,0,0,0,0,0,0,0,0,0,0,0,0,0,0,0,0,0,0,0,0,0,0,0,0,
 0,0,0,0,0,0,0,0,0,0,0,0,0,0,0,0,0,0,0,0,0,0,60,226,227,61,0,0,0,0,0,0,0,0,0,0,0,59,67,0,0,0,0,50,0,0,0,0,0,0,0,0,0,0,0,0,0,0,0,0,0,0,0,0,0,0,0,0,59,67,0,0,0,0,0,0,0,0,0,0,0,69,53,57,0,0,0,0,0,0,0,0,0,0,0,0,0,0,0,0,0,0,0,0,0,0,0,0,0,0,0,0,0,0,0,0,0,0,0,0,0,0,0,0,0,0,0,0,0,0,0,0,
 0,0,0,0,0,0,0,0,0,0,0,0,0,0,0,0,0,0,0,0,0,56,68,0,0,65,49,57,0,0,0,0,0,0,0,0,0,0,48,245,0,0,0,50,0,0,0,0,0,0,0,0,0,0,0,0,0,0,0,0,0,0,0,0,0,0,0,0,0,48,0,0,0,0,0,0,0,0,0,0,0,0,245,69,57,0,0,0,0,0,0,0,0,0,0,0,0,0,0,0,0,0,0,0,0,0,0,0,0,0,0,0,0,0,0,0,0,0,0,0,0,0,0,0,0,0,0,0,0,0,0,0,
-0,0,0,0,0,0,0,0,0,0,0,0,0,0,0,0,0,0,0,0,56,64,0,0,0,0,0,69,57,0,0,0,0,0,0,0,0,0,59,71,0,0,0,65,57,0,0,0,0,0,0,0,0,0,0,0,0,0,0,0,0,0,0,0,0,0,0,0,0,52,0,0,0,0,0,0,244,0,0,0,0,0,0,0,65,53,49,53,49,53,49,53,49,57,0,0,0,0,0,0,0,0,0,0,0,0,0,0,0,0,0,0,0,0,0,0,0,0,0,0,0,0,0,0,0,0,0,0,0,0,0,0,
+0,0,0,0,0,0,0,0,0,0,0,0,0,0,0,0,0,0,0,0,56,64,0,0,0,0,0,69,57,0,0,0,0,0,0,0,0,0,59,71,0,0,0,65,57,0,0,0,0,0,0,0,0,0,0,0,0,0,0,0,0,0,0,0,0,0,0,0,0,52,139,0,0,0,0,0,244,0,0,0,0,0,0,0,65,53,49,53,49,53,49,53,49,57,0,0,0,0,0,0,0,0,0,0,0,0,0,0,0,0,0,0,0,0,0,0,0,0,0,0,0,0,0,0,0,0,0,0,0,0,0,0,
 0,0,0,0,0,0,0,0,0,0,0,0,0,0,0,0,0,0,0,0,52,0,0,0,0,0,0,0,65,57,0,0,0,0,0,0,0,0,0,48,0,0,0,0,54,0,0,0,0,0,0,0,0,0,0,0,0,0,0,0,0,0,0,0,0,0,0,0,56,64,0,0,0,0,0,0,0,0,0,0,0,0,0,0,0,0,0,0,0,247,0,106,107,69,53,53,61,0,0,0,0,0,0,0,0,0,0,0,0,0,0,0,0,0,0,0,0,0,0,0,0,0,0,0,0,0,0,0,0,0,0,0,
 0,0,0,0,0,0,0,0,0,0,0,0,0,0,0,0,0,0,0,0,48,105,245,0,0,0,0,0,0,69,57,0,0,0,0,0,0,0,0,63,71,0,0,0,69,57,0,0,0,0,0,0,0,0,0,0,0,0,0,0,0,0,0,0,0,0,0,0,52,525,0,0,0,0,0,0,0,0,0,0,0,0,0,0,0,0,0,0,0,0,0,0,0,0,0,0,69,53,49,61,0,0,0,0,0,0,0,0,0,0,0,0,0,0,0,0,0,0,0,0,0,0,0,0,0,0,0,0,0,0,0,0,
 0,0,0,0,0,0,0,0,0,0,0,0,0,0,0,0,0,0,0,0,52,104,0,0,0,0,0,0,0,0,65,57,0,0,0,0,0,0,0,0,63,67,0,0,0,54,0,0,0,0,0,0,0,0,0,0,0,0,0,0,0,0,0,0,0,0,0,0,52,524,0,0,0,0,0,0,0,0,0,0,0,0,0,0,0,0,0,0,0,0,0,0,0,0,0,0,0,245,0,65,49,49,61,0,0,0,0,0,0,0,0,0,0,0,0,0,0,0,0,0,0,0,0,0,0,0,0,0,0,0,0,0,
@@ -753,13 +753,13 @@ data=
 3,3,3,3,3,3,3,3,3,3,3,3,3,3,3,3,3,3,3,3,3,3,3,3,3,3,3,3,3,3,3,3,3,3,3,3,1,4,0,0,0,0,1,1,3,3,3,3,3,3,3,3,3,1,0,0,0,0,1,3,3,3,3,3,3,3,3,3,1,4,0,0,0,0,0,0,0,0,0,0,0,0,0,0,0,0,0,1,1,1,1,3,3,3,1,1,1,0,0,0,0,0,0,1,1,3,3,3,3,3,3,3,3,3,3,3,3,3,3,3,3,3,3,3,3,3,3,3,3,3,3,3,
 3,3,3,3,3,3,3,3,3,3,3,3,3,3,3,3,3,3,3,3,3,3,3,3,3,3,3,3,3,3,3,3,3,3,3,3,1,1,0,0,0,0,1,1,3,3,3,3,3,3,3,3,3,1,0,0,0,0,1,1,3,3,3,3,3,3,3,1,1,0,0,0,0,0,0,0,0,0,0,0,0,0,0,0,0,0,0,0,0,0,1,1,1,1,1,1,0,0,0,0,0,0,1,1,3,3,3,3,3,3,3,3,3,3,3,3,3,3,3,3,3,3,3,3,3,3,3,3,3,3,3,3,
 3,3,3,3,3,3,3,3,3,3,3,3,3,3,3,3,3,3,3,3,3,3,3,3,3,3,3,3,3,3,3,3,3,3,3,3,3,1,0,0,0,0,1,3,3,3,3,3,3,3,3,3,3,1,0,0,0,0,0,1,3,3,3,3,3,3,3,1,0,0,0,0,0,0,0,1,1,1,1,1,1,0,0,0,0,0,0,0,0,0,0,0,0,0,0,0,0,0,0,0,0,1,1,3,3,3,3,3,3,3,3,3,3,3,3,3,3,3,3,3,3,3,3,3,3,3,3,3,3,3,3,3,
-3,3,3,3,3,3,3,3,3,3,3,3,3,3,3,3,3,3,3,3,3,3,3,3,3,3,3,3,3,3,3,3,3,3,3,3,3,1,0,0,0,0,1,3,3,3,3,3,3,3,3,3,3,1,0,0,0,0,0,1,3,3,3,3,3,3,1,1,0,0,0,0,0,0,1,1,3,3,3,1,1,1,1,1,0,0,0,0,0,0,0,0,0,0,0,0,0,0,0,0,1,1,3,3,3,3,3,3,3,3,3,3,3,3,3,3,3,3,3,3,3,3,3,3,3,3,3,3,3,3,3,3,
-3,3,3,3,3,3,3,3,3,3,3,3,3,3,3,3,3,3,3,3,3,3,3,3,3,3,3,3,3,3,3,3,3,3,3,3,3,1,0,0,0,0,1,3,3,3,3,3,3,3,3,3,3,1,0,0,0,0,0,1,1,3,3,3,3,3,1,0,0,0,0,0,0,1,1,3,3,3,3,3,3,3,3,1,1,1,0,0,0,0,0,0,0,0,0,0,0,1,1,1,1,3,3,3,3,3,3,3,3,3,3,3,3,3,3,3,3,3,3,3,3,3,3,3,3,3,3,3,3,3,3,3,
-3,3,3,3,3,3,3,3,3,3,3,3,3,3,3,3,3,3,3,3,3,3,3,3,3,3,3,3,3,3,3,3,3,3,3,3,3,1,0,0,0,0,1,3,3,3,3,3,3,3,3,3,3,1,0,0,0,0,0,0,1,3,3,3,3,3,1,0,0,0,0,0,0,1,3,3,3,3,3,3,3,3,3,3,3,1,1,0,0,0,0,0,0,0,0,1,1,1,3,3,3,3,3,3,3,3,3,3,3,3,3,3,3,3,3,3,3,3,3,3,3,3,3,3,3,3,3,3,3,3,3,3,
+3,3,3,3,3,3,3,3,3,3,3,3,3,3,3,3,3,3,3,3,3,3,3,3,3,3,3,3,3,3,3,3,3,3,3,3,3,1,4,0,0,0,1,3,3,3,3,3,3,3,3,3,3,1,0,0,0,0,0,1,3,3,3,3,3,3,1,1,0,0,0,0,0,0,1,1,3,3,3,1,1,1,1,1,0,0,0,0,0,0,0,0,0,0,0,0,0,0,0,0,1,1,3,3,3,3,3,3,3,3,3,3,3,3,3,3,3,3,3,3,3,3,3,3,3,3,3,3,3,3,3,3,
+3,3,3,3,3,3,3,3,3,3,3,3,3,3,3,3,3,3,3,3,3,3,3,3,3,3,3,3,3,3,3,3,3,3,3,3,3,1,4,0,0,0,1,3,3,3,3,3,3,3,3,3,3,1,0,0,0,0,0,1,1,3,3,3,3,3,1,0,0,0,0,0,0,1,1,3,3,3,3,3,3,3,3,1,1,1,0,0,0,0,0,0,0,0,0,0,0,1,1,1,1,3,3,3,3,3,3,3,3,3,3,3,3,3,3,3,3,3,3,3,3,3,3,3,3,3,3,3,3,3,3,3,
+3,3,3,3,3,3,3,3,3,3,3,3,3,3,3,3,3,3,3,3,3,3,3,3,3,3,3,3,3,3,3,3,3,3,3,3,3,1,1,0,0,0,1,3,3,3,3,3,3,3,3,3,3,1,0,0,0,0,0,0,1,3,3,3,3,3,1,0,0,0,0,0,0,1,3,3,3,3,3,3,3,3,3,3,3,1,1,0,0,0,0,0,0,0,0,1,1,1,3,3,3,3,3,3,3,3,3,3,3,3,3,3,3,3,3,3,3,3,3,3,3,3,3,3,3,3,3,3,3,3,3,3,
 3,3,3,3,3,3,3,3,3,3,3,3,3,3,3,3,3,3,3,3,3,3,3,3,3,3,3,3,3,3,3,3,3,3,3,3,3,1,0,0,0,0,1,3,3,3,3,3,3,3,3,3,3,1,1,0,0,0,0,0,1,3,3,3,3,1,1,0,0,0,0,0,1,1,3,3,3,3,3,3,3,3,3,3,3,3,1,1,0,0,0,0,0,1,1,1,3,3,3,3,3,3,3,3,3,3,3,3,3,3,3,3,3,3,3,3,3,3,3,3,3,3,3,3,3,3,3,3,3,3,3,3,
-3,3,3,3,3,3,3,3,3,3,3,3,3,3,3,3,3,3,3,3,3,3,3,3,3,3,3,3,3,3,3,3,3,3,3,3,3,1,0,1,0,0,1,1,3,3,3,3,3,3,3,3,3,3,1,0,1,0,0,0,1,1,1,1,1,1,1,0,0,0,0,0,1,3,3,3,3,3,3,3,3,3,3,3,3,3,3,1,1,1,1,1,1,1,3,3,3,3,3,3,3,3,3,3,3,3,3,3,3,3,3,3,3,3,3,3,3,3,3,3,3,3,3,3,3,3,3,3,3,3,3,3,
-3,3,3,3,3,3,3,3,3,3,3,3,3,3,3,3,3,3,3,3,3,3,3,3,3,3,3,3,3,3,3,3,3,3,3,3,3,1,0,0,0,0,0,1,3,3,3,3,3,3,3,3,3,3,1,0,0,0,0,0,0,0,0,0,0,0,0,0,0,0,0,0,1,3,3,3,3,3,3,3,3,3,3,3,3,3,3,3,3,3,3,3,3,3,3,3,3,3,3,3,3,3,3,3,3,3,3,3,3,3,3,3,3,3,3,3,3,3,3,3,3,3,3,3,3,3,3,3,3,3,3,3,
-3,3,3,3,3,3,3,3,3,3,3,3,3,3,3,3,3,3,3,3,3,3,3,3,3,3,3,3,3,3,3,3,3,3,3,3,3,1,0,0,0,0,0,1,3,3,3,3,3,3,3,3,3,3,1,1,1,1,0,0,0,0,0,0,0,0,0,0,0,0,0,0,1,3,3,3,3,1,1,1,1,1,1,3,3,3,3,3,3,3,3,3,3,3,3,3,3,3,3,3,3,3,3,3,3,3,3,3,3,3,3,3,3,3,3,3,3,3,3,3,3,3,3,3,3,3,3,3,3,3,3,3,
+3,3,3,3,3,3,3,3,3,3,3,3,3,3,3,3,3,3,3,3,3,3,3,3,3,3,3,3,3,3,3,3,3,3,3,3,3,1,4,0,0,0,1,1,3,3,3,3,3,3,3,3,3,3,1,0,1,0,0,0,1,1,1,1,1,1,1,0,0,0,0,0,1,3,3,3,3,3,3,3,3,3,3,3,3,3,3,1,1,1,1,1,1,1,3,3,3,3,3,3,3,3,3,3,3,3,3,3,3,3,3,3,3,3,3,3,3,3,3,3,3,3,3,3,3,3,3,3,3,3,3,3,
+3,3,3,3,3,3,3,3,3,3,3,3,3,3,3,3,3,3,3,3,3,3,3,3,3,3,3,3,3,3,3,3,3,3,3,3,3,1,4,4,0,0,0,1,3,3,3,3,3,3,3,3,3,3,1,0,0,0,0,0,0,0,4,4,1,0,0,0,0,0,0,0,1,3,3,3,3,3,3,3,3,3,3,3,3,3,3,3,3,3,3,3,3,3,3,3,3,3,3,3,3,3,3,3,3,3,3,3,3,3,3,3,3,3,3,3,3,3,3,3,3,3,3,3,3,3,3,3,3,3,3,3,
+3,3,3,3,3,3,3,3,3,3,3,3,3,3,3,3,3,3,3,3,3,3,3,3,3,3,3,3,3,3,3,3,3,3,3,3,3,1,4,0,0,0,0,1,3,3,3,3,3,3,3,3,3,3,1,1,1,1,0,0,0,0,0,0,0,0,0,0,0,0,0,0,1,3,3,3,3,1,1,1,1,1,1,3,3,3,3,3,3,3,3,3,3,3,3,3,3,3,3,3,3,3,3,3,3,3,3,3,3,3,3,3,3,3,3,3,3,3,3,3,3,3,3,3,3,3,3,3,3,3,3,3,
 3,3,3,3,3,3,3,3,3,3,3,3,3,3,3,3,3,3,3,3,3,3,3,3,3,3,3,3,3,3,3,3,3,3,3,3,3,1,0,0,0,0,0,1,3,3,3,3,3,3,3,3,3,3,3,3,3,1,0,0,0,0,0,0,0,0,0,0,0,0,0,1,1,3,3,3,3,1,4,4,0,1,1,1,1,3,3,3,3,3,3,3,3,3,3,3,3,3,3,3,3,3,3,3,3,3,3,3,3,3,3,3,3,3,3,3,3,3,3,3,3,3,3,3,3,3,3,3,3,3,3,3,
 3,3,3,3,3,3,3,3,3,3,3,3,3,3,3,3,3,3,3,3,3,3,3,3,3,3,3,3,3,3,3,3,3,3,3,3,3,1,1,0,0,0,0,1,1,3,3,3,3,3,3,3,3,3,3,3,3,1,0,0,0,0,0,0,0,0,0,0,0,1,1,1,3,3,3,3,1,1,0,0,0,0,0,0,1,1,1,3,3,3,3,3,3,3,3,3,3,3,3,3,3,3,3,3,3,3,3,3,3,3,3,3,3,3,3,3,3,3,3,3,3,3,3,3,3,3,3,3,3,3,3,3,
 3,3,3,3,3,3,3,3,3,3,3,3,3,3,3,3,3,3,3,3,3,3,3,3,3,3,3,3,3,3,3,3,3,3,3,3,3,1,1,0,0,0,0,0,1,1,1,3,3,3,3,3,3,3,3,3,3,1,0,0,0,0,0,0,0,0,0,0,1,1,3,3,3,3,3,3,1,0,0,3,1,4,1,3,0,0,1,1,3,3,3,3,3,3,3,3,3,3,3,3,3,3,3,3,3,3,3,3,3,3,3,3,3,3,3,3,3,3,3,3,3,3,3,3,3,3,3,3,3,3,3,3,
@@ -784,7 +784,7 @@ data=
 3,3,3,3,3,3,3,3,3,3,3,3,3,3,3,3,3,3,3,3,3,3,3,3,3,3,3,3,3,3,3,3,3,3,3,3,3,1,0,0,0,0,0,1,1,3,3,3,3,3,3,3,3,3,3,3,3,3,3,3,3,3,3,3,3,3,3,1,1,0,0,0,0,0,0,0,0,0,0,0,1,1,3,3,3,3,3,3,3,3,3,3,3,3,3,3,3,3,3,3,3,3,3,3,3,3,3,3,3,3,3,3,3,3,3,3,3,3,3,3,3,3,3,3,3,3,3,3,3,3,3,3,
 3,3,3,3,3,3,3,3,3,3,3,3,3,3,3,3,3,3,3,3,3,3,1,0,0,1,3,3,3,3,3,3,3,3,3,3,3,1,1,0,0,0,0,1,3,3,3,3,3,3,3,3,3,3,3,3,3,3,3,3,3,3,3,3,3,3,3,3,1,1,0,0,0,0,0,0,0,0,0,0,0,1,1,1,3,3,3,3,3,3,3,3,3,3,3,3,3,3,3,3,3,3,3,3,3,3,3,3,3,3,3,3,3,3,3,3,3,3,3,3,3,3,3,3,3,3,3,3,3,3,3,3,
 3,3,3,3,3,3,3,3,3,3,3,3,3,3,3,3,3,3,3,3,3,1,1,0,0,1,1,1,3,3,3,3,3,3,3,3,3,3,1,1,0,0,0,1,3,3,3,3,3,3,3,3,3,3,3,3,3,3,3,3,3,3,3,3,3,3,3,3,3,1,0,0,0,0,0,0,0,0,0,0,0,0,1,1,1,3,3,3,3,3,3,3,3,3,3,3,3,3,3,3,3,3,3,3,3,3,3,3,3,3,3,3,3,3,3,3,3,3,3,3,3,3,3,3,3,3,3,3,3,3,3,3,
-3,3,3,3,3,3,3,3,3,3,3,3,3,3,3,3,3,3,3,3,1,1,0,0,0,0,0,1,1,3,3,3,3,3,3,3,3,3,1,1,0,0,0,1,1,3,3,3,3,3,3,3,3,3,3,3,3,3,3,3,3,3,3,3,3,3,3,3,3,1,0,0,0,0,0,0,1,0,0,0,0,0,0,0,1,1,1,1,1,1,1,1,1,1,3,3,3,3,3,3,3,3,3,3,3,3,3,3,3,3,3,3,3,3,3,3,3,3,3,3,3,3,3,3,3,3,3,3,3,3,3,3,
+3,3,3,3,3,3,3,3,3,3,3,3,3,3,3,3,3,3,3,3,1,1,0,0,0,0,0,1,1,3,3,3,3,3,3,3,3,3,1,1,0,0,0,1,1,3,3,3,3,3,3,3,3,3,3,3,3,3,3,3,3,3,3,3,3,3,3,3,3,1,1,0,0,0,0,0,1,0,0,0,0,0,0,0,1,1,1,1,1,1,1,1,1,1,3,3,3,3,3,3,3,3,3,3,3,3,3,3,3,3,3,3,3,3,3,3,3,3,3,3,3,3,3,3,3,3,3,3,3,3,3,3,
 3,3,3,3,3,3,3,3,3,3,3,3,3,3,3,3,3,3,3,3,1,0,0,0,0,0,0,0,1,1,3,3,3,3,3,3,3,3,3,1,0,0,0,0,1,3,3,3,3,3,3,3,3,3,3,3,3,3,3,3,3,3,3,3,3,3,3,3,1,1,0,0,0,0,0,0,0,0,0,0,0,0,0,0,0,0,0,0,0,1,0,4,4,1,1,1,1,3,3,3,3,3,3,3,3,3,3,3,3,3,3,3,3,3,3,3,3,3,3,3,3,3,3,3,3,3,3,3,3,3,3,3,
 3,3,3,3,3,3,3,3,3,3,3,3,3,3,3,3,3,3,3,3,1,4,1,0,0,0,0,0,0,1,1,3,3,3,3,3,3,3,3,1,1,0,0,0,1,1,3,3,3,3,3,3,3,3,3,3,3,3,3,3,3,3,3,3,3,3,3,3,1,4,0,0,0,0,0,0,0,0,0,0,0,0,0,0,0,0,0,0,0,0,0,0,0,0,0,0,1,1,1,1,3,3,3,3,3,3,3,3,3,3,3,3,3,3,3,3,3,3,3,3,3,3,3,3,3,3,3,3,3,3,3,3,
 3,3,3,3,3,3,3,3,3,3,3,3,3,3,3,3,3,3,3,3,1,4,0,0,0,0,0,0,0,0,1,1,3,3,3,3,3,3,3,3,1,1,0,0,0,1,3,3,3,3,3,3,3,3,3,3,3,3,3,3,3,3,3,3,3,3,3,3,1,4,0,0,0,0,0,0,0,0,0,0,0,0,0,0,0,0,0,0,0,0,0,0,0,0,0,0,0,1,0,1,1,1,1,3,3,3,3,3,3,3,3,3,3,3,3,3,3,3,3,3,3,3,3,3,3,3,3,3,3,3,3,3,
@@ -894,9 +894,127 @@ location=70,59,1,1
 mapmod=background,70,64,265
 requires_status=emp_waypoint_5
 
+[event]
+type=on_trigger
+location=74,42,1,1
+hotspot=location
+loot=loot/level_6.txt
+loot_count=2
+mapmod=object,74,42,97
+repeat=false
+soundfx=soundfx/wood_open.ogg
+tooltip=Supplies
+
+[event]
+type=on_trigger
+location=74,109,1,1
+hotspot=location
+loot=loot/level_6.txt
+loot_count=2
+mapmod=object,74,109,99
+repeat=false
+soundfx=soundfx/wood_open.ogg
+tooltip=Supplies
+
 [enemy]
 type=snowplains
 location=41,90,7,7
 level=6
 number=3
 
+[enemy]
+type=snowplains
+location=67,105,14,7
+level=6
+number=3,4
+
+[enemy]
+type=snowplains
+location=66,85,7,7
+level=6
+number=3
+
+[enemy]
+type=snowplains
+location=101,89,7,7
+level=6
+number=3
+
+[enemy]
+type=snowplains
+location=90,81,7,7
+level=6
+number=3
+
+[enemy]
+type=snowplains
+location=55,90,7,7
+level=6
+number=3
+
+[enemy]
+type=snowplains
+location=76,77,8,7
+level=6
+number=3
+
+[enemy]
+type=snowplains
+location=36,72,6,7
+level=6
+number=3
+
+[enemy]
+type=snowplains
+location=46,71,4,2
+level=6
+number=2
+
+[enemy]
+type=snowplains
+location=58,54,8,6
+level=6
+number=3
+
+[enemy]
+type=snowplains
+location=73,38,7,9
+level=6
+number=3,4
+
+[enemy]
+type=snowplains
+location=48,36,8,6
+level=6
+number=3
+
+[enemy]
+type=snowplains
+location=45,60,6,6
+level=6
+number=3
+
+[enemy]
+type=snowplains
+location=36,42,6,6
+level=6
+number=3
+
+[enemy]
+type=snowplains
+location=37,53,6,6
+level=6
+number=3
+
+[enemy]
+type=snowplains
+location=88,47,6,6
+level=6
+number=3
+
+[enemy]
+type=snowplains
+location=100,38,6,6
+level=6
+number=3
+
diff --git a/mods/empyrean_campaign/powers/categories/enemy.txt b/mods/empyrean_campaign/powers/categories/enemy.txt
index 08aa0b0a405435334cf0cbccf614c31d65a299bd..e31fe060d8d040e6d05d540e4244092eb08b3032 100644
--- a/mods/empyrean_campaign/powers/categories/enemy.txt
+++ b/mods/empyrean_campaign/powers/categories/enemy.txt
@@ -298,3 +298,23 @@ post_power=158
 requires_hp=1000
 sacrifice=true
 
+# freeze ray
+[power]
+id=183
+type=repeater
+new_state=cast
+face=true
+animation=animations/powers/freeze.txt
+soundfx=soundfx/powers/freeze.ogg
+speed=24
+trait_elemental=ice
+radius=1.2
+lifespan=400ms
+base_damage=ment
+delay=100ms
+visual_random=3
+complete_animation=true
+count=12
+modifier_damage=multiply,75,0
+post_effect=slow,50,4s
+
diff --git a/tiled/empyrean_campaign/stormrock_pass.tmx b/tiled/empyrean_campaign/stormrock_pass.tmx
index 6df5d3d777b50ded0da6ca63f4b98df32d8773e1..28e6dd6f7608b1a2f0c9c3e28a9f66663d295280 100644
--- a/tiled/empyrean_campaign/stormrock_pass.tmx
+++ b/tiled/empyrean_campaign/stormrock_pass.tmx
@@ -1,5 +1,5 @@
 <?xml version="1.0" encoding="UTF-8"?>
-<map version="1.0" orientation="isometric" renderorder="right-down" width="132" height="132" tilewidth="64" tileheight="32" backgroundcolor="#000000" nextobjectid="9">
+<map version="1.0" orientation="isometric" renderorder="right-down" width="132" height="132" tilewidth="64" tileheight="32" backgroundcolor="#000000" nextobjectid="27">
  <properties>
   <property name="music" value="music/overworld_theme.ogg"/>
   <property name="tileset" value="tilesetdefs/tileset_snowplains.txt"/>
@@ -500,13 +500,13 @@
 0,0,0,0,0,0,0,0,0,0,0,0,0,0,0,0,0,0,0,0,0,0,0,0,0,0,0,0,0,0,0,0,0,0,0,0,52,524,0,0,0,0,246,54,0,0,0,0,0,0,0,0,0,48,0,0,0,0,50,0,0,0,0,0,0,0,0,0,48,245,0,0,0,0,0,0,0,0,0,0,0,0,0,0,0,0,0,69,53,53,61,0,0,0,56,49,68,0,0,0,0,0,0,70,62,0,0,0,0,0,0,0,0,0,0,0,0,0,0,0,0,0,0,0,0,0,0,0,0,0,0,0,
 0,0,0,0,0,0,0,0,0,0,0,0,0,0,0,0,0,0,0,0,0,0,0,0,0,0,0,0,0,0,0,0,0,0,0,0,63,71,0,0,0,0,70,58,0,0,0,0,0,0,0,0,0,52,0,0,0,0,69,57,0,0,0,0,0,0,0,60,64,0,0,0,0,0,0,0,0,0,0,0,0,0,0,0,0,0,0,0,0,0,69,49,49,49,64,245,0,0,0,0,0,0,70,58,0,0,0,0,0,0,0,0,0,0,0,0,0,0,0,0,0,0,0,0,0,0,0,0,0,0,0,0,
 0,0,0,0,0,0,0,0,0,0,0,0,0,0,0,0,0,0,0,0,0,0,0,0,0,0,0,0,0,0,0,0,0,0,0,0,0,48,0,0,0,0,50,0,0,0,0,0,0,0,0,0,0,52,244,0,0,0,0,50,0,0,0,0,0,0,0,48,0,0,0,0,0,0,0,66,55,51,51,67,246,0,0,0,0,0,0,0,0,0,0,0,0,0,0,0,0,0,0,0,0,70,62,0,0,0,0,0,0,0,0,0,0,0,0,0,0,0,0,0,0,0,0,0,0,0,0,0,0,0,0,0,
-0,0,0,0,0,0,0,0,0,0,0,0,0,0,0,0,0,0,0,0,0,0,0,0,0,0,0,0,0,0,0,0,0,0,0,0,0,52,0,0,0,0,54,0,0,0,0,0,0,0,0,0,0,52,0,0,0,0,0,54,0,0,0,0,0,0,56,64,0,0,0,0,0,0,70,58,0,0,0,63,51,55,51,71,0,0,0,0,0,0,0,0,0,0,0,0,0,0,0,0,70,58,0,0,0,0,0,0,0,0,0,0,0,0,0,0,0,0,0,0,0,0,0,0,0,0,0,0,0,0,0,0,
-0,0,0,0,0,0,0,0,0,0,0,0,0,0,0,0,0,0,0,0,0,0,0,0,0,0,0,0,0,0,0,0,0,0,0,0,0,48,0,0,0,0,54,0,0,0,0,0,0,0,0,0,0,52,0,0,0,0,0,65,57,0,0,0,0,0,48,0,0,0,0,0,0,70,58,0,0,0,0,0,0,0,0,63,51,67,0,0,0,0,0,0,0,0,0,0,0,70,55,51,62,0,0,0,0,0,0,0,0,0,0,0,0,0,0,0,0,0,0,0,0,0,0,0,0,0,0,0,0,0,0,0,
-0,0,0,0,0,0,0,0,0,0,0,0,0,0,0,0,0,0,0,0,0,0,0,0,0,0,0,0,0,0,0,0,0,0,0,0,0,48,0,0,0,0,54,0,0,0,0,0,0,0,0,0,0,48,0,0,0,0,0,0,50,0,0,0,0,0,52,0,0,0,0,0,0,54,0,0,0,0,0,0,0,0,0,0,0,59,71,0,0,0,0,0,0,0,0,70,51,58,0,0,0,0,0,0,0,0,0,0,0,0,0,0,0,0,0,0,0,0,0,0,0,0,0,0,0,0,0,0,0,0,0,0,
+0,0,0,0,0,0,0,0,0,0,0,0,0,0,0,0,0,0,0,0,0,0,0,0,0,0,0,0,0,0,0,0,0,0,0,0,0,52,105,0,0,0,54,0,0,0,0,0,0,0,0,0,0,52,0,0,0,0,0,54,0,0,0,0,0,0,56,64,0,0,0,0,0,0,70,58,0,0,0,63,51,55,51,71,0,0,0,0,0,0,0,0,0,0,0,0,0,0,0,0,70,58,0,0,0,0,0,0,0,0,0,0,0,0,0,0,0,0,0,0,0,0,0,0,0,0,0,0,0,0,0,0,
+0,0,0,0,0,0,0,0,0,0,0,0,0,0,0,0,0,0,0,0,0,0,0,0,0,0,0,0,0,0,0,0,0,0,0,0,0,48,104,0,0,0,54,0,0,0,0,0,0,0,0,0,0,52,0,0,0,0,0,65,57,0,0,0,0,0,48,0,0,0,0,0,0,70,58,0,0,0,0,0,0,0,0,63,51,67,0,0,0,0,0,0,0,0,0,0,0,70,55,51,62,0,0,0,0,0,0,0,0,0,0,0,0,0,0,0,0,0,0,0,0,0,0,0,0,0,0,0,0,0,0,0,
+0,0,0,0,0,0,0,0,0,0,0,0,0,0,0,0,0,0,0,0,0,0,0,0,0,0,0,0,0,0,0,0,0,0,0,0,0,48,244,0,0,0,54,0,0,0,0,0,0,0,0,0,0,48,0,0,0,0,0,0,50,0,0,0,0,0,52,0,0,0,0,0,0,54,0,0,0,0,0,0,0,0,0,0,0,59,71,0,0,0,0,0,0,0,0,70,51,58,0,0,0,0,0,0,0,0,0,0,0,0,0,0,0,0,0,0,0,0,0,0,0,0,0,0,0,0,0,0,0,0,0,0,
 0,0,0,0,0,0,0,0,0,0,0,0,0,0,0,0,0,0,0,0,0,0,0,0,0,0,0,0,0,0,0,0,0,0,0,0,0,48,0,0,0,0,54,0,0,0,0,0,0,0,0,0,0,63,71,0,0,0,0,0,50,0,0,0,0,56,68,0,0,0,0,0,66,58,0,0,0,0,0,0,0,0,0,0,0,0,63,245,0,0,0,0,0,66,51,62,0,0,0,0,0,0,0,0,0,0,0,0,0,0,0,0,0,0,0,0,0,0,0,0,0,0,0,0,0,0,0,0,0,0,0,0,
-0,0,0,0,0,0,0,0,0,0,0,0,0,0,0,0,0,0,0,0,0,0,0,0,0,0,0,0,0,0,0,0,0,0,0,0,0,48,0,246,0,0,65,57,0,0,0,0,0,0,0,0,0,0,52,0,247,0,0,0,65,49,49,49,49,68,245,0,0,0,0,0,50,0,0,0,0,0,0,0,0,0,0,0,0,0,0,59,51,55,51,55,51,62,0,0,0,0,0,0,0,0,0,0,0,0,0,0,0,0,0,0,0,0,0,0,0,0,0,0,0,0,0,0,0,0,0,0,0,0,0,0,
-0,0,0,0,0,0,0,0,0,0,0,0,0,0,0,0,0,0,0,0,0,0,0,0,0,0,0,0,0,0,0,0,0,0,0,0,0,48,0,0,0,0,0,50,0,0,0,0,0,0,0,0,0,0,48,0,0,0,0,0,0,0,0,0,0,0,0,0,0,0,0,0,54,0,0,0,0,0,0,0,0,0,0,0,0,0,0,0,0,0,0,0,0,0,0,0,0,0,0,0,0,0,0,0,0,0,0,0,0,0,0,0,0,0,0,0,0,0,0,0,0,0,0,0,0,0,0,0,0,0,0,0,
-0,0,0,0,0,0,0,0,0,0,0,0,0,0,0,0,0,0,0,0,0,0,0,0,0,0,0,0,0,0,0,0,0,0,0,0,0,52,0,0,0,0,0,54,0,0,0,0,0,0,0,0,0,0,63,55,51,67,0,0,0,0,0,0,0,0,0,0,0,0,0,0,54,0,0,0,0,60,53,53,53,49,61,0,0,0,0,0,0,0,0,0,0,0,0,0,0,0,0,0,0,0,0,0,0,0,0,0,0,0,0,0,0,0,0,0,0,0,0,0,0,0,0,0,0,0,0,0,0,0,0,0,
+0,0,0,0,0,0,0,0,0,0,0,0,0,0,0,0,0,0,0,0,0,0,0,0,0,0,0,0,0,0,0,0,0,0,0,0,0,48,565,0,0,0,65,57,0,0,0,0,0,0,0,0,0,0,52,0,247,0,0,0,65,49,49,49,49,68,245,0,0,0,0,0,50,0,0,0,0,0,0,0,0,0,0,0,0,0,0,59,51,55,51,55,51,62,0,0,0,0,0,0,0,0,0,0,0,0,0,0,0,0,0,0,0,0,0,0,0,0,0,0,0,0,0,0,0,0,0,0,0,0,0,0,
+0,0,0,0,0,0,0,0,0,0,0,0,0,0,0,0,0,0,0,0,0,0,0,0,0,0,0,0,0,0,0,0,0,0,0,0,0,48,109,560,0,0,0,50,0,0,0,0,0,0,0,0,0,0,48,0,0,0,0,0,0,0,106,107,138,0,0,0,0,0,0,0,54,0,0,0,0,0,0,0,0,0,0,0,0,0,0,0,0,0,0,0,0,0,0,0,0,0,0,0,0,0,0,0,0,0,0,0,0,0,0,0,0,0,0,0,0,0,0,0,0,0,0,0,0,0,0,0,0,0,0,0,
+0,0,0,0,0,0,0,0,0,0,0,0,0,0,0,0,0,0,0,0,0,0,0,0,0,0,0,0,0,0,0,0,0,0,0,0,0,52,108,0,0,0,0,54,0,0,0,0,0,0,0,0,0,0,63,55,51,67,0,0,0,0,0,0,0,0,0,0,0,0,0,0,54,0,0,0,0,60,53,53,53,49,61,0,0,0,0,0,0,0,0,0,0,0,0,0,0,0,0,0,0,0,0,0,0,0,0,0,0,0,0,0,0,0,0,0,0,0,0,0,0,0,0,0,0,0,0,0,0,0,0,0,
 0,0,0,0,0,0,0,0,0,0,0,0,0,0,0,0,0,0,0,0,0,0,0,0,0,0,0,0,0,0,0,0,0,0,0,0,0,48,0,0,0,0,0,50,0,0,0,0,0,0,0,0,0,0,0,0,0,48,0,0,0,0,0,0,0,0,0,0,0,0,0,66,62,0,0,0,0,48,564,140,0,246,69,53,57,0,0,0,0,0,0,0,0,0,0,0,0,0,0,0,0,0,0,0,0,0,0,0,0,0,0,0,0,0,0,0,0,0,0,0,0,0,0,0,0,0,0,0,0,0,0,0,
 0,0,0,0,0,0,0,0,0,0,0,0,0,0,0,0,0,0,0,0,0,0,0,0,0,0,0,0,0,0,0,0,0,0,0,0,0,48,247,0,0,0,0,69,57,0,0,0,0,0,0,0,0,0,0,0,0,48,0,0,0,0,0,0,0,0,0,0,0,66,55,58,0,0,0,0,60,64,0,0,0,0,0,0,69,49,57,0,0,0,0,0,0,0,0,0,0,0,0,0,0,0,0,0,0,0,0,0,0,0,0,0,0,0,0,0,0,0,0,0,0,0,0,0,0,0,0,0,0,0,0,0,
 0,0,0,0,0,0,0,0,0,0,0,0,0,0,0,0,0,0,0,0,0,0,0,0,0,0,0,0,0,0,0,0,0,0,0,0,0,63,71,0,0,0,0,0,69,49,61,0,0,0,0,0,0,0,0,0,0,48,0,0,0,0,0,0,0,0,0,0,66,58,0,0,0,0,0,0,48,0,0,0,0,0,0,0,0,0,69,61,0,0,0,0,0,0,0,0,0,0,0,0,0,0,0,0,0,0,0,0,0,0,0,0,0,0,0,0,0,0,0,0,0,0,0,0,0,0,0,0,0,0,0,0,
@@ -531,7 +531,7 @@
 0,0,0,0,0,0,0,0,0,0,0,0,0,0,0,0,0,0,0,0,0,0,0,0,0,0,0,0,0,0,0,0,0,0,0,0,0,48,0,0,0,0,0,70,58,0,0,0,0,0,0,0,0,0,0,0,0,0,0,0,0,0,0,0,0,0,0,63,67,0,0,0,0,0,0,0,0,0,0,0,65,57,0,0,0,0,0,0,0,0,0,0,0,0,0,0,0,0,0,0,0,0,0,0,0,0,0,0,0,0,0,0,0,0,0,0,0,0,0,0,0,0,0,0,0,0,0,0,0,0,0,0,
 0,0,0,0,0,0,0,0,0,0,0,0,0,0,0,0,0,0,0,0,0,0,60,226,227,61,0,0,0,0,0,0,0,0,0,0,0,59,67,0,0,0,0,50,0,0,0,0,0,0,0,0,0,0,0,0,0,0,0,0,0,0,0,0,0,0,0,0,59,67,0,0,0,0,0,0,0,0,0,0,0,69,53,57,0,0,0,0,0,0,0,0,0,0,0,0,0,0,0,0,0,0,0,0,0,0,0,0,0,0,0,0,0,0,0,0,0,0,0,0,0,0,0,0,0,0,0,0,0,0,0,0,
 0,0,0,0,0,0,0,0,0,0,0,0,0,0,0,0,0,0,0,0,0,56,68,0,0,65,49,57,0,0,0,0,0,0,0,0,0,0,48,245,0,0,0,50,0,0,0,0,0,0,0,0,0,0,0,0,0,0,0,0,0,0,0,0,0,0,0,0,0,48,0,0,0,0,0,0,0,0,0,0,0,0,245,69,57,0,0,0,0,0,0,0,0,0,0,0,0,0,0,0,0,0,0,0,0,0,0,0,0,0,0,0,0,0,0,0,0,0,0,0,0,0,0,0,0,0,0,0,0,0,0,0,
-0,0,0,0,0,0,0,0,0,0,0,0,0,0,0,0,0,0,0,0,56,64,0,0,0,0,0,69,57,0,0,0,0,0,0,0,0,0,59,71,0,0,0,65,57,0,0,0,0,0,0,0,0,0,0,0,0,0,0,0,0,0,0,0,0,0,0,0,0,52,0,0,0,0,0,0,244,0,0,0,0,0,0,0,65,53,49,53,49,53,49,53,49,57,0,0,0,0,0,0,0,0,0,0,0,0,0,0,0,0,0,0,0,0,0,0,0,0,0,0,0,0,0,0,0,0,0,0,0,0,0,0,
+0,0,0,0,0,0,0,0,0,0,0,0,0,0,0,0,0,0,0,0,56,64,0,0,0,0,0,69,57,0,0,0,0,0,0,0,0,0,59,71,0,0,0,65,57,0,0,0,0,0,0,0,0,0,0,0,0,0,0,0,0,0,0,0,0,0,0,0,0,52,139,0,0,0,0,0,244,0,0,0,0,0,0,0,65,53,49,53,49,53,49,53,49,57,0,0,0,0,0,0,0,0,0,0,0,0,0,0,0,0,0,0,0,0,0,0,0,0,0,0,0,0,0,0,0,0,0,0,0,0,0,0,
 0,0,0,0,0,0,0,0,0,0,0,0,0,0,0,0,0,0,0,0,52,0,0,0,0,0,0,0,65,57,0,0,0,0,0,0,0,0,0,48,0,0,0,0,54,0,0,0,0,0,0,0,0,0,0,0,0,0,0,0,0,0,0,0,0,0,0,0,56,64,0,0,0,0,0,0,0,0,0,0,0,0,0,0,0,0,0,0,0,247,0,106,107,69,53,53,61,0,0,0,0,0,0,0,0,0,0,0,0,0,0,0,0,0,0,0,0,0,0,0,0,0,0,0,0,0,0,0,0,0,0,0,
 0,0,0,0,0,0,0,0,0,0,0,0,0,0,0,0,0,0,0,0,48,105,245,0,0,0,0,0,0,69,57,0,0,0,0,0,0,0,0,63,71,0,0,0,69,57,0,0,0,0,0,0,0,0,0,0,0,0,0,0,0,0,0,0,0,0,0,0,52,525,0,0,0,0,0,0,0,0,0,0,0,0,0,0,0,0,0,0,0,0,0,0,0,0,0,0,69,53,49,61,0,0,0,0,0,0,0,0,0,0,0,0,0,0,0,0,0,0,0,0,0,0,0,0,0,0,0,0,0,0,0,0,
 0,0,0,0,0,0,0,0,0,0,0,0,0,0,0,0,0,0,0,0,52,104,0,0,0,0,0,0,0,0,65,57,0,0,0,0,0,0,0,0,63,67,0,0,0,54,0,0,0,0,0,0,0,0,0,0,0,0,0,0,0,0,0,0,0,0,0,0,52,524,0,0,0,0,0,0,0,0,0,0,0,0,0,0,0,0,0,0,0,0,0,0,0,0,0,0,0,245,0,65,49,49,61,0,0,0,0,0,0,0,0,0,0,0,0,0,0,0,0,0,0,0,0,0,0,0,0,0,0,0,0,0,
@@ -772,13 +772,13 @@
 3,3,3,3,3,3,3,3,3,3,3,3,3,3,3,3,3,3,3,3,3,3,3,3,3,3,3,3,3,3,3,3,3,3,3,3,1,4,0,0,0,0,1,1,3,3,3,3,3,3,3,3,3,1,0,0,0,0,1,3,3,3,3,3,3,3,3,3,1,4,0,0,0,0,0,0,0,0,0,0,0,0,0,0,0,0,0,1,1,1,1,3,3,3,1,1,1,0,0,0,0,0,0,1,1,3,3,3,3,3,3,3,3,3,3,3,3,3,3,3,3,3,3,3,3,3,3,3,3,3,3,3,
 3,3,3,3,3,3,3,3,3,3,3,3,3,3,3,3,3,3,3,3,3,3,3,3,3,3,3,3,3,3,3,3,3,3,3,3,1,1,0,0,0,0,1,1,3,3,3,3,3,3,3,3,3,1,0,0,0,0,1,1,3,3,3,3,3,3,3,1,1,0,0,0,0,0,0,0,0,0,0,0,0,0,0,0,0,0,0,0,0,0,1,1,1,1,1,1,0,0,0,0,0,0,1,1,3,3,3,3,3,3,3,3,3,3,3,3,3,3,3,3,3,3,3,3,3,3,3,3,3,3,3,3,
 3,3,3,3,3,3,3,3,3,3,3,3,3,3,3,3,3,3,3,3,3,3,3,3,3,3,3,3,3,3,3,3,3,3,3,3,3,1,0,0,0,0,1,3,3,3,3,3,3,3,3,3,3,1,0,0,0,0,0,1,3,3,3,3,3,3,3,1,0,0,0,0,0,0,0,1,1,1,1,1,1,0,0,0,0,0,0,0,0,0,0,0,0,0,0,0,0,0,0,0,0,1,1,3,3,3,3,3,3,3,3,3,3,3,3,3,3,3,3,3,3,3,3,3,3,3,3,3,3,3,3,3,
-3,3,3,3,3,3,3,3,3,3,3,3,3,3,3,3,3,3,3,3,3,3,3,3,3,3,3,3,3,3,3,3,3,3,3,3,3,1,0,0,0,0,1,3,3,3,3,3,3,3,3,3,3,1,0,0,0,0,0,1,3,3,3,3,3,3,1,1,0,0,0,0,0,0,1,1,3,3,3,1,1,1,1,1,0,0,0,0,0,0,0,0,0,0,0,0,0,0,0,0,1,1,3,3,3,3,3,3,3,3,3,3,3,3,3,3,3,3,3,3,3,3,3,3,3,3,3,3,3,3,3,3,
-3,3,3,3,3,3,3,3,3,3,3,3,3,3,3,3,3,3,3,3,3,3,3,3,3,3,3,3,3,3,3,3,3,3,3,3,3,1,0,0,0,0,1,3,3,3,3,3,3,3,3,3,3,1,0,0,0,0,0,1,1,3,3,3,3,3,1,0,0,0,0,0,0,1,1,3,3,3,3,3,3,3,3,1,1,1,0,0,0,0,0,0,0,0,0,0,0,1,1,1,1,3,3,3,3,3,3,3,3,3,3,3,3,3,3,3,3,3,3,3,3,3,3,3,3,3,3,3,3,3,3,3,
-3,3,3,3,3,3,3,3,3,3,3,3,3,3,3,3,3,3,3,3,3,3,3,3,3,3,3,3,3,3,3,3,3,3,3,3,3,1,0,0,0,0,1,3,3,3,3,3,3,3,3,3,3,1,0,0,0,0,0,0,1,3,3,3,3,3,1,0,0,0,0,0,0,1,3,3,3,3,3,3,3,3,3,3,3,1,1,0,0,0,0,0,0,0,0,1,1,1,3,3,3,3,3,3,3,3,3,3,3,3,3,3,3,3,3,3,3,3,3,3,3,3,3,3,3,3,3,3,3,3,3,3,
+3,3,3,3,3,3,3,3,3,3,3,3,3,3,3,3,3,3,3,3,3,3,3,3,3,3,3,3,3,3,3,3,3,3,3,3,3,1,4,0,0,0,1,3,3,3,3,3,3,3,3,3,3,1,0,0,0,0,0,1,3,3,3,3,3,3,1,1,0,0,0,0,0,0,1,1,3,3,3,1,1,1,1,1,0,0,0,0,0,0,0,0,0,0,0,0,0,0,0,0,1,1,3,3,3,3,3,3,3,3,3,3,3,3,3,3,3,3,3,3,3,3,3,3,3,3,3,3,3,3,3,3,
+3,3,3,3,3,3,3,3,3,3,3,3,3,3,3,3,3,3,3,3,3,3,3,3,3,3,3,3,3,3,3,3,3,3,3,3,3,1,4,0,0,0,1,3,3,3,3,3,3,3,3,3,3,1,0,0,0,0,0,1,1,3,3,3,3,3,1,0,0,0,0,0,0,1,1,3,3,3,3,3,3,3,3,1,1,1,0,0,0,0,0,0,0,0,0,0,0,1,1,1,1,3,3,3,3,3,3,3,3,3,3,3,3,3,3,3,3,3,3,3,3,3,3,3,3,3,3,3,3,3,3,3,
+3,3,3,3,3,3,3,3,3,3,3,3,3,3,3,3,3,3,3,3,3,3,3,3,3,3,3,3,3,3,3,3,3,3,3,3,3,1,1,0,0,0,1,3,3,3,3,3,3,3,3,3,3,1,0,0,0,0,0,0,1,3,3,3,3,3,1,0,0,0,0,0,0,1,3,3,3,3,3,3,3,3,3,3,3,1,1,0,0,0,0,0,0,0,0,1,1,1,3,3,3,3,3,3,3,3,3,3,3,3,3,3,3,3,3,3,3,3,3,3,3,3,3,3,3,3,3,3,3,3,3,3,
 3,3,3,3,3,3,3,3,3,3,3,3,3,3,3,3,3,3,3,3,3,3,3,3,3,3,3,3,3,3,3,3,3,3,3,3,3,1,0,0,0,0,1,3,3,3,3,3,3,3,3,3,3,1,1,0,0,0,0,0,1,3,3,3,3,1,1,0,0,0,0,0,1,1,3,3,3,3,3,3,3,3,3,3,3,3,1,1,0,0,0,0,0,1,1,1,3,3,3,3,3,3,3,3,3,3,3,3,3,3,3,3,3,3,3,3,3,3,3,3,3,3,3,3,3,3,3,3,3,3,3,3,
-3,3,3,3,3,3,3,3,3,3,3,3,3,3,3,3,3,3,3,3,3,3,3,3,3,3,3,3,3,3,3,3,3,3,3,3,3,1,0,1,0,0,1,1,3,3,3,3,3,3,3,3,3,3,1,0,1,0,0,0,1,1,1,1,1,1,1,0,0,0,0,0,1,3,3,3,3,3,3,3,3,3,3,3,3,3,3,1,1,1,1,1,1,1,3,3,3,3,3,3,3,3,3,3,3,3,3,3,3,3,3,3,3,3,3,3,3,3,3,3,3,3,3,3,3,3,3,3,3,3,3,3,
-3,3,3,3,3,3,3,3,3,3,3,3,3,3,3,3,3,3,3,3,3,3,3,3,3,3,3,3,3,3,3,3,3,3,3,3,3,1,0,0,0,0,0,1,3,3,3,3,3,3,3,3,3,3,1,0,0,0,0,0,0,0,0,0,0,0,0,0,0,0,0,0,1,3,3,3,3,3,3,3,3,3,3,3,3,3,3,3,3,3,3,3,3,3,3,3,3,3,3,3,3,3,3,3,3,3,3,3,3,3,3,3,3,3,3,3,3,3,3,3,3,3,3,3,3,3,3,3,3,3,3,3,
-3,3,3,3,3,3,3,3,3,3,3,3,3,3,3,3,3,3,3,3,3,3,3,3,3,3,3,3,3,3,3,3,3,3,3,3,3,1,0,0,0,0,0,1,3,3,3,3,3,3,3,3,3,3,1,1,1,1,0,0,0,0,0,0,0,0,0,0,0,0,0,0,1,3,3,3,3,1,1,1,1,1,1,3,3,3,3,3,3,3,3,3,3,3,3,3,3,3,3,3,3,3,3,3,3,3,3,3,3,3,3,3,3,3,3,3,3,3,3,3,3,3,3,3,3,3,3,3,3,3,3,3,
+3,3,3,3,3,3,3,3,3,3,3,3,3,3,3,3,3,3,3,3,3,3,3,3,3,3,3,3,3,3,3,3,3,3,3,3,3,1,4,0,0,0,1,1,3,3,3,3,3,3,3,3,3,3,1,0,1,0,0,0,1,1,1,1,1,1,1,0,0,0,0,0,1,3,3,3,3,3,3,3,3,3,3,3,3,3,3,1,1,1,1,1,1,1,3,3,3,3,3,3,3,3,3,3,3,3,3,3,3,3,3,3,3,3,3,3,3,3,3,3,3,3,3,3,3,3,3,3,3,3,3,3,
+3,3,3,3,3,3,3,3,3,3,3,3,3,3,3,3,3,3,3,3,3,3,3,3,3,3,3,3,3,3,3,3,3,3,3,3,3,1,4,4,0,0,0,1,3,3,3,3,3,3,3,3,3,3,1,0,0,0,0,0,0,0,4,4,1,0,0,0,0,0,0,0,1,3,3,3,3,3,3,3,3,3,3,3,3,3,3,3,3,3,3,3,3,3,3,3,3,3,3,3,3,3,3,3,3,3,3,3,3,3,3,3,3,3,3,3,3,3,3,3,3,3,3,3,3,3,3,3,3,3,3,3,
+3,3,3,3,3,3,3,3,3,3,3,3,3,3,3,3,3,3,3,3,3,3,3,3,3,3,3,3,3,3,3,3,3,3,3,3,3,1,4,0,0,0,0,1,3,3,3,3,3,3,3,3,3,3,1,1,1,1,0,0,0,0,0,0,0,0,0,0,0,0,0,0,1,3,3,3,3,1,1,1,1,1,1,3,3,3,3,3,3,3,3,3,3,3,3,3,3,3,3,3,3,3,3,3,3,3,3,3,3,3,3,3,3,3,3,3,3,3,3,3,3,3,3,3,3,3,3,3,3,3,3,3,
 3,3,3,3,3,3,3,3,3,3,3,3,3,3,3,3,3,3,3,3,3,3,3,3,3,3,3,3,3,3,3,3,3,3,3,3,3,1,0,0,0,0,0,1,3,3,3,3,3,3,3,3,3,3,3,3,3,1,0,0,0,0,0,0,0,0,0,0,0,0,0,1,1,3,3,3,3,1,4,4,0,1,1,1,1,3,3,3,3,3,3,3,3,3,3,3,3,3,3,3,3,3,3,3,3,3,3,3,3,3,3,3,3,3,3,3,3,3,3,3,3,3,3,3,3,3,3,3,3,3,3,3,
 3,3,3,3,3,3,3,3,3,3,3,3,3,3,3,3,3,3,3,3,3,3,3,3,3,3,3,3,3,3,3,3,3,3,3,3,3,1,1,0,0,0,0,1,1,3,3,3,3,3,3,3,3,3,3,3,3,1,0,0,0,0,0,0,0,0,0,0,0,1,1,1,3,3,3,3,1,1,0,0,0,0,0,0,1,1,1,3,3,3,3,3,3,3,3,3,3,3,3,3,3,3,3,3,3,3,3,3,3,3,3,3,3,3,3,3,3,3,3,3,3,3,3,3,3,3,3,3,3,3,3,3,
 3,3,3,3,3,3,3,3,3,3,3,3,3,3,3,3,3,3,3,3,3,3,3,3,3,3,3,3,3,3,3,3,3,3,3,3,3,1,1,0,0,0,0,0,1,1,1,3,3,3,3,3,3,3,3,3,3,1,0,0,0,0,0,0,0,0,0,0,1,1,3,3,3,3,3,3,1,0,0,3,1,4,1,3,0,0,1,1,3,3,3,3,3,3,3,3,3,3,3,3,3,3,3,3,3,3,3,3,3,3,3,3,3,3,3,3,3,3,3,3,3,3,3,3,3,3,3,3,3,3,3,3,
@@ -803,7 +803,7 @@
 3,3,3,3,3,3,3,3,3,3,3,3,3,3,3,3,3,3,3,3,3,3,3,3,3,3,3,3,3,3,3,3,3,3,3,3,3,1,0,0,0,0,0,1,1,3,3,3,3,3,3,3,3,3,3,3,3,3,3,3,3,3,3,3,3,3,3,1,1,0,0,0,0,0,0,0,0,0,0,0,1,1,3,3,3,3,3,3,3,3,3,3,3,3,3,3,3,3,3,3,3,3,3,3,3,3,3,3,3,3,3,3,3,3,3,3,3,3,3,3,3,3,3,3,3,3,3,3,3,3,3,3,
 3,3,3,3,3,3,3,3,3,3,3,3,3,3,3,3,3,3,3,3,3,3,1,0,0,1,3,3,3,3,3,3,3,3,3,3,3,1,1,0,0,0,0,1,3,3,3,3,3,3,3,3,3,3,3,3,3,3,3,3,3,3,3,3,3,3,3,3,1,1,0,0,0,0,0,0,0,0,0,0,0,1,1,1,3,3,3,3,3,3,3,3,3,3,3,3,3,3,3,3,3,3,3,3,3,3,3,3,3,3,3,3,3,3,3,3,3,3,3,3,3,3,3,3,3,3,3,3,3,3,3,3,
 3,3,3,3,3,3,3,3,3,3,3,3,3,3,3,3,3,3,3,3,3,1,1,0,0,1,1,1,3,3,3,3,3,3,3,3,3,3,1,1,0,0,0,1,3,3,3,3,3,3,3,3,3,3,3,3,3,3,3,3,3,3,3,3,3,3,3,3,3,1,0,0,0,0,0,0,0,0,0,0,0,0,1,1,1,3,3,3,3,3,3,3,3,3,3,3,3,3,3,3,3,3,3,3,3,3,3,3,3,3,3,3,3,3,3,3,3,3,3,3,3,3,3,3,3,3,3,3,3,3,3,3,
-3,3,3,3,3,3,3,3,3,3,3,3,3,3,3,3,3,3,3,3,1,1,0,0,0,0,0,1,1,3,3,3,3,3,3,3,3,3,1,1,0,0,0,1,1,3,3,3,3,3,3,3,3,3,3,3,3,3,3,3,3,3,3,3,3,3,3,3,3,1,0,0,0,0,0,0,1,0,0,0,0,0,0,0,1,1,1,1,1,1,1,1,1,1,3,3,3,3,3,3,3,3,3,3,3,3,3,3,3,3,3,3,3,3,3,3,3,3,3,3,3,3,3,3,3,3,3,3,3,3,3,3,
+3,3,3,3,3,3,3,3,3,3,3,3,3,3,3,3,3,3,3,3,1,1,0,0,0,0,0,1,1,3,3,3,3,3,3,3,3,3,1,1,0,0,0,1,1,3,3,3,3,3,3,3,3,3,3,3,3,3,3,3,3,3,3,3,3,3,3,3,3,1,1,0,0,0,0,0,1,0,0,0,0,0,0,0,1,1,1,1,1,1,1,1,1,1,3,3,3,3,3,3,3,3,3,3,3,3,3,3,3,3,3,3,3,3,3,3,3,3,3,3,3,3,3,3,3,3,3,3,3,3,3,3,
 3,3,3,3,3,3,3,3,3,3,3,3,3,3,3,3,3,3,3,3,1,0,0,0,0,0,0,0,1,1,3,3,3,3,3,3,3,3,3,1,0,0,0,0,1,3,3,3,3,3,3,3,3,3,3,3,3,3,3,3,3,3,3,3,3,3,3,3,1,1,0,0,0,0,0,0,0,0,0,0,0,0,0,0,0,0,0,0,0,1,0,4,4,1,1,1,1,3,3,3,3,3,3,3,3,3,3,3,3,3,3,3,3,3,3,3,3,3,3,3,3,3,3,3,3,3,3,3,3,3,3,3,
 3,3,3,3,3,3,3,3,3,3,3,3,3,3,3,3,3,3,3,3,1,4,1,0,0,0,0,0,0,1,1,3,3,3,3,3,3,3,3,1,1,0,0,0,1,1,3,3,3,3,3,3,3,3,3,3,3,3,3,3,3,3,3,3,3,3,3,3,1,4,0,0,0,0,0,0,0,0,0,0,0,0,0,0,0,0,0,0,0,0,0,0,0,0,0,0,1,1,1,1,3,3,3,3,3,3,3,3,3,3,3,3,3,3,3,3,3,3,3,3,3,3,3,3,3,3,3,3,3,3,3,3,
 3,3,3,3,3,3,3,3,3,3,3,3,3,3,3,3,3,3,3,3,1,4,0,0,0,0,0,0,0,0,1,1,3,3,3,3,3,3,3,3,1,1,0,0,0,1,3,3,3,3,3,3,3,3,3,3,3,3,3,3,3,3,3,3,3,3,3,3,1,4,0,0,0,0,0,0,0,0,0,0,0,0,0,0,0,0,0,0,0,0,0,0,0,0,0,0,0,1,0,1,1,1,1,3,3,3,3,3,3,3,3,3,3,3,3,3,3,3,3,3,3,3,3,3,3,3,3,3,3,3,3,3,
@@ -856,7 +856,7 @@
 3,3,3,3,3,3,3,3,3,3,3,3,3,3,3,3,3,3,3,3,3,3,3,3,3,3,3,3,3,3,3,3,3,3,3,3,3,3,3,3,3,3,3,3,3,3,3,3,3,3,3,3,3,3,3,3,3,3,3,3,3,3,3,3,3,3,3,3,3,3,3,3,3,3,3,3,3,3,3,3,3,3,3,3,3,3,3,3,3,3,3,3,3,3,3,3,3,3,3,3,3,3,3,3,3,3,3,3,3,3,3,3,3,3,3,3,3,3,3,3,3,3,3,3,3,3,3,3,3,3,3,3
 </data>
  </layer>
- <objectgroup name="event" visible="0">
+ <objectgroup name="event">
   <object id="1" name="to The Breach (SW)" type="on_trigger" x="736" y="2528" width="64" height="32">
    <properties>
     <property name="hotspot" value="location"/>
@@ -908,6 +908,28 @@
     <property name="requires_status" value="emp_waypoint_5"/>
    </properties>
   </object>
+  <object id="25" type="on_trigger" x="2368" y="1344" width="32" height="32">
+   <properties>
+    <property name="hotspot" value="location"/>
+    <property name="loot" value="loot/level_6.txt"/>
+    <property name="loot_count" value="2"/>
+    <property name="mapmod" value="object,74,42,97"/>
+    <property name="repeat" value="false"/>
+    <property name="soundfx" value="soundfx/wood_open.ogg"/>
+    <property name="tooltip" value="Supplies"/>
+   </properties>
+  </object>
+  <object id="26" type="on_trigger" x="2368" y="3488" width="32" height="32">
+   <properties>
+    <property name="hotspot" value="location"/>
+    <property name="loot" value="loot/level_6.txt"/>
+    <property name="loot_count" value="2"/>
+    <property name="mapmod" value="object,74,109,99"/>
+    <property name="repeat" value="false"/>
+    <property name="soundfx" value="soundfx/wood_open.ogg"/>
+    <property name="tooltip" value="Supplies"/>
+   </properties>
+  </object>
  </objectgroup>
  <objectgroup name="enemy">
   <object id="8" type="snowplains" x="1312" y="2880" width="224" height="224">
@@ -916,5 +938,101 @@
     <property name="number" value="3"/>
    </properties>
   </object>
+  <object id="9" type="snowplains" x="2144" y="3360" width="448" height="224">
+   <properties>
+    <property name="level" value="6"/>
+    <property name="number" value="3,4"/>
+   </properties>
+  </object>
+  <object id="10" type="snowplains" x="2112" y="2720" width="224" height="224">
+   <properties>
+    <property name="level" value="6"/>
+    <property name="number" value="3"/>
+   </properties>
+  </object>
+  <object id="11" type="snowplains" x="3232" y="2848" width="224" height="224">
+   <properties>
+    <property name="level" value="6"/>
+    <property name="number" value="3"/>
+   </properties>
+  </object>
+  <object id="12" type="snowplains" x="2880" y="2592" width="224" height="224">
+   <properties>
+    <property name="level" value="6"/>
+    <property name="number" value="3"/>
+   </properties>
+  </object>
+  <object id="13" type="snowplains" x="1760" y="2880" width="224" height="224">
+   <properties>
+    <property name="level" value="6"/>
+    <property name="number" value="3"/>
+   </properties>
+  </object>
+  <object id="14" type="snowplains" x="2432" y="2464" width="256" height="224">
+   <properties>
+    <property name="level" value="6"/>
+    <property name="number" value="3"/>
+   </properties>
+  </object>
+  <object id="15" type="snowplains" x="1152" y="2304" width="192" height="224">
+   <properties>
+    <property name="level" value="6"/>
+    <property name="number" value="3"/>
+   </properties>
+  </object>
+  <object id="16" type="snowplains" x="1472" y="2272" width="128" height="64">
+   <properties>
+    <property name="level" value="6"/>
+    <property name="number" value="2"/>
+   </properties>
+  </object>
+  <object id="17" type="snowplains" x="1856" y="1728" width="256" height="192">
+   <properties>
+    <property name="level" value="6"/>
+    <property name="number" value="3"/>
+   </properties>
+  </object>
+  <object id="18" type="snowplains" x="2336" y="1216" width="224" height="288">
+   <properties>
+    <property name="level" value="6"/>
+    <property name="number" value="3,4"/>
+   </properties>
+  </object>
+  <object id="19" type="snowplains" x="1536" y="1152" width="256" height="192">
+   <properties>
+    <property name="level" value="6"/>
+    <property name="number" value="3"/>
+   </properties>
+  </object>
+  <object id="20" type="snowplains" x="1440" y="1920" width="192" height="192">
+   <properties>
+    <property name="level" value="6"/>
+    <property name="number" value="3"/>
+   </properties>
+  </object>
+  <object id="21" type="snowplains" x="1152" y="1344" width="192" height="192">
+   <properties>
+    <property name="level" value="6"/>
+    <property name="number" value="3"/>
+   </properties>
+  </object>
+  <object id="22" type="snowplains" x="1184" y="1696" width="192" height="192">
+   <properties>
+    <property name="level" value="6"/>
+    <property name="number" value="3"/>
+   </properties>
+  </object>
+  <object id="23" type="snowplains" x="2816" y="1504" width="192" height="192">
+   <properties>
+    <property name="level" value="6"/>
+    <property name="number" value="3"/>
+   </properties>
+  </object>
+  <object id="24" type="snowplains" x="3200" y="1216" width="192" height="192">
+   <properties>
+    <property name="level" value="6"/>
+    <property name="number" value="3"/>
+   </properties>
+  </object>
  </objectgroup>
 </map>
