diff --git a/mods/empyrean_campaign/maps/lake_kuuma.txt b/mods/empyrean_campaign/maps/lake_kuuma.txt
index 38f685943e50928aea5d73cb21b0df6945ee4f0f..26637017e80e4ead64047a28b64e9a838ac68b34 100644
--- a/mods/empyrean_campaign/maps/lake_kuuma.txt
+++ b/mods/empyrean_campaign/maps/lake_kuuma.txt
@@ -805,7 +805,7 @@ data=
 3,3,3,3,3,3,3,3,3,3,3,3,3,3,3,3,3,3,3,3,3,3,3,3,3,3,3,3,3,3,3,3,3,3,3,3,3,1,1,1,1,1,3,3,3,3,1,1,0,0,0,0,1,3,3,3,3,3,3,3,3,3,3,1,0,0,0,0,0,0,0,0,0,0,1,0,0,0,0,0,0,0,0,0,0,0,0,0,0,0,0,0,0,0,0,0,0,0,0,0,0,0,0,0,0,0,0,0,0,0,1,1,3,3,3,3,3,3,3,3,3,3,3,3,3,3,3,3,3,3,3,3,
 3,3,3,3,3,3,3,3,3,3,3,3,3,3,3,3,3,3,3,3,3,3,3,3,3,3,3,3,3,3,3,3,3,3,3,3,3,3,3,3,3,3,3,3,3,3,3,1,0,0,0,0,1,3,3,3,3,3,3,3,3,3,3,1,1,0,0,0,0,0,0,0,0,0,0,0,0,0,0,0,0,0,0,0,0,0,0,0,0,0,0,0,0,0,0,0,0,0,0,0,0,0,0,0,0,0,0,0,0,0,1,1,3,3,3,3,3,3,3,3,3,3,3,3,3,3,3,3,3,3,3,3,
 3,3,3,3,3,3,3,3,3,3,3,3,3,3,3,3,3,3,3,3,3,3,3,3,3,3,3,3,3,3,3,3,3,3,3,3,3,3,3,3,3,3,3,3,3,3,3,1,0,0,0,0,1,3,3,3,3,3,3,3,3,3,3,3,1,1,1,1,0,0,0,0,0,0,0,0,0,0,0,0,0,0,0,0,0,0,0,0,0,0,0,0,0,0,0,0,0,0,0,0,0,0,0,0,0,0,0,0,0,0,1,3,3,3,3,3,3,3,3,3,3,3,3,3,3,3,3,3,3,3,3,3,
-3,3,3,3,3,3,3,3,3,3,3,3,3,3,3,3,3,3,3,3,3,3,3,3,3,3,3,3,3,3,3,3,3,3,3,3,3,3,3,3,3,3,3,3,3,3,3,1,0,0,0,0,1,1,3,3,3,3,3,3,3,3,3,3,3,3,1,1,1,1,1,0,0,0,0,0,0,0,0,0,0,0,0,0,0,0,0,0,0,0,0,0,0,0,0,0,0,0,0,0,0,0,0,0,0,0,0,0,1,1,1,3,3,3,3,3,3,3,3,3,3,3,3,3,3,3,3,3,3,3,3,3,
+3,3,3,3,3,3,3,3,3,3,3,3,3,3,3,3,3,3,3,3,3,3,3,3,3,3,3,3,3,3,3,3,3,3,3,3,3,3,3,3,3,3,3,3,3,3,3,1,4,4,4,4,1,1,3,3,3,3,3,3,3,3,3,3,3,3,1,1,1,1,1,0,0,0,0,0,0,0,0,0,0,0,0,0,0,0,0,0,0,0,0,0,0,0,0,0,0,0,0,0,0,0,0,0,0,0,0,0,1,1,1,3,3,3,3,3,3,3,3,3,3,3,3,3,3,3,3,3,3,3,3,3,
 3,3,3,3,3,3,3,3,3,3,3,3,3,3,3,3,3,3,3,3,3,3,3,3,3,3,3,3,3,3,3,3,3,3,3,3,3,3,3,3,3,3,3,3,3,3,3,1,1,0,0,0,0,1,1,3,3,3,3,3,3,3,3,3,3,3,3,3,3,3,1,0,0,0,0,0,0,0,0,0,0,0,0,0,1,0,0,0,0,0,0,0,0,0,0,0,0,0,0,0,0,0,0,0,0,0,0,0,1,3,3,3,3,3,3,3,3,3,3,3,3,3,3,3,3,3,3,3,3,3,3,3,
 3,3,3,3,3,3,3,3,3,3,3,3,3,3,3,3,3,3,3,3,3,3,3,3,3,3,3,3,3,3,3,3,3,3,3,3,3,3,3,3,3,3,3,3,3,3,3,1,4,0,0,0,0,0,1,1,3,3,3,3,3,3,3,3,3,3,3,3,3,3,1,1,0,0,0,0,0,0,0,0,0,0,0,0,0,0,0,0,0,0,0,0,0,1,0,0,0,0,0,0,0,0,0,0,0,0,0,0,1,3,3,3,3,3,3,3,3,3,3,3,3,3,3,3,3,3,3,3,3,3,3,3,
 3,3,3,3,3,3,3,3,3,3,3,3,3,3,3,3,3,3,3,3,3,3,3,3,3,3,3,3,3,3,3,3,3,3,3,3,3,3,3,3,3,3,3,3,3,3,3,1,0,0,0,0,0,0,0,1,1,3,3,3,3,3,3,3,3,3,3,3,3,3,3,1,1,0,0,0,0,0,0,0,0,0,0,0,0,0,0,0,0,0,0,0,0,4,0,0,0,0,0,0,0,0,0,0,0,0,0,1,1,3,3,3,3,3,3,3,3,3,3,3,3,3,3,3,3,3,3,3,3,3,3,3,
@@ -1002,3 +1002,7 @@ location=100,58,8,13
 level=5
 number=2,3
 
+[npc]
+type=npcs/abasi.txt
+location=22,62,1,1
+
diff --git a/mods/empyrean_campaign/npcs/abasi.txt b/mods/empyrean_campaign/npcs/abasi.txt
new file mode 100644
index 0000000000000000000000000000000000000000..dc7cc779f15474a418626102107a41d5a7170867
--- /dev/null
+++ b/mods/empyrean_campaign/npcs/abasi.txt
@@ -0,0 +1,19 @@
+name=Abasi, Trader
+
+portrait=images/portraits/male04.png
+
+# animation info
+gfx=animations/npcs/wandering_trader2.txt
+
+# shop info
+vendor=true
+constant_stock=2,2,2,2,2,2,2,2,2,2,3,3,3,3,3,3,3,3,3,3,96,97,98,99,100,101,102,103,104,105,106,107,108,109,110,111,112,113,114,115,116,117,118,119,120,121,122,123,124,125,126,127,128,129,130,131
+
+# voiceover files
+vox_intro=soundfx/npcs/male_merchant_01.ogg
+vox_intro=soundfx/npcs/male_merchant_02.ogg
+vox_intro=soundfx/npcs/male_merchant_03.ogg
+vox_intro=soundfx/npcs/male_merchant_04.ogg
+
+#talker=true
+
diff --git a/tiled/empyrean_campaign/lake_kuuma.tmx b/tiled/empyrean_campaign/lake_kuuma.tmx
index 4fff08243c5a9a63f18331d908d079635db8e7e0..5067ae1be2390a217911f0c563e2b21848e0ed54 100644
--- a/tiled/empyrean_campaign/lake_kuuma.tmx
+++ b/tiled/empyrean_campaign/lake_kuuma.tmx
@@ -1,5 +1,5 @@
 <?xml version="1.0" encoding="UTF-8"?>
-<map version="1.0" orientation="isometric" renderorder="right-down" width="132" height="132" tilewidth="64" tileheight="32" backgroundcolor="#000000" nextobjectid="31">
+<map version="1.0" orientation="isometric" renderorder="right-down" width="132" height="132" tilewidth="64" tileheight="32" backgroundcolor="#000000" nextobjectid="32">
  <properties>
   <property name="music" value="overworld_theme.ogg"/>
   <property name="tileset" value="tilesetdefs/tileset_snowplains.txt"/>
@@ -824,7 +824,7 @@
 3,3,3,3,3,3,3,3,3,3,3,3,3,3,3,3,3,3,3,3,3,3,3,3,3,3,3,3,3,3,3,3,3,3,3,3,3,1,1,1,1,1,3,3,3,3,1,1,0,0,0,0,1,3,3,3,3,3,3,3,3,3,3,1,0,0,0,0,0,0,0,0,0,0,1,0,0,0,0,0,0,0,0,0,0,0,0,0,0,0,0,0,0,0,0,0,0,0,0,0,0,0,0,0,0,0,0,0,0,0,1,1,3,3,3,3,3,3,3,3,3,3,3,3,3,3,3,3,3,3,3,3,
 3,3,3,3,3,3,3,3,3,3,3,3,3,3,3,3,3,3,3,3,3,3,3,3,3,3,3,3,3,3,3,3,3,3,3,3,3,3,3,3,3,3,3,3,3,3,3,1,0,0,0,0,1,3,3,3,3,3,3,3,3,3,3,1,1,0,0,0,0,0,0,0,0,0,0,0,0,0,0,0,0,0,0,0,0,0,0,0,0,0,0,0,0,0,0,0,0,0,0,0,0,0,0,0,0,0,0,0,0,0,1,1,3,3,3,3,3,3,3,3,3,3,3,3,3,3,3,3,3,3,3,3,
 3,3,3,3,3,3,3,3,3,3,3,3,3,3,3,3,3,3,3,3,3,3,3,3,3,3,3,3,3,3,3,3,3,3,3,3,3,3,3,3,3,3,3,3,3,3,3,1,0,0,0,0,1,3,3,3,3,3,3,3,3,3,3,3,1,1,1,1,0,0,0,0,0,0,0,0,0,0,0,0,0,0,0,0,0,0,0,0,0,0,0,0,0,0,0,0,0,0,0,0,0,0,0,0,0,0,0,0,0,0,1,3,3,3,3,3,3,3,3,3,3,3,3,3,3,3,3,3,3,3,3,3,
-3,3,3,3,3,3,3,3,3,3,3,3,3,3,3,3,3,3,3,3,3,3,3,3,3,3,3,3,3,3,3,3,3,3,3,3,3,3,3,3,3,3,3,3,3,3,3,1,0,0,0,0,1,1,3,3,3,3,3,3,3,3,3,3,3,3,1,1,1,1,1,0,0,0,0,0,0,0,0,0,0,0,0,0,0,0,0,0,0,0,0,0,0,0,0,0,0,0,0,0,0,0,0,0,0,0,0,0,1,1,1,3,3,3,3,3,3,3,3,3,3,3,3,3,3,3,3,3,3,3,3,3,
+3,3,3,3,3,3,3,3,3,3,3,3,3,3,3,3,3,3,3,3,3,3,3,3,3,3,3,3,3,3,3,3,3,3,3,3,3,3,3,3,3,3,3,3,3,3,3,1,4,4,4,4,1,1,3,3,3,3,3,3,3,3,3,3,3,3,1,1,1,1,1,0,0,0,0,0,0,0,0,0,0,0,0,0,0,0,0,0,0,0,0,0,0,0,0,0,0,0,0,0,0,0,0,0,0,0,0,0,1,1,1,3,3,3,3,3,3,3,3,3,3,3,3,3,3,3,3,3,3,3,3,3,
 3,3,3,3,3,3,3,3,3,3,3,3,3,3,3,3,3,3,3,3,3,3,3,3,3,3,3,3,3,3,3,3,3,3,3,3,3,3,3,3,3,3,3,3,3,3,3,1,1,0,0,0,0,1,1,3,3,3,3,3,3,3,3,3,3,3,3,3,3,3,1,0,0,0,0,0,0,0,0,0,0,0,0,0,1,0,0,0,0,0,0,0,0,0,0,0,0,0,0,0,0,0,0,0,0,0,0,0,1,3,3,3,3,3,3,3,3,3,3,3,3,3,3,3,3,3,3,3,3,3,3,3,
 3,3,3,3,3,3,3,3,3,3,3,3,3,3,3,3,3,3,3,3,3,3,3,3,3,3,3,3,3,3,3,3,3,3,3,3,3,3,3,3,3,3,3,3,3,3,3,1,4,0,0,0,0,0,1,1,3,3,3,3,3,3,3,3,3,3,3,3,3,3,1,1,0,0,0,0,0,0,0,0,0,0,0,0,0,0,0,0,0,0,0,0,0,1,0,0,0,0,0,0,0,0,0,0,0,0,0,0,1,3,3,3,3,3,3,3,3,3,3,3,3,3,3,3,3,3,3,3,3,3,3,3,
 3,3,3,3,3,3,3,3,3,3,3,3,3,3,3,3,3,3,3,3,3,3,3,3,3,3,3,3,3,3,3,3,3,3,3,3,3,3,3,3,3,3,3,3,3,3,3,1,0,0,0,0,0,0,0,1,1,3,3,3,3,3,3,3,3,3,3,3,3,3,3,1,1,0,0,0,0,0,0,0,0,0,0,0,0,0,0,0,0,0,0,0,0,4,0,0,0,0,0,0,0,0,0,0,0,0,0,1,1,3,3,3,3,3,3,3,3,3,3,3,3,3,3,3,3,3,3,3,3,3,3,3,
@@ -1023,4 +1023,7 @@
    </properties>
   </object>
  </objectgroup>
+ <objectgroup name="npc">
+  <object id="31" type="npcs/abasi.txt" x="704" y="1984" width="32" height="32"/>
+ </objectgroup>
 </map>
