diff --git a/mods/empyrean_campaign/maps/arrival.txt b/mods/empyrean_campaign/maps/arrival.txt
index 23f7efb058e2593f9426988236b18ee2685b873f..b4659eefdcdf07b8d19f22671241d4bd44cd21f0 100644
--- a/mods/empyrean_campaign/maps/arrival.txt
+++ b/mods/empyrean_campaign/maps/arrival.txt
@@ -126,7 +126,7 @@ data=
 3,3,3,3,1,0,0,0,0,1,1,1,0,3,0,2,2,2,2,2,2,2,2,2,2,2,0,0,0,3,1,1,1,1,1,0,0,1,3,3,
 3,3,3,3,1,1,0,0,0,1,1,1,0,0,0,2,3,2,0,0,2,2,2,2,2,2,2,0,0,3,0,1,1,1,1,0,0,1,1,3,
 3,3,3,3,3,1,0,0,0,0,0,4,0,0,0,0,0,0,0,0,0,3,2,2,2,2,2,0,0,0,0,1,1,1,1,0,0,0,1,3,
-3,3,3,3,3,1,0,0,0,0,0,0,0,0,0,0,0,0,0,4,0,0,0,3,2,2,2,0,0,0,0,1,1,1,1,0,0,0,1,3,
+3,3,3,3,3,1,0,0,0,0,0,0,0,0,0,0,0,0,0,2,0,0,0,3,2,2,2,0,0,0,0,1,1,1,1,0,0,0,1,3,
 3,3,3,3,1,1,0,3,0,0,0,0,0,0,0,0,0,0,0,0,0,0,0,0,2,2,2,0,0,1,1,1,1,1,1,0,0,1,1,3,
 3,3,3,3,1,0,0,0,0,0,0,0,0,0,2,2,2,0,0,0,0,0,0,0,2,2,2,0,0,1,1,1,1,1,1,0,0,1,3,3,
 3,3,3,3,1,0,3,0,0,0,0,0,0,0,2,2,2,0,0,0,0,0,0,0,2,2,0,0,0,1,1,1,1,1,3,0,0,1,3,3,
diff --git a/mods/empyrean_campaign/maps/goblin_camp.txt b/mods/empyrean_campaign/maps/goblin_camp.txt
index 524178115c53065ed8e6436dfb1928089cf47437..b13f7fa0bea779805050d047e1cf4e43475e0cc7 100644
--- a/mods/empyrean_campaign/maps/goblin_camp.txt
+++ b/mods/empyrean_campaign/maps/goblin_camp.txt
@@ -16,6 +16,7 @@ tileset=../../../tiled/grassland/grassland_structures.png,64,256,0,0
 tileset=../../../tiled/grassland/grassland_trees.png,128,256,-32,0
 tileset=../../../tiled/grassland/set_rules.png,64,32,0,0
 tileset=../../../tiled/grassland/tiled_grassland_2x2.png,128,64,0,16
+tileset=../../../tiled/dungeon/tiled_collision.png,64,32,0,0
 
 [layer]
 type=background
@@ -183,7 +184,7 @@ data=
 3,3,3,3,3,3,3,3,1,1,1,1,1,2,2,2,1,1,3,3,3,3,3,1,1,0,0,0,2,2,2,2,2,2,2,2,0,2,2,2,2,2,2,2,2,2,1,0,0,0,0,0,0,0,0,1,1,3,3,3,
 3,3,3,3,3,3,3,3,3,3,3,3,3,1,1,2,2,1,1,1,3,3,1,1,0,0,0,0,2,2,2,2,2,2,2,2,0,2,2,2,2,2,2,2,2,2,1,0,0,0,0,0,0,0,0,0,1,3,3,3,
 3,3,3,3,3,3,3,3,3,3,3,3,3,1,2,2,2,2,2,1,1,1,1,0,0,0,0,0,2,2,2,2,2,2,2,2,0,0,0,0,0,0,0,0,0,0,0,0,0,0,0,0,0,0,1,0,1,1,3,3,
-3,3,3,3,3,3,3,3,3,3,3,3,3,1,2,2,2,2,2,0,2,0,0,0,0,0,0,0,0,2,2,2,2,2,2,2,0,0,0,0,0,0,0,0,0,0,0,0,0,0,0,0,0,0,0,0,0,1,3,3,
+3,3,3,3,3,3,3,3,3,3,3,3,3,1,2,2,2,2,2,0,2,297,0,0,0,0,0,0,0,2,2,2,2,2,2,2,0,0,0,0,0,0,0,0,0,0,0,0,0,0,0,0,0,0,0,0,0,1,3,3,
 3,3,3,3,3,3,3,3,3,3,3,3,3,1,1,2,2,2,2,0,0,0,0,0,0,0,0,0,1,2,2,2,2,2,2,2,0,2,2,2,2,2,2,2,2,2,0,0,0,0,0,2,0,0,0,0,0,1,1,3,
 3,3,3,3,3,3,3,3,3,3,3,3,3,3,1,2,2,2,2,2,0,0,0,0,0,0,0,0,1,2,2,2,2,2,2,0,0,0,0,2,2,2,2,2,2,2,1,0,0,0,0,0,0,0,2,2,0,0,1,1,
 3,3,3,3,3,3,3,3,3,3,3,3,3,3,1,2,2,2,2,2,2,0,2,2,2,2,0,2,2,2,2,2,0,1,0,0,0,0,0,0,2,2,2,2,2,2,2,2,0,0,0,0,0,0,0,2,0,0,0,1,
diff --git a/mods/empyrean_campaign/maps/lake_kuuma.txt b/mods/empyrean_campaign/maps/lake_kuuma.txt
index ab1183ad858e12fc1284cd1092efad75525b2117..48547b16acfa668d5feac2b1654b7a3e325a0ed6 100644
--- a/mods/empyrean_campaign/maps/lake_kuuma.txt
+++ b/mods/empyrean_campaign/maps/lake_kuuma.txt
@@ -781,7 +781,7 @@ data=
 3,3,3,3,3,3,3,3,3,3,3,3,3,3,3,3,3,3,3,3,1,1,4,0,0,0,0,0,0,0,0,0,0,0,0,0,0,0,0,0,1,1,1,1,1,2,2,2,2,2,2,2,2,2,2,2,2,2,2,2,2,2,2,2,2,2,2,2,2,2,0,4,1,1,1,4,4,0,0,0,0,2,2,2,2,2,2,2,2,2,2,2,2,2,2,2,2,2,2,2,2,0,0,0,0,0,0,0,0,0,0,1,3,3,3,3,3,3,3,3,3,3,3,3,3,3,3,3,3,3,3,3,
 3,3,3,3,3,3,3,3,3,3,3,3,3,3,3,3,3,3,3,3,1,0,1,0,0,0,0,0,0,0,0,0,0,0,0,0,0,0,0,0,0,0,1,4,3,4,4,0,4,4,2,2,2,2,2,2,2,2,2,2,2,2,2,2,2,0,0,0,0,0,0,0,0,0,0,0,0,0,0,0,0,0,2,2,2,2,2,2,2,2,2,2,4,4,4,1,2,2,2,2,2,0,0,0,0,0,0,0,0,0,0,1,3,3,3,3,3,3,3,3,3,3,3,3,3,3,3,3,3,3,3,3,
 3,3,3,3,3,3,3,3,3,3,3,3,3,3,3,3,3,3,3,3,1,4,0,0,0,0,0,0,0,0,0,0,0,0,0,0,0,0,0,0,0,0,0,0,0,0,0,0,0,0,0,2,2,2,2,2,2,2,2,2,2,2,2,2,2,2,2,2,2,2,0,0,0,0,0,0,0,0,0,0,0,0,1,2,2,2,2,2,2,0,4,0,0,0,0,0,0,2,2,2,2,0,0,0,0,0,0,0,0,0,0,1,3,3,3,3,3,3,3,3,3,3,3,3,3,3,3,3,3,3,3,3,
-3,3,3,3,3,3,3,3,3,3,3,3,3,3,3,3,3,3,3,3,1,4,0,0,0,0,0,0,0,0,0,0,0,0,0,0,0,0,0,0,0,0,0,0,0,0,0,0,0,0,0,0,2,2,2,2,2,2,2,2,2,2,2,2,2,2,2,2,2,2,0,0,4,0,0,0,0,0,0,0,0,0,0,2,2,2,2,2,0,0,1,0,0,0,0,0,0,0,0,0,0,1,0,0,0,0,0,0,0,0,0,1,3,3,3,3,3,3,3,3,3,3,3,3,3,3,3,3,3,3,3,3,
+3,3,3,3,3,3,3,3,3,3,3,3,3,3,3,3,3,3,3,3,1,4,0,0,0,0,0,0,0,0,0,0,0,0,0,0,0,0,0,0,0,0,0,0,0,0,0,0,0,0,0,0,2,2,2,2,2,2,2,2,2,2,2,2,2,2,2,2,2,2,0,0,2,0,0,0,0,0,0,0,0,0,0,2,2,2,2,2,0,0,1,0,0,0,0,0,0,0,0,0,0,1,0,0,0,0,0,0,0,0,0,1,3,3,3,3,3,3,3,3,3,3,3,3,3,3,3,3,3,3,3,3,
 3,3,3,3,3,3,3,3,3,3,3,3,3,3,3,3,3,3,3,3,1,0,0,0,0,0,0,0,0,0,0,0,4,0,0,0,0,0,0,0,0,0,0,0,0,0,0,0,0,0,0,0,0,0,2,2,2,2,2,2,2,2,2,2,2,2,2,2,2,2,2,4,0,0,0,0,0,0,0,0,0,0,0,0,0,0,0,0,0,0,0,0,0,0,0,0,0,0,0,0,0,0,0,0,0,0,0,0,0,0,0,1,3,3,3,3,3,3,3,3,3,3,3,3,3,3,3,3,3,3,3,3,
 3,3,3,3,3,3,3,3,3,3,3,3,3,3,3,3,3,3,3,3,1,4,0,0,0,0,0,0,0,0,0,0,1,4,0,0,0,0,0,0,0,0,0,0,0,0,0,0,0,0,0,0,0,0,1,2,2,2,2,2,2,2,2,2,2,2,2,2,2,2,2,0,0,0,0,4,0,0,0,0,0,0,0,0,0,0,0,0,0,0,0,4,0,0,0,0,0,0,0,0,0,0,0,0,0,0,0,0,0,0,0,1,3,3,3,3,3,3,3,3,3,3,3,3,3,3,3,3,3,3,3,3,
 3,3,3,3,3,3,3,3,3,3,3,3,3,3,3,3,3,3,3,3,1,4,0,0,0,0,0,0,1,1,1,1,1,1,0,0,0,0,0,0,0,0,0,0,3,4,0,0,0,0,0,0,0,0,0,0,0,2,2,2,2,2,2,2,2,2,2,2,2,2,2,2,0,4,0,0,0,0,0,0,1,0,0,2,2,2,2,2,0,0,0,0,0,0,0,4,0,0,0,0,0,0,0,0,0,0,0,0,0,0,0,1,3,3,3,3,3,3,3,3,3,3,3,3,3,3,3,3,3,3,3,3,
diff --git a/mods/empyrean_campaign/maps/st_maria_2.txt b/mods/empyrean_campaign/maps/st_maria_2.txt
index 07c1d23f8fe576fd5a57750ae68bf65f3a4fe55e..87a91efcef4dbbde37dafacff24c2732f7828adb 100644
--- a/mods/empyrean_campaign/maps/st_maria_2.txt
+++ b/mods/empyrean_campaign/maps/st_maria_2.txt
@@ -191,7 +191,7 @@ data=
 3,3,1,0,0,0,0,0,0,0,0,1,3,3,3,3,3,3,1,1,1,1,1,1,1,0,0,0,0,0,0,1,1,1,1,0,0,0,0,0,0,1,1,1,1,1,1,1,3,3,1,0,0,0,0,1,3,3,3,3,3,3,1,0,0,0,0,1,3,3,
 3,3,1,0,0,0,0,1,1,1,1,1,3,3,3,3,3,3,1,4,0,0,0,1,1,0,0,0,0,0,0,1,3,3,1,0,0,0,0,0,0,1,1,0,0,0,0,1,3,3,1,4,4,4,0,1,3,3,3,3,3,3,1,4,0,0,4,1,3,3,
 3,3,1,0,0,0,0,1,3,3,3,3,3,3,3,3,3,3,1,4,0,0,0,1,1,0,0,0,0,0,0,1,3,3,1,0,0,0,0,0,0,1,1,0,0,0,0,1,3,3,1,0,0,0,0,1,3,3,3,3,3,3,1,3,0,0,3,1,3,3,
-3,3,1,0,0,0,0,1,3,3,3,3,3,3,3,3,3,3,1,0,4,0,0,1,1,0,0,0,0,0,0,1,3,3,1,0,0,0,0,0,0,1,1,0,0,0,0,1,3,3,1,0,0,0,0,1,3,3,3,3,3,3,1,0,0,0,4,1,3,3,
+3,3,1,0,0,0,0,1,3,3,3,3,3,3,3,3,3,3,1,0,2,0,0,1,1,0,0,0,0,0,0,1,3,3,1,0,0,0,0,0,0,1,1,0,0,0,0,1,3,3,1,0,0,0,0,1,3,3,3,3,3,3,1,0,0,0,4,1,3,3,
 3,3,1,0,1,1,0,1,3,3,3,3,3,3,3,3,3,3,1,0,0,0,0,1,1,0,0,0,0,0,0,1,3,3,1,0,0,0,0,0,0,0,0,0,0,0,0,1,3,3,1,0,0,0,0,1,3,3,3,3,3,3,1,0,0,0,0,1,3,3,
 3,3,1,0,1,1,0,1,3,3,3,3,3,3,3,3,3,3,1,0,0,0,0,1,1,0,0,0,0,0,0,1,3,3,1,0,0,0,0,0,0,1,1,0,0,0,0,1,3,3,1,0,4,4,4,1,3,3,3,3,3,3,1,0,0,0,0,1,3,3,
 3,3,1,0,4,0,0,1,3,3,3,3,3,3,3,3,3,3,1,0,0,0,0,1,1,0,0,0,0,0,0,1,1,1,1,0,0,0,0,0,0,1,1,0,0,0,0,1,3,3,1,0,0,0,0,1,3,3,3,3,3,3,1,4,0,0,0,1,3,3,
diff --git a/tiled/empyrean_campaign/arrival.tmx b/tiled/empyrean_campaign/arrival.tmx
index d4e05dc802988d24a758da5c0e7aa128fd8ec6b6..53738a2c1a308d606162d08efb7d6d99d89d8ca8 100644
--- a/tiled/empyrean_campaign/arrival.tmx
+++ b/tiled/empyrean_campaign/arrival.tmx
@@ -137,7 +137,7 @@
 3,3,3,3,1,0,0,0,0,1,1,1,0,3,0,2,2,2,2,2,2,2,2,2,2,2,0,0,0,3,1,1,1,1,1,0,0,1,3,3,
 3,3,3,3,1,1,0,0,0,1,1,1,0,0,0,2,3,2,0,0,2,2,2,2,2,2,2,0,0,3,0,1,1,1,1,0,0,1,1,3,
 3,3,3,3,3,1,0,0,0,0,0,4,0,0,0,0,0,0,0,0,0,3,2,2,2,2,2,0,0,0,0,1,1,1,1,0,0,0,1,3,
-3,3,3,3,3,1,0,0,0,0,0,0,0,0,0,0,0,0,0,4,0,0,0,3,2,2,2,0,0,0,0,1,1,1,1,0,0,0,1,3,
+3,3,3,3,3,1,0,0,0,0,0,0,0,0,0,0,0,0,0,2,0,0,0,3,2,2,2,0,0,0,0,1,1,1,1,0,0,0,1,3,
 3,3,3,3,1,1,0,3,0,0,0,0,0,0,0,0,0,0,0,0,0,0,0,0,2,2,2,0,0,1,1,1,1,1,1,0,0,1,1,3,
 3,3,3,3,1,0,0,0,0,0,0,0,0,0,2,2,2,0,0,0,0,0,0,0,2,2,2,0,0,1,1,1,1,1,1,0,0,1,3,3,
 3,3,3,3,1,0,3,0,0,0,0,0,0,0,2,2,2,0,0,0,0,0,0,0,2,2,0,0,0,1,1,1,1,1,3,0,0,1,3,3,
diff --git a/tiled/empyrean_campaign/goblin_camp.tmx b/tiled/empyrean_campaign/goblin_camp.tmx
index 7723c866cccc1a48bac750ad3a093b1d817a28b6..e81f2bdece4252b35b53b8389fded3389dd04c57 100644
--- a/tiled/empyrean_campaign/goblin_camp.tmx
+++ b/tiled/empyrean_campaign/goblin_camp.tmx
@@ -29,6 +29,9 @@
   <tileoffset x="0" y="16"/>
   <image source="../grassland/tiled_grassland_2x2.png" width="512" height="512"/>
  </tileset>
+ <tileset firstgid="296" name="collision" tilewidth="64" tileheight="32" tilecount="15">
+  <image source="../dungeon/tiled_collision.png" width="960" height="32"/>
+ </tileset>
  <layer name="background" width="60" height="60">
   <data encoding="csv">
 0,0,0,0,0,0,0,0,0,0,0,0,0,0,0,0,0,0,0,0,0,0,0,0,0,0,0,0,0,0,0,0,0,0,0,0,0,0,0,0,0,0,0,0,0,0,0,0,0,0,0,0,0,0,0,0,0,0,0,0,
@@ -194,7 +197,7 @@
 3,3,3,3,3,3,3,3,1,1,1,1,1,2,2,2,1,1,3,3,3,3,3,1,1,0,0,0,2,2,2,2,2,2,2,2,0,2,2,2,2,2,2,2,2,2,1,0,0,0,0,0,0,0,0,1,1,3,3,3,
 3,3,3,3,3,3,3,3,3,3,3,3,3,1,1,2,2,1,1,1,3,3,1,1,0,0,0,0,2,2,2,2,2,2,2,2,0,2,2,2,2,2,2,2,2,2,1,0,0,0,0,0,0,0,0,0,1,3,3,3,
 3,3,3,3,3,3,3,3,3,3,3,3,3,1,2,2,2,2,2,1,1,1,1,0,0,0,0,0,2,2,2,2,2,2,2,2,0,0,0,0,0,0,0,0,0,0,0,0,0,0,0,0,0,0,1,0,1,1,3,3,
-3,3,3,3,3,3,3,3,3,3,3,3,3,1,2,2,2,2,2,0,2,0,0,0,0,0,0,0,0,2,2,2,2,2,2,2,0,0,0,0,0,0,0,0,0,0,0,0,0,0,0,0,0,0,0,0,0,1,3,3,
+3,3,3,3,3,3,3,3,3,3,3,3,3,1,2,2,2,2,2,0,2,297,0,0,0,0,0,0,0,2,2,2,2,2,2,2,0,0,0,0,0,0,0,0,0,0,0,0,0,0,0,0,0,0,0,0,0,1,3,3,
 3,3,3,3,3,3,3,3,3,3,3,3,3,1,1,2,2,2,2,0,0,0,0,0,0,0,0,0,1,2,2,2,2,2,2,2,0,2,2,2,2,2,2,2,2,2,0,0,0,0,0,2,0,0,0,0,0,1,1,3,
 3,3,3,3,3,3,3,3,3,3,3,3,3,3,1,2,2,2,2,2,0,0,0,0,0,0,0,0,1,2,2,2,2,2,2,0,0,0,0,2,2,2,2,2,2,2,1,0,0,0,0,0,0,0,2,2,0,0,1,1,
 3,3,3,3,3,3,3,3,3,3,3,3,3,3,1,2,2,2,2,2,2,0,2,2,2,2,0,2,2,2,2,2,0,1,0,0,0,0,0,0,2,2,2,2,2,2,2,2,0,0,0,0,0,0,0,2,0,0,0,1,
diff --git a/tiled/empyrean_campaign/lake_kuuma.tmx b/tiled/empyrean_campaign/lake_kuuma.tmx
index 83898e7caf92a9a6f9a1700701b61fa19accb2eb..31fea937c5c5d686989845034de084bcba16de87 100644
--- a/tiled/empyrean_campaign/lake_kuuma.tmx
+++ b/tiled/empyrean_campaign/lake_kuuma.tmx
@@ -800,7 +800,7 @@
 3,3,3,3,3,3,3,3,3,3,3,3,3,3,3,3,3,3,3,3,1,1,4,0,0,0,0,0,0,0,0,0,0,0,0,0,0,0,0,0,1,1,1,1,1,2,2,2,2,2,2,2,2,2,2,2,2,2,2,2,2,2,2,2,2,2,2,2,2,2,0,4,1,1,1,4,4,0,0,0,0,2,2,2,2,2,2,2,2,2,2,2,2,2,2,2,2,2,2,2,2,0,0,0,0,0,0,0,0,0,0,1,3,3,3,3,3,3,3,3,3,3,3,3,3,3,3,3,3,3,3,3,
 3,3,3,3,3,3,3,3,3,3,3,3,3,3,3,3,3,3,3,3,1,0,1,0,0,0,0,0,0,0,0,0,0,0,0,0,0,0,0,0,0,0,1,4,3,4,4,0,4,4,2,2,2,2,2,2,2,2,2,2,2,2,2,2,2,0,0,0,0,0,0,0,0,0,0,0,0,0,0,0,0,0,2,2,2,2,2,2,2,2,2,2,4,4,4,1,2,2,2,2,2,0,0,0,0,0,0,0,0,0,0,1,3,3,3,3,3,3,3,3,3,3,3,3,3,3,3,3,3,3,3,3,
 3,3,3,3,3,3,3,3,3,3,3,3,3,3,3,3,3,3,3,3,1,4,0,0,0,0,0,0,0,0,0,0,0,0,0,0,0,0,0,0,0,0,0,0,0,0,0,0,0,0,0,2,2,2,2,2,2,2,2,2,2,2,2,2,2,2,2,2,2,2,0,0,0,0,0,0,0,0,0,0,0,0,1,2,2,2,2,2,2,0,4,0,0,0,0,0,0,2,2,2,2,0,0,0,0,0,0,0,0,0,0,1,3,3,3,3,3,3,3,3,3,3,3,3,3,3,3,3,3,3,3,3,
-3,3,3,3,3,3,3,3,3,3,3,3,3,3,3,3,3,3,3,3,1,4,0,0,0,0,0,0,0,0,0,0,0,0,0,0,0,0,0,0,0,0,0,0,0,0,0,0,0,0,0,0,2,2,2,2,2,2,2,2,2,2,2,2,2,2,2,2,2,2,0,0,4,0,0,0,0,0,0,0,0,0,0,2,2,2,2,2,0,0,1,0,0,0,0,0,0,0,0,0,0,1,0,0,0,0,0,0,0,0,0,1,3,3,3,3,3,3,3,3,3,3,3,3,3,3,3,3,3,3,3,3,
+3,3,3,3,3,3,3,3,3,3,3,3,3,3,3,3,3,3,3,3,1,4,0,0,0,0,0,0,0,0,0,0,0,0,0,0,0,0,0,0,0,0,0,0,0,0,0,0,0,0,0,0,2,2,2,2,2,2,2,2,2,2,2,2,2,2,2,2,2,2,0,0,2,0,0,0,0,0,0,0,0,0,0,2,2,2,2,2,0,0,1,0,0,0,0,0,0,0,0,0,0,1,0,0,0,0,0,0,0,0,0,1,3,3,3,3,3,3,3,3,3,3,3,3,3,3,3,3,3,3,3,3,
 3,3,3,3,3,3,3,3,3,3,3,3,3,3,3,3,3,3,3,3,1,0,0,0,0,0,0,0,0,0,0,0,4,0,0,0,0,0,0,0,0,0,0,0,0,0,0,0,0,0,0,0,0,0,2,2,2,2,2,2,2,2,2,2,2,2,2,2,2,2,2,4,0,0,0,0,0,0,0,0,0,0,0,0,0,0,0,0,0,0,0,0,0,0,0,0,0,0,0,0,0,0,0,0,0,0,0,0,0,0,0,1,3,3,3,3,3,3,3,3,3,3,3,3,3,3,3,3,3,3,3,3,
 3,3,3,3,3,3,3,3,3,3,3,3,3,3,3,3,3,3,3,3,1,4,0,0,0,0,0,0,0,0,0,0,1,4,0,0,0,0,0,0,0,0,0,0,0,0,0,0,0,0,0,0,0,0,1,2,2,2,2,2,2,2,2,2,2,2,2,2,2,2,2,0,0,0,0,4,0,0,0,0,0,0,0,0,0,0,0,0,0,0,0,4,0,0,0,0,0,0,0,0,0,0,0,0,0,0,0,0,0,0,0,1,3,3,3,3,3,3,3,3,3,3,3,3,3,3,3,3,3,3,3,3,
 3,3,3,3,3,3,3,3,3,3,3,3,3,3,3,3,3,3,3,3,1,4,0,0,0,0,0,0,1,1,1,1,1,1,0,0,0,0,0,0,0,0,0,0,3,4,0,0,0,0,0,0,0,0,0,0,0,2,2,2,2,2,2,2,2,2,2,2,2,2,2,2,0,4,0,0,0,0,0,0,1,0,0,2,2,2,2,2,0,0,0,0,0,0,0,4,0,0,0,0,0,0,0,0,0,0,0,0,0,0,0,1,3,3,3,3,3,3,3,3,3,3,3,3,3,3,3,3,3,3,3,3,
diff --git a/tiled/empyrean_campaign/st_maria_2.tmx b/tiled/empyrean_campaign/st_maria_2.tmx
index d7e0fa53a32a0c1efdee5fdccfb2617bb69e9af7..b79b06118fb8eb7697883afe01b997cae871bfb3 100644
--- a/tiled/empyrean_campaign/st_maria_2.tmx
+++ b/tiled/empyrean_campaign/st_maria_2.tmx
@@ -203,7 +203,7 @@
 3,3,1,0,0,0,0,0,0,0,0,1,3,3,3,3,3,3,1,1,1,1,1,1,1,0,0,0,0,0,0,1,1,1,1,0,0,0,0,0,0,1,1,1,1,1,1,1,3,3,1,0,0,0,0,1,3,3,3,3,3,3,1,0,0,0,0,1,3,3,
 3,3,1,0,0,0,0,1,1,1,1,1,3,3,3,3,3,3,1,4,0,0,0,1,1,0,0,0,0,0,0,1,3,3,1,0,0,0,0,0,0,1,1,0,0,0,0,1,3,3,1,4,4,4,0,1,3,3,3,3,3,3,1,4,0,0,4,1,3,3,
 3,3,1,0,0,0,0,1,3,3,3,3,3,3,3,3,3,3,1,4,0,0,0,1,1,0,0,0,0,0,0,1,3,3,1,0,0,0,0,0,0,1,1,0,0,0,0,1,3,3,1,0,0,0,0,1,3,3,3,3,3,3,1,3,0,0,3,1,3,3,
-3,3,1,0,0,0,0,1,3,3,3,3,3,3,3,3,3,3,1,0,4,0,0,1,1,0,0,0,0,0,0,1,3,3,1,0,0,0,0,0,0,1,1,0,0,0,0,1,3,3,1,0,0,0,0,1,3,3,3,3,3,3,1,0,0,0,4,1,3,3,
+3,3,1,0,0,0,0,1,3,3,3,3,3,3,3,3,3,3,1,0,2,0,0,1,1,0,0,0,0,0,0,1,3,3,1,0,0,0,0,0,0,1,1,0,0,0,0,1,3,3,1,0,0,0,0,1,3,3,3,3,3,3,1,0,0,0,4,1,3,3,
 3,3,1,0,1,1,0,1,3,3,3,3,3,3,3,3,3,3,1,0,0,0,0,1,1,0,0,0,0,0,0,1,3,3,1,0,0,0,0,0,0,0,0,0,0,0,0,1,3,3,1,0,0,0,0,1,3,3,3,3,3,3,1,0,0,0,0,1,3,3,
 3,3,1,0,1,1,0,1,3,3,3,3,3,3,3,3,3,3,1,0,0,0,0,1,1,0,0,0,0,0,0,1,3,3,1,0,0,0,0,0,0,1,1,0,0,0,0,1,3,3,1,0,4,4,4,1,3,3,3,3,3,3,1,0,0,0,0,1,3,3,
 3,3,1,0,4,0,0,1,3,3,3,3,3,3,3,3,3,3,1,0,0,0,0,1,1,0,0,0,0,0,0,1,1,1,1,0,0,0,0,0,0,1,1,0,0,0,0,1,3,3,1,0,0,0,0,1,3,3,3,3,3,3,1,4,0,0,0,1,3,3,
