diff --git a/mods/empyrean_campaign/maps/iron_labyrinth/warp_room.txt b/mods/empyrean_campaign/maps/iron_labyrinth/warp_room.txt
index d97fe1daf2258c2d13db99c8d0576321c1d4df89..c79c56953007c69a3b159ed99417d0acea59b571 100644
--- a/mods/empyrean_campaign/maps/iron_labyrinth/warp_room.txt
+++ b/mods/empyrean_campaign/maps/iron_labyrinth/warp_room.txt
@@ -126,18 +126,18 @@ data=
 3,3,3,3,1,0,0,0,0,0,0,0,0,0,0,0,0,0,0,0,0,0,0,1,3,3,3,3,
 3,3,3,3,1,0,0,0,0,0,0,0,0,0,0,0,0,0,0,0,0,0,0,1,3,3,3,3,
 3,3,3,3,1,0,0,0,0,0,0,0,1,0,0,1,0,0,0,0,0,0,0,1,3,3,3,3,
-3,3,3,3,1,0,0,0,0,0,0,0,2,0,0,0,1,1,1,2,0,0,0,1,3,3,3,3,
-3,3,3,3,1,0,0,0,0,0,0,0,0,0,0,0,1,1,1,2,0,0,0,1,3,3,3,3,
-3,3,3,3,1,0,0,0,0,0,0,0,0,0,0,0,1,1,2,0,0,0,0,1,3,3,3,3,
-3,3,3,3,1,0,0,0,0,0,0,2,0,0,0,0,2,2,0,0,0,0,0,1,3,3,3,3,
+3,3,3,3,1,0,0,0,2,2,2,2,2,0,0,0,1,1,1,2,0,0,0,1,3,3,3,3,
+3,3,3,3,1,0,0,0,2,0,0,2,0,0,0,0,1,1,1,2,0,0,0,1,3,3,3,3,
+3,3,3,3,1,0,0,0,2,0,2,2,0,0,0,0,1,1,2,0,0,0,0,1,3,3,3,3,
+3,3,3,3,1,0,0,0,2,2,2,2,0,0,0,0,2,2,0,0,0,0,0,1,3,3,3,3,
 3,3,3,3,1,0,0,1,0,0,0,0,0,0,0,0,0,0,0,0,0,0,0,1,3,3,3,3,
 3,3,3,3,1,0,0,0,0,2,0,0,0,0,0,0,0,0,0,0,0,0,0,1,3,3,3,3,
 3,3,3,3,1,0,0,0,0,0,0,0,0,0,0,0,0,0,0,2,0,0,0,1,3,3,3,3,
 3,3,3,3,1,0,0,2,0,0,0,0,0,0,0,0,0,0,0,2,2,0,0,1,3,3,3,3,
-3,3,3,3,1,0,0,0,0,0,0,2,0,0,0,0,2,0,0,0,0,0,0,1,3,3,3,3,
-3,3,3,3,1,0,0,0,0,0,0,0,0,0,0,0,0,0,0,0,0,0,0,1,3,3,3,3,
-3,3,3,3,1,0,0,0,0,0,0,0,0,0,0,0,0,0,0,0,0,0,0,1,3,3,3,3,
-3,3,3,3,1,0,0,0,0,0,0,0,0,0,0,2,0,0,0,0,0,0,0,1,3,3,3,3,
+3,3,3,3,1,0,0,0,2,2,2,2,0,0,0,0,2,2,2,2,0,0,0,1,3,3,3,3,
+3,3,3,3,1,0,0,0,2,4,2,2,0,0,0,0,2,2,4,2,0,0,0,1,3,3,3,3,
+3,3,3,3,1,0,0,0,2,4,4,2,0,0,0,0,2,4,4,2,0,0,0,1,3,3,3,3,
+3,3,3,3,1,0,0,0,2,2,2,2,0,0,0,2,2,2,2,2,0,0,0,1,3,3,3,3,
 3,3,3,3,1,0,0,0,0,0,0,0,1,0,0,1,0,0,0,0,0,0,0,1,3,3,3,3,
 3,3,3,3,1,0,0,0,0,0,0,0,0,0,0,0,0,0,0,0,0,0,0,1,3,3,3,3,
 3,3,3,3,1,0,0,0,0,0,0,0,0,0,0,0,0,0,0,0,0,0,0,1,3,3,3,3,
diff --git a/mods/empyrean_campaign/settings.txt b/mods/empyrean_campaign/settings.txt
index 8b354381b2c9edf2ad8c06074e9a91120c350eea..75c9b5ad28eb05fd35a3e6b01b798534ff0309b0 100644
--- a/mods/empyrean_campaign/settings.txt
+++ b/mods/empyrean_campaign/settings.txt
@@ -1,5 +1,5 @@
 description=The new Flare 1.0 campaign
 requires=fantasycore:1.15
 game=flare-game
-version=1.15
+version=1.15.01
 engine_version_min=1.14.280
diff --git a/tiled/iron_labyrinth/warp_room.tmx b/tiled/iron_labyrinth/warp_room.tmx
index f3c47f4c60e6c1269d5bf0c592dae769b35d8506..3f71df638f4354f363c0db4a5c4e0c440313583b 100644
--- a/tiled/iron_labyrinth/warp_room.tmx
+++ b/tiled/iron_labyrinth/warp_room.tmx
@@ -1,5 +1,5 @@
 <?xml version="1.0" encoding="UTF-8"?>
-<map version="1.11" tiledversion="1.11.2" orientation="isometric" renderorder="right-down" width="28" height="28" tilewidth="192" tileheight="96" infinite="0" backgroundcolor="#000000" nextlayerid="39" nextobjectid="11">
+<map version="1.11" tiledversion="1.12.2" orientation="isometric" renderorder="right-down" width="28" height="28" tilewidth="192" tileheight="96" infinite="0" backgroundcolor="#000000" nextlayerid="39" nextobjectid="11">
  <editorsettings>
   <export target="../../mods/empyrean_campaign/maps/iron_labyrinth/warp_room.txt" format="flare"/>
  </editorsettings>
@@ -139,18 +139,18 @@
 3,3,3,3,1,0,0,0,0,0,0,0,0,0,0,0,0,0,0,0,0,0,0,1,3,3,3,3,
 3,3,3,3,1,0,0,0,0,0,0,0,0,0,0,0,0,0,0,0,0,0,0,1,3,3,3,3,
 3,3,3,3,1,0,0,0,0,0,0,0,1,0,0,1,0,0,0,0,0,0,0,1,3,3,3,3,
-3,3,3,3,1,0,0,0,0,0,0,0,2,0,0,0,1,1,1,2,0,0,0,1,3,3,3,3,
-3,3,3,3,1,0,0,0,0,0,0,0,0,0,0,0,1,1,1,2,0,0,0,1,3,3,3,3,
-3,3,3,3,1,0,0,0,0,0,0,0,0,0,0,0,1,1,2,0,0,0,0,1,3,3,3,3,
-3,3,3,3,1,0,0,0,0,0,0,2,0,0,0,0,2,2,0,0,0,0,0,1,3,3,3,3,
+3,3,3,3,1,0,0,0,2,2,2,2,2,0,0,0,1,1,1,2,0,0,0,1,3,3,3,3,
+3,3,3,3,1,0,0,0,2,0,0,2,0,0,0,0,1,1,1,2,0,0,0,1,3,3,3,3,
+3,3,3,3,1,0,0,0,2,0,2,2,0,0,0,0,1,1,2,0,0,0,0,1,3,3,3,3,
+3,3,3,3,1,0,0,0,2,2,2,2,0,0,0,0,2,2,0,0,0,0,0,1,3,3,3,3,
 3,3,3,3,1,0,0,1,0,0,0,0,0,0,0,0,0,0,0,0,0,0,0,1,3,3,3,3,
 3,3,3,3,1,0,0,0,0,2,0,0,0,0,0,0,0,0,0,0,0,0,0,1,3,3,3,3,
 3,3,3,3,1,0,0,0,0,0,0,0,0,0,0,0,0,0,0,2,0,0,0,1,3,3,3,3,
 3,3,3,3,1,0,0,2,0,0,0,0,0,0,0,0,0,0,0,2,2,0,0,1,3,3,3,3,
-3,3,3,3,1,0,0,0,0,0,0,2,0,0,0,0,2,0,0,0,0,0,0,1,3,3,3,3,
-3,3,3,3,1,0,0,0,0,0,0,0,0,0,0,0,0,0,0,0,0,0,0,1,3,3,3,3,
-3,3,3,3,1,0,0,0,0,0,0,0,0,0,0,0,0,0,0,0,0,0,0,1,3,3,3,3,
-3,3,3,3,1,0,0,0,0,0,0,0,0,0,0,2,0,0,0,0,0,0,0,1,3,3,3,3,
+3,3,3,3,1,0,0,0,2,2,2,2,0,0,0,0,2,2,2,2,0,0,0,1,3,3,3,3,
+3,3,3,3,1,0,0,0,2,4,2,2,0,0,0,0,2,2,4,2,0,0,0,1,3,3,3,3,
+3,3,3,3,1,0,0,0,2,4,4,2,0,0,0,0,2,4,4,2,0,0,0,1,3,3,3,3,
+3,3,3,3,1,0,0,0,2,2,2,2,0,0,0,2,2,2,2,2,0,0,0,1,3,3,3,3,
 3,3,3,3,1,0,0,0,0,0,0,0,1,0,0,1,0,0,0,0,0,0,0,1,3,3,3,3,
 3,3,3,3,1,0,0,0,0,0,0,0,0,0,0,0,0,0,0,0,0,0,0,1,3,3,3,3,
 3,3,3,3,1,0,0,0,0,0,0,0,0,0,0,0,0,0,0,0,0,0,0,1,3,3,3,3,
