diff --git a/mods/empyrean_campaign/enemies/lvl4_cid.txt b/mods/empyrean_campaign/enemies/lvl4_cid.txt
new file mode 100644
index 0000000000000000000000000000000000000000..1fdfd1ff6673e1c1925b6e934e1b7826b18115be
--- /dev/null
+++ b/mods/empyrean_campaign/enemies/lvl4_cid.txt
@@ -0,0 +1,39 @@
+INCLUDE enemies/base/skeleton_mage.txt
+
+name=Cid
+level=4
+categories=cid
+xp=32
+
+# combat stats
+hp=580
+speed=3.5
+turn_delay=200ms
+
+chance_pursue=15
+
+power=melee,164,5
+power=ranged,176,15
+
+accuracy=105
+avoidance=30
+poise=19
+
+absorb_min=3
+absorb_max=3
+
+dmg_melee_min=65
+dmg_melee_max=70
+dmg_ment_min=75
+dmg_ment_max=85
+
+cooldown=1000ms
+
+loot_count=3,4
+
+# st. maria key
+quest_loot=emp_stmaria2_init,emp_stmaria2_key,1005
+
+# loot
+loot=loot/level_4.txt
+
diff --git a/mods/empyrean_campaign/items/categories/quest.txt b/mods/empyrean_campaign/items/categories/quest.txt
index 874780ee5e3f743e6b955a40e2be698237049488..ba4445b367199441a0b7aaf7a8aba3471b8e6000 100644
--- a/mods/empyrean_campaign/items/categories/quest.txt
+++ b/mods/empyrean_campaign/items/categories/quest.txt
@@ -33,9 +33,17 @@ pickup_status=emp_ardwen_ring
 
 [item]
 id=1004
-name=St. Maria Key
+name=St. Maria Mausoleum Key
 INCLUDE items/base/misc/key.txt
 quality=unique
 item_type=quest
 pickup_status=emp_stmaria1_key
 
+[item]
+id=1005
+name=St. Maria Prison Key
+INCLUDE items/base/misc/key.txt
+quality=unique
+item_type=quest
+pickup_status=emp_stmaria2_key
+
diff --git a/mods/empyrean_campaign/maps/hyperspace.txt b/mods/empyrean_campaign/maps/hyperspace.txt
index 0f618f37b622252419f70bd1a0788eb204b0cb15..ecf2fa3a35bf555541c1a12d5e58f1e34af5c24d 100644
--- a/mods/empyrean_campaign/maps/hyperspace.txt
+++ b/mods/empyrean_campaign/maps/hyperspace.txt
@@ -179,6 +179,16 @@ soundfx=soundfx/environment/teleporter.ogg,0,0
 tooltip=Lochport Cemetery
 
 [event]
+# to St. Maria: Prison
+type=on_trigger
+location=29,9,2,2
+hotspot=location
+intermap=maps/st_maria_2.txt,44,24
+requires_status=emp_waypoint_3
+soundfx=soundfx/environment/teleporter.ogg,0,0
+tooltip=St. Maria: Prison
+
+[event]
 # Wind sound
 type=on_load
 location=0,0,1,1
@@ -198,3 +208,10 @@ location=22,5,1,1
 mapmod=background,22,8,265
 requires_status=emp_waypoint_2
 
+[event]
+# unlock St. Maria: Prison
+type=on_load
+location=29,7,1,1
+mapmod=background,29,10,265
+requires_status=emp_waypoint_3
+
diff --git a/mods/empyrean_campaign/maps/st_maria_1.txt b/mods/empyrean_campaign/maps/st_maria_1.txt
index c42955073359edc139eb80fe5e888eeaaa337abc..1d9f147a810d29e9504c6ebe4ec418528c44ca79 100644
--- a/mods/empyrean_campaign/maps/st_maria_1.txt
+++ b/mods/empyrean_campaign/maps/st_maria_1.txt
@@ -262,7 +262,7 @@ tooltip=Switch
 type=on_trigger
 location=37,15,4,4
 hotspot=location
-intermap=maps/st_maria_2.txt,0,0
+intermap=maps/st_maria_2.txt,33,7
 tooltip=St. Maria: Prison
 
 [event]
@@ -346,6 +346,7 @@ remove_item=1004
 requires_item=1004
 requires_not_status=emp_stmaria1_door
 set_status=emp_stmaria1_door
+soundfx=soundfx/door_open.ogg
 tooltip=Locked Door
 
 [event]
diff --git a/mods/empyrean_campaign/maps/st_maria_2.txt b/mods/empyrean_campaign/maps/st_maria_2.txt
new file mode 100644
index 0000000000000000000000000000000000000000..d2f87033f7f3440c509ab202fc6d944ff9aca882
--- /dev/null
+++ b/mods/empyrean_campaign/maps/st_maria_2.txt
@@ -0,0 +1,583 @@
+[header]
+width=70
+height=70
+tilewidth=64
+tileheight=32
+orientation=isometric
+music=music/dungeon_theme.ogg
+tileset=tilesetdefs/tileset_dungeon.txt
+title=St. Maria: Prison
+
+[tilesets]
+tileset=../../../tiled/dungeon/tiled_collision.png,64,32,0,0
+tileset=../../../tiled/dungeon/tiled_dungeon.png,64,128,0,0
+tileset=../../../tiled/dungeon/set_rules.png,64,32,0,0
+tileset=../../../tiled/dungeon/tiled_dungeon_2x2.png,128,64,0,16
+tileset=../../../tiled/dungeon/door_left.png,64,128,-16,-8
+tileset=../../../tiled/dungeon/door_right.png,64,128,16,-8
+tileset=../../../tiled/dungeon/stairs.png,256,256,0,48
+
+[layer]
+type=background
+data=
+0,0,0,0,0,0,38,37,38,44,36,0,0,0,47,43,42,45,44,17,44,46,36,0,0,0,46,47,39,45,36,47,38,42,41,43,41,39,47,0,0,0,0,0,0,0,0,0,0,0,0,0,0,0,0,0,0,0,0,0,0,0,0,0,0,0,0,0,0,0,
+0,0,0,0,0,0,38,39,47,38,42,0,0,0,41,51,51,51,51,51,51,51,51,0,0,0,37,37,36,41,41,36,46,45,36,39,40,45,36,0,0,0,0,0,0,0,0,0,0,0,0,0,0,0,0,0,0,0,0,0,0,0,0,0,0,0,0,0,0,0,
+0,0,0,0,0,0,45,37,17,16,47,37,39,38,46,16,51,51,51,51,51,51,51,0,0,0,45,40,37,41,35,32,32,35,34,34,47,43,47,0,0,0,0,0,0,0,0,0,0,0,0,0,0,0,0,0,0,0,0,0,0,0,0,0,0,0,0,0,0,0,
+0,0,0,0,0,0,46,45,39,17,39,36,41,37,42,37,47,0,0,0,0,51,51,0,0,0,40,36,37,36,34,40,37,42,42,32,39,47,38,0,0,0,0,0,0,0,0,0,0,0,0,0,0,0,0,0,0,0,0,0,0,0,0,0,0,0,0,0,0,0,
+0,0,0,0,0,0,46,43,37,36,46,39,37,44,38,39,46,0,0,0,0,51,51,0,0,0,37,39,40,47,32,43,44,45,39,34,37,44,43,0,0,0,0,0,0,0,0,0,0,0,0,0,0,0,0,0,0,0,0,0,0,0,0,0,0,0,0,0,0,0,
+0,0,0,0,0,0,46,43,39,36,40,45,43,39,43,38,37,0,0,0,0,51,51,0,0,0,38,47,41,46,35,38,45,46,42,33,18,37,42,0,0,0,0,0,0,0,0,0,0,0,0,0,0,0,0,0,0,0,0,0,0,0,0,0,0,0,0,0,0,0,
+0,0,0,0,0,0,46,44,19,39,36,42,46,40,43,38,40,287,0,0,0,51,51,0,0,0,37,44,44,16,32,39,33,34,36,34,38,39,36,0,0,0,0,0,0,0,0,0,0,0,38,47,38,37,38,45,43,36,41,36,44,42,43,43,47,39,45,0,0,0,
+0,0,0,0,0,0,18,38,37,38,37,0,0,0,47,47,51,51,51,51,51,51,51,0,0,0,36,36,36,37,32,32,34,34,32,34,38,46,45,0,0,0,0,0,0,0,0,0,0,0,38,36,45,17,16,40,37,46,44,45,39,44,42,17,45,39,41,0,0,0,
+0,0,0,0,0,0,37,19,38,46,46,0,0,0,38,51,51,51,51,51,51,51,51,0,0,0,43,47,43,42,46,36,33,34,36,45,45,41,36,0,0,0,0,0,0,0,0,0,0,0,38,39,42,18,19,17,36,39,37,39,43,39,36,17,37,45,47,0,0,0,
+0,0,0,0,0,0,46,45,39,36,41,0,0,0,0,0,0,0,0,0,0,0,0,0,0,0,0,0,0,0,46,42,35,35,44,0,0,0,0,0,0,0,0,0,0,0,0,0,0,0,44,44,43,17,36,45,39,36,47,44,45,19,47,17,39,17,42,0,0,0,
+0,0,0,0,0,0,40,42,40,18,36,0,0,0,0,0,0,0,0,0,0,0,0,0,0,0,0,0,0,0,38,47,32,33,41,0,0,0,0,0,0,0,0,0,0,0,0,0,0,0,36,40,17,17,41,36,43,38,45,39,45,43,40,43,36,44,43,0,0,0,
+0,0,0,0,0,0,36,47,43,47,45,0,0,0,0,0,0,0,0,0,0,0,0,0,0,0,0,0,0,0,44,39,34,32,43,0,0,0,0,0,0,0,0,0,0,0,0,0,0,0,44,42,44,37,43,0,0,0,0,0,0,0,38,38,42,41,44,0,0,0,
+0,0,0,0,0,0,39,46,39,43,39,0,0,0,0,0,0,0,37,44,42,43,43,0,38,38,38,39,38,45,45,47,33,33,39,18,43,38,43,45,36,0,40,47,42,46,41,0,0,0,39,37,39,43,46,0,0,0,0,0,0,0,42,44,46,36,40,0,0,0,
+0,0,0,0,0,0,43,39,42,45,43,0,0,0,0,0,0,0,44,44,40,44,38,0,39,39,37,36,37,19,18,19,36,39,16,19,17,45,47,45,40,0,44,18,38,36,41,0,0,0,45,43,39,16,39,0,0,0,0,0,0,0,47,45,17,38,38,0,0,0,
+0,0,0,0,0,0,46,39,17,43,42,0,0,0,0,0,0,0,18,46,39,36,44,0,43,44,46,38,37,16,37,18,47,38,30,42,19,44,36,46,44,0,47,36,42,47,39,0,0,0,44,43,44,46,45,0,0,0,0,0,0,0,39,43,16,39,39,0,0,0,
+0,0,0,0,0,0,43,38,46,45,45,0,0,0,0,0,0,0,17,40,39,37,37,0,42,47,37,19,16,32,32,32,32,32,32,32,32,16,39,41,38,0,45,36,37,39,40,0,0,0,42,44,39,39,42,0,0,0,0,0,0,0,44,38,45,39,36,0,0,0,
+0,0,41,38,45,40,42,18,38,39,47,0,0,0,0,0,0,0,17,41,43,36,36,40,45,42,38,37,18,33,30,23,23,23,23,31,33,18,46,45,16,47,41,44,18,39,47,0,0,0,18,37,47,37,45,0,0,0,0,0,0,0,45,42,45,44,44,0,0,0,
+0,0,43,51,51,51,51,38,45,42,36,0,0,0,0,0,0,0,36,36,46,46,45,0,37,36,43,16,36,32,22,48,50,50,50,20,33,45,16,38,42,0,45,36,47,43,45,0,0,0,43,45,46,46,43,0,0,0,0,0,0,0,39,38,36,37,40,0,0,0,
+0,0,16,51,39,41,18,38,41,43,37,0,0,0,0,0,0,0,39,44,36,44,40,0,38,45,39,17,44,33,22,49,0,0,0,20,34,41,36,43,47,0,39,39,42,47,42,0,0,0,17,18,36,41,47,0,0,0,0,0,0,0,39,37,45,39,44,0,0,0,
+0,0,38,51,36,44,17,36,38,46,36,0,0,0,0,0,0,0,0,0,0,0,0,0,36,41,44,47,45,32,22,49,0,0,0,20,32,47,46,38,36,0,0,0,0,0,0,0,0,0,40,36,42,47,36,0,0,0,0,0,0,0,45,38,38,47,39,0,0,0,
+0,0,47,51,19,36,45,44,40,46,41,0,0,0,0,0,0,0,45,46,43,44,46,0,43,37,42,45,16,35,29,21,21,21,21,28,34,17,43,44,40,0,42,45,47,42,45,0,0,0,44,45,47,43,36,0,0,0,0,0,0,0,47,44,42,39,42,0,0,0,
+0,0,39,40,45,42,37,0,0,0,0,0,0,0,0,0,0,0,40,39,40,37,42,0,46,19,47,46,39,34,43,45,0,0,41,46,34,37,43,38,45,0,47,0,0,45,42,0,0,0,39,36,37,38,47,0,0,0,0,0,0,0,39,36,45,38,44,0,0,0,
+0,0,44,44,36,18,47,0,0,0,0,0,0,0,0,0,0,0,43,42,43,37,43,0,39,46,46,45,42,34,38,18,0,0,40,42,34,44,38,39,43,0,39,264,0,39,46,0,0,0,47,16,46,43,45,0,0,0,0,0,0,0,46,44,36,43,38,0,0,0,
+0,0,44,47,44,36,42,0,0,0,0,0,0,0,0,0,0,0,41,45,40,44,39,0,38,47,38,37,38,34,19,41,0,0,18,43,33,17,39,45,43,0,44,40,43,41,44,0,0,0,36,47,40,38,42,0,0,0,0,0,0,0,42,46,39,44,42,0,0,0,
+0,0,38,38,36,44,43,0,0,0,0,0,0,0,0,0,0,0,45,36,39,37,39,39,39,36,45,19,37,33,39,37,0,0,17,19,35,43,38,42,41,39,36,37,45,42,42,0,0,0,36,37,37,46,40,0,0,0,0,0,0,0,45,41,43,36,41,0,0,0,
+0,0,40,38,47,44,43,0,0,0,0,0,0,0,0,0,0,0,36,41,38,43,43,0,46,40,43,44,16,33,40,19,0,0,42,16,32,40,47,41,41,0,37,47,43,42,40,0,0,0,39,45,46,38,37,0,0,0,0,0,0,0,44,39,45,39,39,0,0,0,
+0,0,43,43,39,39,45,0,0,0,0,0,0,0,0,0,0,0,44,43,45,39,38,0,44,47,44,43,42,34,46,17,17,46,18,44,34,36,37,44,44,0,40,45,43,44,36,0,0,0,42,47,16,44,42,0,0,0,0,0,0,0,44,41,43,38,44,0,0,0,
+0,0,46,45,45,46,38,0,0,0,0,0,0,0,0,0,0,0,0,0,44,42,0,0,44,40,46,45,46,35,44,43,45,44,17,45,32,39,45,41,42,0,0,0,0,0,0,0,0,0,44,39,36,46,47,0,0,0,0,0,0,0,38,40,44,46,43,0,0,0,
+0,0,37,38,46,36,47,44,45,46,37,47,38,46,41,0,0,0,40,42,41,47,36,0,39,43,39,37,43,34,47,45,36,37,17,38,34,39,17,46,41,0,47,46,46,44,39,0,0,0,41,39,47,43,46,0,0,0,0,0,0,0,41,42,43,37,43,0,0,0,
+0,0,47,51,18,17,36,16,39,37,43,42,43,38,46,0,0,0,46,39,44,44,46,0,37,39,45,36,39,34,38,37,38,46,45,43,35,36,46,44,42,0,45,40,42,38,44,0,0,0,43,42,37,46,46,0,0,0,0,0,0,0,47,45,16,46,43,0,0,0,
+0,0,18,51,36,43,41,45,47,19,45,18,44,36,44,0,0,0,38,37,36,42,43,0,36,39,17,39,37,32,39,36,17,46,45,19,33,36,17,43,42,0,36,37,42,37,37,18,39,45,44,18,19,43,47,0,0,0,0,0,0,0,37,18,37,37,41,0,0,0,
+0,0,43,51,39,44,37,46,37,42,44,37,47,39,36,0,0,0,45,37,39,45,42,0,44,47,38,18,43,33,39,44,40,41,44,45,35,16,38,47,38,0,38,37,45,44,47,36,37,43,45,36,45,44,40,0,0,0,0,0,0,0,18,43,18,36,43,0,0,0,
+0,0,46,51,51,51,51,47,42,46,37,44,45,45,37,0,0,0,36,45,41,45,41,38,45,45,42,36,18,35,41,45,0,0,44,38,34,16,18,41,41,42,42,41,36,37,40,43,47,16,38,41,17,37,42,0,0,0,0,0,0,0,38,39,45,46,46,0,0,0,
+0,0,0,0,0,0,0,0,0,0,37,44,46,40,47,0,0,0,41,36,46,37,44,0,37,36,36,36,47,35,17,17,0,0,46,41,33,19,43,45,40,0,41,47,47,39,39,40,39,39,16,43,47,44,37,0,0,0,0,0,0,0,38,43,37,47,44,0,0,0,
+0,0,0,0,0,0,0,0,0,0,39,42,47,36,41,0,0,0,40,47,37,38,43,0,47,44,39,17,16,32,43,47,0,0,38,37,33,37,16,47,41,0,46,45,46,40,40,37,46,38,41,18,38,37,42,0,0,0,0,0,0,0,47,43,46,17,41,0,0,0,
+0,0,0,0,0,0,0,0,0,0,39,47,46,42,40,0,0,0,0,0,0,0,0,0,38,43,45,44,38,35,19,39,0,0,47,38,35,46,39,47,46,0,0,40,37,0,0,0,0,0,0,0,0,0,0,0,0,0,0,0,0,0,36,40,19,44,41,0,0,0,
+0,0,0,0,0,0,0,0,0,0,36,16,36,46,46,0,0,0,40,41,37,43,43,0,37,39,47,19,47,33,46,41,0,0,40,37,33,42,37,44,37,0,43,44,41,44,45,0,0,0,0,0,0,0,0,0,0,0,0,0,0,0,37,37,36,38,39,0,0,0,
+0,0,0,0,0,0,0,0,0,0,39,40,39,43,38,0,0,0,39,39,47,40,41,0,42,36,43,19,39,33,30,23,23,23,23,31,32,46,16,38,40,0,45,41,42,45,37,0,0,0,0,0,0,0,0,0,0,0,0,0,0,0,47,45,45,41,43,0,0,0,
+0,0,0,0,0,0,0,0,0,0,42,43,38,36,40,0,0,0,45,43,44,42,44,0,18,17,39,38,16,33,22,48,50,50,50,20,34,44,46,39,37,0,37,38,37,39,44,0,0,0,43,43,37,44,36,46,38,38,42,42,47,37,42,43,37,43,46,0,0,0,
+0,0,0,0,0,0,0,0,0,0,38,43,36,46,38,0,0,0,44,19,17,45,38,0,44,40,45,46,42,33,22,49,0,0,0,20,32,40,37,41,36,0,44,39,47,40,45,0,0,0,37,42,44,47,37,38,41,43,47,43,39,46,37,44,45,44,46,0,0,0,
+0,0,0,0,0,0,0,0,0,0,37,46,16,43,37,0,0,0,45,47,37,46,38,0,19,46,47,45,17,35,22,49,0,0,0,20,35,39,46,40,46,0,39,36,39,36,40,0,0,0,37,41,36,18,19,16,16,37,17,43,45,40,38,42,37,17,46,0,0,0,
+0,0,0,0,0,0,0,0,0,0,42,37,39,47,43,0,0,0,19,45,38,37,41,38,44,38,39,37,45,34,29,21,21,21,21,28,34,43,37,45,39,43,41,47,43,42,45,0,0,0,45,38,18,38,36,19,36,36,18,44,37,38,37,38,16,37,43,0,0,0,
+0,0,0,0,0,0,0,0,0,0,43,16,19,17,45,0,0,0,44,44,36,36,38,0,47,43,44,36,41,32,32,34,35,34,34,34,32,36,36,46,39,0,42,47,43,43,41,0,0,0,38,38,45,45,17,36,45,39,43,37,45,37,39,42,47,36,42,0,0,0,
+0,0,0,0,0,0,0,0,0,0,47,38,42,17,46,0,0,0,39,47,45,42,42,0,45,38,37,38,47,46,17,46,46,17,19,18,39,42,38,40,36,0,44,42,36,42,46,0,0,0,44,46,43,19,16,0,0,0,0,0,0,0,0,0,0,0,0,0,0,0,
+0,0,0,0,0,0,0,0,0,0,38,37,38,44,36,0,0,0,40,38,43,39,42,0,42,37,36,37,46,38,38,36,39,45,37,39,37,37,45,47,45,0,0,0,0,44,43,0,0,0,47,46,45,36,37,0,0,0,0,0,0,0,0,0,0,0,0,0,0,0,
+0,0,0,0,0,0,0,0,0,0,41,36,38,39,42,0,0,0,0,0,0,0,0,0,0,0,0,0,0,0,37,40,19,43,45,0,0,0,0,0,0,0,0,0,0,0,0,0,0,0,46,17,16,36,37,0,0,0,0,0,0,0,0,0,0,0,0,0,0,0,
+0,0,0,0,0,0,0,0,0,0,37,46,39,40,43,0,0,0,0,0,0,0,0,0,0,0,0,0,0,0,38,39,39,16,44,0,0,0,0,0,0,0,0,0,0,0,0,0,0,0,38,46,37,46,47,0,0,0,0,0,0,0,0,0,0,0,0,0,0,0,
+0,0,0,0,0,0,0,0,0,0,42,46,47,46,46,0,0,0,0,0,0,0,0,0,0,0,0,0,0,0,36,37,47,36,47,0,0,0,0,0,0,0,0,0,0,0,0,0,0,0,36,45,36,40,36,0,0,0,0,0,0,0,0,0,0,0,0,0,0,0,
+0,0,0,0,0,0,0,0,0,0,36,38,44,37,45,42,47,40,38,47,41,47,45,36,16,39,37,41,47,38,18,43,36,43,40,0,0,0,0,0,0,0,0,0,0,0,0,0,0,0,47,18,19,37,41,0,0,0,0,0,0,0,0,0,0,0,0,0,0,0,
+0,0,0,0,0,0,0,0,0,0,36,36,39,43,36,44,39,19,18,44,45,43,39,38,36,19,18,42,43,16,17,16,45,39,43,0,0,0,0,0,0,0,0,0,0,0,0,0,0,0,45,46,17,19,42,0,0,0,0,0,0,0,0,0,0,0,0,0,0,0,
+0,0,0,0,0,0,0,0,0,0,42,47,37,38,36,45,37,40,47,17,16,37,17,17,36,46,40,38,38,17,45,17,42,47,40,0,0,0,46,44,47,42,38,46,37,46,44,44,39,43,39,42,45,44,46,42,38,47,43,0,0,0,0,0,0,0,0,0,0,0,
+0,0,0,0,0,0,0,0,0,0,44,43,16,36,16,44,38,37,36,39,39,36,19,40,43,42,45,42,19,38,44,17,39,19,40,0,0,0,47,47,46,38,42,37,38,39,37,39,17,38,38,39,46,43,16,45,37,41,45,0,0,0,0,0,0,0,0,0,0,0,
+0,0,0,0,0,0,0,0,0,0,42,45,36,41,37,44,42,45,36,46,39,44,36,42,46,43,46,44,42,42,39,40,46,46,38,0,0,0,37,47,51,51,30,23,23,23,23,31,42,47,30,23,23,23,23,31,51,51,36,0,0,0,0,0,0,0,0,0,0,0,
+0,0,0,0,0,0,0,0,0,0,0,0,0,0,0,0,0,0,0,0,0,0,0,0,0,0,0,0,0,0,0,0,0,0,0,0,0,0,43,45,51,51,22,48,50,50,50,20,34,32,22,48,50,50,50,20,51,51,39,0,0,0,0,0,0,0,0,0,0,0,
+0,0,0,0,0,0,0,0,0,0,0,0,0,0,0,0,0,0,0,0,0,0,0,0,0,0,0,0,0,0,0,0,0,0,0,0,0,0,16,36,51,51,22,49,0,0,0,20,32,32,22,49,0,0,0,20,51,51,42,0,0,0,0,0,0,0,0,0,0,0,
+0,0,0,0,0,0,0,0,0,0,0,0,0,0,0,0,0,0,0,0,0,0,0,0,0,0,0,0,0,0,0,0,0,0,0,0,0,0,44,16,51,51,22,49,0,0,0,20,35,34,22,49,0,0,0,20,51,51,39,0,0,0,0,0,0,0,0,0,0,0,
+0,0,0,0,0,0,0,0,0,0,0,0,0,0,0,0,0,0,0,0,0,0,0,0,0,0,0,0,0,0,0,0,0,0,0,0,0,0,38,16,51,51,22,49,0,0,0,20,32,33,22,49,0,0,0,20,51,51,36,0,0,0,0,0,0,0,0,0,0,0,
+0,0,0,0,0,0,0,0,0,0,0,0,0,0,0,0,0,0,0,0,0,0,0,0,0,0,0,0,0,0,0,0,0,0,0,0,0,0,39,36,51,51,29,21,21,21,21,28,34,33,29,21,21,21,21,28,51,51,42,0,0,0,0,0,0,0,0,0,0,0,
+0,0,0,0,0,0,0,0,0,0,0,0,0,0,0,0,0,0,0,0,0,0,0,0,0,0,0,0,0,0,0,0,0,0,0,0,0,0,39,37,51,51,38,34,33,33,34,33,34,33,35,33,33,34,35,39,51,51,45,0,0,0,0,0,0,0,0,0,0,0,
+0,0,0,0,0,0,0,0,0,0,0,0,0,0,0,0,0,0,0,0,0,0,0,0,0,0,0,0,0,0,0,0,0,0,0,0,0,0,38,18,51,51,46,34,33,35,32,33,32,32,32,35,34,34,35,46,51,51,46,0,0,0,0,0,0,0,0,0,0,0,
+0,0,0,0,0,0,0,0,0,0,0,0,0,0,0,0,0,0,0,0,0,0,0,0,0,0,0,0,0,0,0,0,0,0,0,0,0,0,46,45,51,51,30,23,23,23,23,31,32,33,30,23,23,23,23,31,51,51,42,0,0,0,0,0,0,0,0,0,0,0,
+0,0,0,0,0,0,0,0,0,0,0,0,0,0,0,0,0,0,0,0,0,0,0,0,0,0,0,0,0,0,0,0,0,0,0,0,0,0,43,39,51,51,22,48,50,50,50,20,34,34,22,48,50,50,50,20,51,51,45,0,0,0,0,0,0,0,0,0,0,0,
+0,0,0,0,0,0,0,0,0,0,0,0,0,0,0,0,0,0,0,0,0,0,0,0,0,0,0,0,0,0,0,0,0,0,0,0,0,0,39,42,51,51,22,49,0,0,0,20,32,34,22,49,0,0,0,20,51,51,40,0,0,0,0,0,0,0,0,0,0,0,
+0,0,0,0,0,0,0,0,0,0,0,0,0,0,0,0,0,0,0,0,0,0,0,0,0,0,0,0,0,0,0,0,0,0,0,0,0,0,45,36,51,51,22,49,0,0,0,20,34,35,22,49,0,0,0,20,51,51,47,0,0,0,0,0,0,0,0,0,0,0,
+0,0,0,0,0,0,0,0,0,0,0,0,0,0,0,0,0,0,0,0,0,0,0,0,0,0,0,0,0,0,0,0,0,0,0,0,0,0,38,38,51,51,22,49,0,0,0,20,33,35,22,49,0,0,0,20,51,51,37,0,0,0,0,0,0,0,0,0,0,0,
+0,0,0,0,0,0,0,0,0,0,0,0,0,0,0,0,0,0,0,0,0,0,0,0,0,0,0,0,0,0,0,0,0,0,0,0,0,0,42,46,51,51,29,21,21,21,21,28,38,36,29,21,21,21,21,28,51,51,45,0,0,0,0,0,0,0,0,0,0,0,
+0,0,0,0,0,0,0,0,0,0,0,0,0,0,0,0,0,0,0,0,0,0,0,0,0,0,0,0,0,0,0,0,0,0,0,0,0,0,46,39,39,36,46,38,39,40,36,37,36,43,38,40,37,42,38,43,38,46,45,0,0,0,0,0,0,0,0,0,0,0,
+0,0,0,0,0,0,0,0,0,0,0,0,0,0,0,0,0,0,0,0,0,0,0,0,0,0,0,0,0,0,0,0,0,0,0,0,0,0,0,0,0,0,0,0,0,0,0,0,0,0,0,0,0,0,0,0,0,0,0,0,0,0,0,0,0,0,0,0,0,0,
+0,0,0,0,0,0,0,0,0,0,0,0,0,0,0,0,0,0,0,0,0,0,0,0,0,0,0,0,0,0,0,0,0,0,0,0,0,0,0,0,0,0,0,0,0,0,0,0,0,0,0,0,0,0,0,0,0,0,0,0,0,0,0,0,0,0,0,0,0,0,
+0,0,0,0,0,0,0,0,0,0,0,0,0,0,0,0,0,0,0,0,0,0,0,0,0,0,0,0,0,0,0,0,0,0,0,0,0,0,0,0,0,0,0,0,0,0,0,0,0,0,0,0,0,0,0,0,0,0,0,0,0,0,0,0,0,0,0,0,0,0
+
+[layer]
+type=object
+data=
+0,0,0,0,0,0,77,69,99,103,69,78,0,0,77,65,109,105,97,69,97,109,69,78,0,0,77,69,97,65,103,109,65,97,65,103,65,109,69,78,0,0,0,0,0,0,0,0,0,0,0,0,0,0,0,0,0,0,0,0,0,0,0,0,0,0,0,0,0,0,
+0,0,0,0,0,0,64,0,0,0,0,70,0,0,108,0,0,0,0,0,0,0,0,70,0,0,64,0,0,0,0,0,0,0,0,0,0,0,0,70,0,0,0,0,0,0,0,0,0,0,0,0,0,0,0,0,0,0,0,0,0,0,0,0,0,0,0,0,0,0,
+0,0,0,0,0,0,64,0,0,0,0,90,81,109,73,176,167,0,0,0,0,192,0,82,0,0,96,0,0,0,0,0,0,0,0,0,0,0,0,82,0,0,0,0,0,0,0,0,0,0,0,0,0,0,0,0,0,0,0,0,0,0,0,0,0,0,0,0,0,0,
+0,0,0,0,0,0,106,0,0,0,0,0,0,0,0,0,179,0,0,0,0,0,0,82,0,0,64,0,0,0,0,0,0,0,0,0,0,0,0,82,0,0,0,0,0,0,0,0,0,0,0,0,0,0,0,0,0,0,0,0,0,0,0,0,0,0,0,0,0,0,
+0,0,0,0,0,0,102,0,0,0,0,0,0,0,0,0,0,0,0,0,0,0,0,82,0,0,102,0,110,0,0,0,0,0,0,0,0,110,0,82,0,0,0,0,0,0,0,0,0,0,0,0,0,0,0,0,0,0,0,0,0,0,0,0,0,0,0,0,0,0,
+0,0,0,0,0,0,64,0,0,0,0,0,0,0,0,0,0,0,0,0,0,0,0,82,0,0,68,0,0,0,0,0,0,0,0,0,0,0,0,82,0,0,0,0,0,0,0,0,0,0,0,0,0,0,0,0,0,0,0,0,0,0,0,0,0,0,0,0,0,0,
+0,0,0,0,0,0,106,0,0,0,0,0,0,0,0,0,178,0,0,0,0,0,0,82,0,0,96,0,0,0,0,284,0,0,0,0,0,0,0,82,0,0,0,0,0,0,0,0,0,0,77,97,65,99,69,103,65,97,105,97,65,109,103,105,99,69,97,78,0,0,
+0,0,0,0,0,0,104,0,0,0,0,91,83,83,88,180,167,0,0,0,0,192,0,82,0,0,108,0,0,167,0,0,0,0,0,0,167,0,0,82,0,0,0,0,0,0,0,0,0,0,64,0,0,146,0,0,0,0,0,0,0,0,0,0,0,0,0,70,0,0,
+0,0,0,0,0,0,98,0,0,0,0,82,0,0,108,0,0,0,0,0,0,0,0,82,0,0,64,0,0,0,0,0,0,0,0,0,0,0,0,82,0,0,0,0,0,0,0,0,0,0,96,147,0,0,0,0,0,0,0,0,0,0,0,0,0,0,0,82,0,0,
+0,0,0,0,0,0,64,0,0,0,0,82,0,0,76,71,83,83,83,83,83,83,83,95,0,0,76,71,83,83,88,0,0,0,0,91,83,83,83,95,0,0,0,0,0,0,0,0,0,0,96,0,0,0,0,0,0,0,0,0,0,0,0,0,0,0,0,82,0,0,
+0,0,0,0,0,0,106,0,0,0,0,82,0,0,0,0,0,0,0,0,0,0,0,0,0,0,0,0,0,0,80,0,0,0,0,82,0,0,0,0,0,0,0,0,0,0,0,0,0,0,68,0,0,0,0,0,0,0,0,0,0,0,0,0,0,0,0,82,0,0,
+0,0,0,0,0,0,68,0,0,0,0,82,0,0,0,0,0,0,0,0,0,0,0,0,0,0,0,0,0,0,64,0,0,0,0,82,0,0,0,0,0,0,0,0,0,0,0,0,0,0,106,0,0,0,0,91,83,83,83,83,83,83,88,0,0,0,0,82,0,0,
+0,0,0,0,0,0,102,0,0,0,0,82,0,0,0,0,0,0,77,69,105,65,65,78,77,69,103,65,99,69,73,0,0,0,0,90,81,105,99,69,65,78,77,65,105,65,97,78,0,0,68,0,0,0,0,82,0,0,0,0,0,0,80,0,0,0,0,82,0,0,
+0,0,0,0,0,0,106,0,0,0,0,82,0,0,0,0,0,0,64,202,203,0,0,66,68,0,0,0,0,0,0,0,0,0,0,0,0,0,0,0,0,66,64,202,203,0,0,66,0,0,104,0,0,0,0,82,0,0,0,0,0,0,68,0,0,0,0,82,0,0,
+0,0,0,0,0,0,108,0,0,0,0,82,0,0,0,0,0,0,108,0,0,0,0,66,68,0,0,0,0,0,0,0,0,0,0,0,0,0,0,0,0,66,96,183,0,0,0,66,0,0,64,0,0,0,0,82,0,0,0,0,0,0,98,0,0,0,0,82,0,0,
+0,0,0,0,0,0,64,0,0,0,0,82,0,0,0,0,0,0,68,0,0,0,0,66,102,0,0,0,0,0,0,0,0,0,0,0,0,0,0,0,0,66,108,0,0,0,0,66,0,0,108,0,0,0,0,82,0,0,0,0,0,0,64,0,0,0,0,82,0,0,
+0,0,77,69,107,105,73,0,0,0,0,82,0,0,0,0,0,0,96,0,0,0,0,116,112,0,0,0,0,0,111,0,0,0,0,111,0,0,0,0,0,116,112,0,0,0,0,66,0,0,102,0,0,0,0,82,0,0,0,0,0,0,96,0,0,0,0,82,0,0,
+0,0,64,176,0,0,0,0,0,0,0,82,0,0,0,0,0,0,64,0,0,0,0,66,68,0,0,0,0,0,0,0,0,0,0,0,0,0,0,0,0,66,104,0,0,0,0,66,0,0,68,0,0,0,0,82,0,0,0,0,0,0,102,0,0,0,0,82,0,0,
+0,0,106,0,0,0,0,0,0,0,0,82,0,0,0,0,0,0,64,0,0,0,0,66,64,0,0,0,0,0,0,0,0,0,0,0,0,0,0,0,0,66,68,0,0,0,0,66,0,0,98,0,0,0,0,82,0,0,0,0,0,0,64,0,0,0,0,82,0,0,
+0,0,64,0,0,0,0,0,0,0,0,82,0,0,0,0,0,0,76,67,67,67,67,79,106,0,0,0,0,0,0,0,0,0,0,0,0,0,0,0,0,66,76,67,67,67,67,79,0,0,64,0,0,0,0,82,0,0,0,0,0,0,106,0,0,0,0,82,0,0,
+0,0,98,0,0,0,0,0,0,0,0,82,0,0,0,0,0,0,77,69,97,65,65,78,98,0,0,0,0,0,0,75,67,67,72,0,0,0,0,0,0,66,77,97,65,105,69,78,0,0,102,0,0,0,0,82,0,0,0,0,0,0,64,0,0,0,0,82,0,0,
+0,0,102,0,0,0,0,91,83,83,83,95,0,0,0,0,0,0,64,205,0,0,0,66,64,0,0,0,0,0,0,66,0,0,64,0,0,0,0,0,0,66,68,0,0,0,0,66,0,0,68,0,0,0,0,82,0,0,0,0,0,0,96,0,0,0,0,82,0,0,
+0,0,64,0,0,0,0,82,0,0,0,0,0,0,0,0,0,0,64,204,0,0,0,66,64,0,0,0,0,0,0,66,0,0,64,0,0,0,0,0,0,66,106,0,0,0,0,66,0,0,96,0,0,0,0,82,0,0,0,0,0,0,102,0,0,0,0,82,0,0,
+0,0,106,0,0,0,0,82,0,0,0,0,0,0,0,0,0,0,104,0,0,0,0,66,102,0,0,0,0,0,0,66,0,0,64,0,0,0,0,0,0,66,102,0,0,0,0,66,0,0,108,0,0,0,0,82,0,0,0,0,0,0,68,0,0,0,0,82,0,0,
+0,0,64,0,0,0,0,82,0,0,0,0,0,0,0,0,0,0,68,0,0,0,0,116,114,0,0,0,0,0,0,66,0,0,64,0,0,0,0,0,0,116,112,0,0,0,0,66,0,0,64,0,0,0,0,82,0,0,0,0,0,0,98,0,0,0,0,82,0,0,
+0,0,108,0,0,0,0,82,0,0,0,0,0,0,0,0,0,0,96,0,0,0,0,66,64,0,0,0,0,0,0,66,0,0,64,0,0,0,0,0,0,66,96,0,0,0,0,66,0,0,106,0,0,0,0,82,0,0,0,0,0,0,106,0,0,0,0,82,0,0,
+0,0,106,0,0,0,0,82,0,0,0,0,0,0,0,0,0,0,68,0,0,0,0,66,68,0,0,0,0,0,0,74,65,65,73,0,0,0,0,0,0,66,68,0,0,0,0,66,0,0,68,0,0,0,0,82,0,0,0,0,0,0,104,0,0,0,0,82,0,0,
+0,0,64,0,0,0,0,82,0,0,0,0,0,0,0,0,0,0,76,67,72,0,75,79,106,0,0,0,0,0,0,0,0,0,0,0,0,0,0,0,0,66,76,67,67,67,67,79,0,0,104,0,0,0,0,82,0,0,0,0,0,0,68,0,0,0,0,82,0,0,
+0,0,102,0,0,0,0,90,81,109,103,65,105,103,65,78,0,0,77,105,73,0,74,78,104,0,0,0,0,0,0,0,0,0,0,0,0,0,0,0,0,66,77,65,97,109,69,78,0,0,96,0,0,0,0,82,0,0,0,0,0,0,102,0,0,0,0,82,0,0,
+0,0,98,0,0,0,0,0,0,0,0,0,0,180,146,70,0,0,96,0,0,0,0,66,68,0,0,0,0,0,0,0,0,0,0,0,0,0,0,0,0,66,96,202,203,0,0,66,0,0,64,0,0,0,0,82,0,0,0,0,0,0,108,0,0,0,0,82,0,0,
+0,0,64,0,0,0,0,0,0,0,0,0,0,0,0,82,0,0,108,182,0,0,0,66,68,0,0,0,0,0,0,0,0,0,0,0,0,0,0,0,0,66,68,0,0,0,182,74,105,103,73,0,0,0,0,82,0,0,0,0,0,0,64,0,0,0,0,82,0,0,
+0,0,106,0,0,0,0,0,0,0,0,0,0,0,0,82,0,0,64,0,0,0,0,66,102,0,0,0,0,0,0,75,67,67,72,0,0,0,0,0,0,66,68,0,0,0,0,0,0,0,0,0,0,0,0,82,0,0,0,0,0,0,106,0,0,0,0,82,0,0,
+0,0,68,0,0,0,0,0,0,0,0,0,0,0,0,82,0,0,68,0,0,0,0,116,112,0,0,0,0,0,0,66,0,0,64,0,0,0,0,0,0,116,114,0,0,0,0,0,0,0,0,0,0,0,0,82,0,0,0,0,0,0,68,0,0,0,0,82,0,0,
+0,0,76,71,83,83,83,83,83,83,88,0,0,0,0,82,0,0,104,202,203,0,0,66,68,0,0,0,0,0,0,66,0,0,64,0,0,0,0,0,0,66,96,0,0,0,0,0,0,0,0,0,0,0,0,82,0,0,0,0,0,0,102,0,0,0,0,82,0,0,
+0,0,0,0,0,0,0,0,0,0,80,0,0,0,0,82,0,0,68,0,0,0,0,66,64,0,0,0,0,0,0,66,0,0,64,0,0,0,0,0,0,66,64,0,0,0,0,0,0,0,0,0,0,0,0,82,0,0,0,0,0,0,104,0,0,0,0,82,0,0,
+0,0,0,0,0,0,0,0,0,0,64,0,0,0,0,82,0,0,76,67,67,67,67,79,106,0,0,0,0,0,0,66,0,0,64,0,0,0,0,0,0,66,76,72,0,75,67,67,71,83,83,83,83,83,83,95,0,0,0,0,0,0,96,0,0,0,0,82,0,0,
+0,0,0,0,0,0,0,0,0,0,106,0,0,0,0,82,0,0,77,109,97,69,65,78,98,0,0,0,0,0,0,66,0,0,64,0,0,0,0,0,0,66,77,73,0,74,105,78,0,0,0,0,0,0,0,0,0,0,0,0,0,0,98,0,0,0,0,82,0,0,
+0,0,0,0,0,0,0,0,0,0,68,0,0,0,0,82,0,0,64,205,0,0,0,66,64,0,0,0,0,0,0,74,69,69,73,0,0,0,0,0,0,66,64,205,0,0,0,66,0,0,0,0,0,0,0,0,0,0,0,0,0,0,64,0,0,0,0,82,0,0,
+0,0,0,0,0,0,0,0,0,0,102,0,0,0,0,82,0,0,64,204,0,0,0,66,64,0,0,0,0,0,0,0,0,0,0,0,0,0,0,0,0,66,98,204,0,0,0,66,0,0,77,65,97,105,103,99,97,99,103,69,105,109,73,0,0,0,0,82,0,0,
+0,0,0,0,0,0,0,0,0,0,68,0,0,0,0,82,0,0,68,147,0,0,0,66,64,0,0,0,0,0,0,0,0,0,0,0,0,0,0,0,0,66,96,181,0,0,0,66,0,0,68,0,0,0,0,0,0,0,0,0,0,0,0,0,0,0,0,82,0,0,
+0,0,0,0,0,0,0,0,0,0,98,0,0,0,0,82,0,0,68,0,0,0,0,66,102,0,0,0,0,0,0,0,0,0,0,0,0,0,0,0,0,66,68,0,0,0,0,66,0,0,108,0,0,0,0,0,0,0,0,0,0,0,0,0,0,0,0,82,0,0,
+0,0,0,0,0,0,0,0,0,0,102,0,0,0,0,82,0,0,96,183,0,0,0,116,112,0,0,0,0,0,111,0,0,0,0,111,0,0,0,0,0,116,112,0,0,0,0,66,0,0,108,0,0,0,0,0,0,0,0,0,0,0,0,0,0,0,0,82,0,0,
+0,0,0,0,0,0,0,0,0,0,68,0,0,0,0,82,0,0,96,0,0,0,0,66,64,0,0,0,0,0,0,0,0,0,0,0,0,0,0,0,0,66,64,0,0,0,0,66,0,0,102,0,0,0,0,0,0,0,0,0,0,0,0,0,0,0,0,82,0,0,
+0,0,0,0,0,0,0,0,0,0,106,0,0,0,0,82,0,0,104,0,0,0,0,66,68,0,0,0,0,0,0,0,0,0,0,0,0,0,0,0,0,66,68,0,0,0,0,66,0,0,96,0,0,0,0,91,83,83,83,83,83,83,83,83,83,83,83,95,0,0,
+0,0,0,0,0,0,0,0,0,0,108,0,0,0,0,82,0,0,64,0,0,0,0,66,64,0,0,0,0,0,0,0,0,0,0,0,0,0,0,0,0,66,76,67,67,67,67,79,0,0,98,0,0,0,0,82,0,0,0,0,0,0,0,0,0,0,0,0,0,0,
+0,0,0,0,0,0,0,0,0,0,102,0,0,0,0,82,0,0,76,67,67,67,67,79,76,71,83,83,83,83,88,0,0,0,0,91,83,83,83,83,83,79,0,0,0,0,0,0,0,0,96,0,0,0,0,82,0,0,0,0,0,0,0,0,0,0,0,0,0,0,
+0,0,0,0,0,0,0,0,0,0,98,0,0,0,0,82,0,0,0,0,0,0,0,0,0,0,0,0,0,0,80,0,0,0,0,82,0,0,0,0,0,0,0,0,0,0,0,0,0,0,102,0,0,0,0,82,0,0,0,0,0,0,0,0,0,0,0,0,0,0,
+0,0,0,0,0,0,0,0,0,0,64,0,0,0,0,82,0,0,0,0,0,0,0,0,0,0,0,0,0,0,64,0,0,0,0,82,0,0,0,0,0,0,0,0,0,0,0,0,0,0,64,0,0,0,0,82,0,0,0,0,0,0,0,0,0,0,0,0,0,0,
+0,0,0,0,0,0,0,0,0,0,102,0,0,0,0,90,81,69,107,103,65,65,105,103,107,69,78,0,77,69,73,0,0,0,0,82,0,0,0,0,0,0,0,0,0,0,0,0,0,0,104,0,0,0,0,82,0,0,0,0,0,0,0,0,0,0,0,0,0,0,
+0,0,0,0,0,0,0,0,0,0,64,0,0,0,0,0,0,0,0,0,0,0,0,0,0,0,74,65,73,0,0,0,0,0,0,82,0,0,0,0,0,0,0,0,0,0,0,0,0,0,64,0,0,0,0,82,0,0,0,0,0,0,0,0,0,0,0,0,0,0,
+0,0,0,0,0,0,0,0,0,0,106,0,0,0,0,0,0,0,0,0,0,0,0,0,0,0,0,0,281,0,0,0,0,0,0,82,0,0,77,65,103,97,97,69,99,69,65,99,103,109,73,0,0,0,0,90,81,69,105,78,0,0,0,0,0,0,0,0,0,0,
+0,0,0,0,0,0,0,0,0,0,68,0,0,0,0,0,0,0,0,0,0,0,0,0,0,0,0,0,280,0,0,0,0,0,0,82,0,0,68,0,0,0,0,0,0,0,0,0,0,0,0,0,0,0,0,0,0,0,0,70,0,0,0,0,0,0,0,0,0,0,
+0,0,0,0,0,0,0,0,0,0,64,0,0,0,0,0,0,0,0,0,0,0,0,0,0,0,91,83,88,0,0,0,0,0,0,82,0,0,104,0,0,0,0,0,0,0,0,0,0,0,0,0,0,0,0,0,0,0,0,82,0,0,0,0,0,0,0,0,0,0,
+0,0,0,0,0,0,0,0,0,0,76,71,83,83,83,83,83,83,83,83,83,83,83,83,83,83,95,0,92,83,83,83,83,83,83,95,0,0,108,0,0,0,128,0,0,0,0,0,0,0,0,0,0,0,0,0,0,0,0,82,0,0,0,0,0,0,0,0,0,0,
+0,0,0,0,0,0,0,0,0,0,0,0,0,0,0,0,0,0,0,0,0,0,0,0,0,0,0,0,0,0,0,0,0,0,0,0,0,0,64,0,0,0,0,0,0,0,0,0,0,0,0,0,0,0,0,0,0,0,0,82,0,0,0,0,0,0,0,0,0,0,
+0,0,0,0,0,0,0,0,0,0,0,0,0,0,0,0,0,0,0,0,0,0,0,0,0,0,0,0,0,0,0,0,0,0,0,0,0,0,102,0,0,0,0,0,0,0,0,0,0,0,0,0,0,0,0,0,0,0,0,82,0,0,0,0,0,0,0,0,0,0,
+0,0,0,0,0,0,0,0,0,0,0,0,0,0,0,0,0,0,0,0,0,0,0,0,0,0,0,0,0,0,0,0,0,0,0,0,0,0,68,0,0,0,0,0,0,0,0,120,123,123,118,0,0,0,0,0,0,0,0,82,0,0,0,0,0,0,0,0,0,0,
+0,0,0,0,0,0,0,0,0,0,0,0,0,0,0,0,0,0,0,0,0,0,0,0,0,0,0,0,0,0,0,0,0,0,0,0,0,0,98,144,0,0,0,0,0,0,0,0,181,0,0,121,0,0,0,0,0,0,0,82,0,0,0,0,0,0,0,0,0,0,
+0,0,0,0,0,0,0,0,0,0,0,0,0,0,0,0,0,0,0,0,0,0,0,0,0,0,0,0,0,0,0,0,0,0,0,0,0,0,96,0,0,0,0,0,0,0,0,0,150,0,0,122,0,0,0,0,0,0,0,82,0,0,0,0,0,0,0,0,0,0,
+0,0,0,0,0,0,0,0,0,0,0,0,0,0,0,0,0,0,0,0,0,0,0,0,0,0,0,0,0,0,0,0,0,0,0,0,0,0,96,0,0,0,0,0,0,0,0,0,0,0,0,122,0,0,0,0,0,0,0,82,0,0,0,0,0,0,0,0,0,0,
+0,0,0,0,0,0,0,0,0,0,0,0,0,0,0,0,0,0,0,0,0,0,0,0,0,0,0,0,0,0,0,0,0,0,0,0,0,0,104,144,0,0,0,0,0,0,0,0,0,0,0,119,0,0,0,0,0,0,0,82,0,0,0,0,0,0,0,0,0,0,
+0,0,0,0,0,0,0,0,0,0,0,0,0,0,0,0,0,0,0,0,0,0,0,0,0,0,0,0,0,0,0,0,0,0,0,0,0,0,68,0,0,0,0,0,0,0,0,0,137,137,0,0,0,0,0,0,0,0,0,82,0,0,0,0,0,0,0,0,0,0,
+0,0,0,0,0,0,0,0,0,0,0,0,0,0,0,0,0,0,0,0,0,0,0,0,0,0,0,0,0,0,0,0,0,0,0,0,0,0,102,0,0,0,0,0,0,0,0,0,0,0,0,0,0,0,0,0,0,0,0,82,0,0,0,0,0,0,0,0,0,0,
+0,0,0,0,0,0,0,0,0,0,0,0,0,0,0,0,0,0,0,0,0,0,0,0,0,0,0,0,0,0,0,0,0,0,0,0,0,0,68,0,0,0,0,0,0,0,0,0,0,0,0,0,0,0,0,0,0,0,0,82,0,0,0,0,0,0,0,0,0,0,
+0,0,0,0,0,0,0,0,0,0,0,0,0,0,0,0,0,0,0,0,0,0,0,0,0,0,0,0,0,0,0,0,0,0,0,0,0,0,96,0,0,0,128,0,0,0,0,0,0,0,0,0,0,0,0,0,0,0,0,82,0,0,0,0,0,0,0,0,0,0,
+0,0,0,0,0,0,0,0,0,0,0,0,0,0,0,0,0,0,0,0,0,0,0,0,0,0,0,0,0,0,0,0,0,0,0,0,0,0,108,0,0,0,0,0,0,0,0,0,0,0,0,0,0,0,0,0,0,0,0,82,0,0,0,0,0,0,0,0,0,0,
+0,0,0,0,0,0,0,0,0,0,0,0,0,0,0,0,0,0,0,0,0,0,0,0,0,0,0,0,0,0,0,0,0,0,0,0,0,0,68,0,0,0,0,0,0,0,0,0,0,0,0,0,0,0,0,0,0,0,0,82,0,0,0,0,0,0,0,0,0,0,
+0,0,0,0,0,0,0,0,0,0,0,0,0,0,0,0,0,0,0,0,0,0,0,0,0,0,0,0,0,0,0,0,0,0,0,0,0,0,76,71,83,83,83,83,83,83,83,83,83,83,83,83,83,83,83,83,83,83,83,95,0,0,0,0,0,0,0,0,0,0,
+0,0,0,0,0,0,0,0,0,0,0,0,0,0,0,0,0,0,0,0,0,0,0,0,0,0,0,0,0,0,0,0,0,0,0,0,0,0,0,0,0,0,0,0,0,0,0,0,0,0,0,0,0,0,0,0,0,0,0,0,0,0,0,0,0,0,0,0,0,0,
+0,0,0,0,0,0,0,0,0,0,0,0,0,0,0,0,0,0,0,0,0,0,0,0,0,0,0,0,0,0,0,0,0,0,0,0,0,0,0,0,0,0,0,0,0,0,0,0,0,0,0,0,0,0,0,0,0,0,0,0,0,0,0,0,0,0,0,0,0,0
+
+[layer]
+type=collision
+data=
+3,3,3,3,3,3,1,1,1,1,1,1,3,3,1,1,1,1,1,1,1,1,1,1,3,3,1,1,1,1,1,1,1,1,1,1,1,1,1,1,3,3,3,3,3,3,3,3,3,3,3,3,3,3,3,3,3,3,3,3,3,3,3,3,3,3,3,3,3,3,
+3,3,3,3,3,3,1,0,0,0,0,1,3,3,1,0,0,0,0,0,0,0,0,1,3,3,1,0,0,0,0,0,0,0,0,0,0,0,0,1,3,3,3,3,3,3,3,3,3,3,3,3,3,3,3,3,3,3,3,3,3,3,3,3,3,3,3,3,3,3,
+3,3,3,3,3,3,1,0,0,0,0,1,1,1,1,0,4,0,0,0,0,4,0,1,3,3,1,0,0,0,0,0,0,0,0,0,0,0,0,1,3,3,3,3,3,3,3,3,3,3,3,3,3,3,3,3,3,3,3,3,3,3,3,3,3,3,3,3,3,3,
+3,3,3,3,3,3,1,0,0,0,0,0,0,0,0,0,0,0,1,1,1,0,0,1,3,3,1,0,0,0,0,1,1,1,1,0,0,0,0,1,3,3,3,3,3,3,3,3,3,3,3,3,3,3,3,3,3,3,3,3,3,3,3,3,3,3,3,3,3,3,
+3,3,3,3,3,3,1,0,0,0,0,0,0,0,0,0,0,0,0,0,1,0,0,1,3,3,1,0,1,0,0,1,3,3,1,0,0,1,0,1,3,3,3,3,3,3,3,3,3,3,3,3,3,3,3,3,3,3,3,3,3,3,3,3,3,3,3,3,3,3,
+3,3,3,3,3,3,1,0,0,0,0,0,0,0,0,0,0,0,0,0,1,0,0,1,3,3,1,0,0,0,0,1,3,3,1,0,0,0,0,1,3,3,3,3,3,3,3,3,3,3,3,3,3,3,3,3,3,3,3,3,3,3,3,3,3,3,3,3,3,3,
+3,3,3,3,3,3,1,0,0,0,0,0,0,0,0,0,0,0,1,1,1,0,0,1,3,3,1,0,0,0,0,1,0,0,1,0,0,0,0,1,3,3,3,3,3,3,3,3,3,3,1,1,1,1,1,1,1,1,1,1,1,1,1,1,1,1,1,1,3,3,
+3,3,3,3,3,3,1,0,0,0,0,1,1,1,1,0,4,0,0,0,0,4,0,1,3,3,1,0,0,4,0,0,0,0,0,0,4,0,0,1,3,3,3,3,3,3,3,3,3,3,1,0,0,4,0,0,0,0,0,0,0,0,0,0,0,0,0,1,3,3,
+3,3,3,3,3,3,1,0,0,0,0,1,3,3,1,0,0,0,0,0,0,0,0,1,3,3,1,0,0,0,0,0,0,0,0,0,0,0,0,1,3,3,3,3,3,3,3,3,3,3,1,4,0,0,0,0,0,0,0,0,0,0,0,0,0,0,0,1,3,3,
+3,3,3,3,3,3,1,0,0,0,0,1,3,3,1,1,1,1,1,1,1,1,1,1,3,3,1,1,1,1,1,0,0,0,0,1,1,1,1,1,3,3,3,3,3,3,3,3,3,3,1,0,0,0,0,0,0,0,0,0,0,0,0,0,0,0,0,1,3,3,
+3,3,3,3,3,3,1,0,0,0,0,1,3,3,3,3,3,3,3,3,3,3,3,3,3,3,3,3,3,3,1,0,0,0,0,1,3,3,3,3,3,3,3,3,3,3,3,3,3,3,1,0,0,0,0,0,0,0,0,0,0,0,0,0,0,0,0,1,3,3,
+3,3,3,3,3,3,1,0,0,0,0,1,3,3,3,3,3,3,3,3,3,3,3,3,3,3,3,3,3,3,1,0,0,0,0,1,3,3,3,3,3,3,3,3,3,3,3,3,3,3,1,0,0,0,0,1,1,1,1,1,1,1,1,0,0,0,0,1,3,3,
+3,3,3,3,3,3,1,0,0,0,0,1,3,3,3,3,3,3,1,1,1,1,1,1,1,1,1,1,1,1,1,0,0,0,0,1,1,1,1,1,1,1,1,1,1,1,1,1,3,3,1,0,0,0,0,1,3,3,3,3,3,3,1,0,0,0,0,1,3,3,
+3,3,3,3,3,3,1,0,0,0,0,1,3,3,3,3,3,3,1,4,4,0,0,1,1,0,0,0,0,0,0,0,0,0,0,0,0,0,0,0,0,1,1,4,4,0,0,1,3,3,1,0,0,0,0,1,3,3,3,3,3,3,1,0,0,0,0,1,3,3,
+3,3,3,3,3,3,1,0,0,0,0,1,3,3,3,3,3,3,1,0,0,0,0,1,1,0,0,0,0,0,0,0,0,0,0,0,0,0,0,0,0,1,1,0,0,0,0,1,3,3,1,0,0,0,0,1,3,3,3,3,3,3,1,0,0,0,0,1,3,3,
+3,3,3,3,3,3,1,0,0,0,0,1,3,3,3,3,3,3,1,0,0,0,0,1,1,0,0,0,0,0,0,0,0,0,0,0,0,0,0,0,0,1,1,0,0,0,0,1,3,3,1,0,0,0,0,1,3,3,3,3,3,3,1,0,0,0,0,1,3,3,
+3,3,1,1,1,1,1,0,0,0,0,1,3,3,3,3,3,3,1,0,0,0,0,0,0,0,0,0,0,0,1,0,0,0,0,1,0,0,0,0,0,0,0,0,0,0,0,1,3,3,1,0,0,0,0,1,3,3,3,3,3,3,1,0,0,0,0,1,3,3,
+3,3,1,0,0,0,0,0,0,0,0,1,3,3,3,3,3,3,1,0,0,0,0,1,1,0,0,0,0,0,0,2,2,2,2,0,0,0,0,0,0,1,1,0,0,0,0,1,3,3,1,0,0,0,0,1,3,3,3,3,3,3,1,0,0,0,0,1,3,3,
+3,3,1,0,0,0,0,0,0,0,0,1,3,3,3,3,3,3,1,0,0,0,0,1,1,0,0,0,0,0,0,2,4,4,2,0,0,0,0,0,0,1,1,0,0,0,0,1,3,3,1,0,0,0,0,1,3,3,3,3,3,3,1,0,0,0,0,1,3,3,
+3,3,1,0,0,0,0,0,0,0,0,1,3,3,3,3,3,3,1,1,1,1,1,1,1,0,0,0,0,0,0,2,2,2,2,0,0,0,0,0,0,1,1,1,1,1,1,1,3,3,1,0,0,0,0,1,3,3,3,3,3,3,1,0,0,0,0,1,3,3,
+3,3,1,0,0,0,0,0,0,0,0,1,3,3,3,3,3,3,1,1,1,1,1,1,1,0,0,0,0,0,0,1,1,1,1,0,0,0,0,0,0,1,1,1,1,1,1,1,3,3,1,0,0,0,0,1,3,3,3,3,3,3,1,0,0,0,0,1,3,3,
+3,3,1,0,0,0,0,1,1,1,1,1,3,3,3,3,3,3,1,4,0,0,0,1,1,0,0,0,0,0,0,1,3,3,1,0,0,0,0,0,0,1,1,0,0,0,0,1,3,3,1,0,0,0,0,1,3,3,3,3,3,3,1,0,0,0,0,1,3,3,
+3,3,1,0,0,0,0,1,3,3,3,3,3,3,3,3,3,3,1,4,0,0,0,1,1,0,0,0,0,0,0,1,3,3,1,0,0,0,0,0,0,1,1,0,0,0,0,1,3,3,1,0,0,0,0,1,3,3,3,3,3,3,1,0,0,0,0,1,3,3,
+3,3,1,0,0,0,0,1,3,3,3,3,3,3,3,3,3,3,1,0,0,0,0,1,1,0,0,0,0,0,0,1,3,3,1,0,0,0,0,0,0,1,1,0,0,0,0,1,3,3,1,0,0,0,0,1,3,3,3,3,3,3,1,0,0,0,0,1,3,3,
+3,3,1,0,0,0,0,1,3,3,3,3,3,3,3,3,3,3,1,0,0,0,0,1,1,0,0,0,0,0,0,1,3,3,1,0,0,0,0,0,0,0,0,0,0,0,0,1,3,3,1,0,0,0,0,1,3,3,3,3,3,3,1,0,0,0,0,1,3,3,
+3,3,1,0,0,0,0,1,3,3,3,3,3,3,3,3,3,3,1,0,0,0,0,1,1,0,0,0,0,0,0,1,3,3,1,0,0,0,0,0,0,1,1,0,0,0,0,1,3,3,1,0,0,0,0,1,3,3,3,3,3,3,1,0,0,0,0,1,3,3,
+3,3,1,0,0,0,0,1,3,3,3,3,3,3,3,3,3,3,1,0,0,0,0,1,1,0,0,0,0,0,0,1,1,1,1,0,0,0,0,0,0,1,1,0,0,0,0,1,3,3,1,0,0,0,0,1,3,3,3,3,3,3,1,0,0,0,0,1,3,3,
+3,3,1,0,0,0,0,1,3,3,3,3,3,3,3,3,3,3,1,1,1,0,1,1,1,0,0,0,0,0,0,0,0,0,0,0,0,0,0,0,0,1,1,1,1,1,1,1,3,3,1,0,0,0,0,1,3,3,3,3,3,3,1,0,0,0,0,1,3,3,
+3,3,1,0,0,0,0,1,1,1,1,1,1,1,1,1,3,3,1,1,1,0,1,1,1,0,0,0,0,0,0,0,0,0,0,0,0,0,0,0,0,1,1,1,1,1,1,1,3,3,1,0,0,0,0,1,3,3,3,3,3,3,1,0,0,0,0,1,3,3,
+3,3,1,0,0,0,0,0,0,0,0,0,0,0,4,1,3,3,1,0,0,0,0,1,1,0,0,0,0,0,0,0,0,0,0,0,0,0,0,0,0,1,1,4,4,0,0,1,3,3,1,0,0,0,0,1,3,3,3,3,3,3,1,0,0,0,0,1,3,3,
+3,3,1,0,0,0,0,0,0,0,0,0,0,0,0,1,3,3,1,0,0,0,0,1,1,0,0,0,0,0,0,0,0,0,0,0,0,0,0,0,0,1,1,0,0,0,0,1,1,1,1,0,0,0,0,1,3,3,3,3,3,3,1,0,0,0,0,1,3,3,
+3,3,1,0,0,0,0,0,0,0,0,0,0,0,0,1,3,3,1,0,0,0,0,1,1,0,0,0,0,0,0,1,1,1,1,0,0,0,0,0,0,1,1,0,0,0,0,0,0,0,0,0,0,0,0,1,3,3,3,3,3,3,1,0,0,0,0,1,3,3,
+3,3,1,0,0,0,0,0,0,0,0,0,0,0,0,1,3,3,1,0,0,0,0,0,0,0,0,0,0,0,0,1,3,3,1,0,0,0,0,0,0,1,1,0,0,0,0,0,0,0,0,0,0,0,0,1,3,3,3,3,3,3,1,0,0,0,0,1,3,3,
+3,3,1,1,1,1,1,1,1,1,1,0,0,0,0,1,3,3,1,4,4,0,0,1,1,0,0,0,0,0,0,1,3,3,1,0,0,0,0,0,0,1,1,0,0,0,0,0,0,0,0,0,0,0,0,1,3,3,3,3,3,3,1,0,0,0,0,1,3,3,
+3,3,3,3,3,3,3,3,3,3,1,0,0,0,0,1,3,3,1,0,0,0,0,1,1,0,0,0,0,0,0,1,3,3,1,0,0,0,0,0,0,1,1,0,0,0,0,0,0,0,0,0,0,0,0,1,3,3,3,3,3,3,1,0,0,0,0,1,3,3,
+3,3,3,3,3,3,3,3,3,3,1,0,0,0,0,1,3,3,1,1,1,1,1,1,1,0,0,0,0,0,0,1,3,3,1,0,0,0,0,0,0,1,1,1,0,1,1,1,1,1,1,1,1,1,1,1,3,3,3,3,3,3,1,0,0,0,0,1,3,3,
+3,3,3,3,3,3,3,3,3,3,1,0,0,0,0,1,3,3,1,1,1,1,1,1,1,0,0,0,0,0,0,1,3,3,1,0,0,0,0,0,0,1,1,1,0,1,1,1,3,3,3,3,3,3,3,3,3,3,3,3,3,3,1,0,0,0,0,1,3,3,
+3,3,3,3,3,3,3,3,3,3,1,0,0,0,0,1,3,3,1,4,0,0,0,1,1,0,0,0,0,0,0,1,1,1,1,0,0,0,0,0,0,1,1,4,0,0,0,1,3,3,3,3,3,3,3,3,3,3,3,3,3,3,1,0,0,0,0,1,3,3,
+3,3,3,3,3,3,3,3,3,3,1,0,0,0,0,1,3,3,1,4,0,0,0,1,1,0,0,0,0,0,0,2,2,2,2,0,0,0,0,0,0,1,1,4,0,0,0,1,3,3,1,1,1,1,1,1,1,1,1,1,1,1,1,0,0,0,0,1,3,3,
+3,3,3,3,3,3,3,3,3,3,1,0,0,0,0,1,3,3,1,4,0,0,0,1,1,0,0,0,0,0,0,2,4,4,2,0,0,0,0,0,0,1,1,0,0,0,0,1,3,3,1,0,0,0,0,0,0,0,0,0,0,0,0,0,0,0,0,1,3,3,
+3,3,3,3,3,3,3,3,3,3,1,0,0,0,0,1,3,3,1,0,0,0,0,1,1,0,0,0,0,0,0,2,2,2,2,0,0,0,0,0,0,1,1,0,0,0,0,1,3,3,1,0,0,0,0,0,0,0,0,0,0,0,0,0,0,0,0,1,3,3,
+3,3,3,3,3,3,3,3,3,3,1,0,0,0,0,1,3,3,1,0,0,0,0,0,0,0,0,0,0,0,1,0,0,0,0,1,0,0,0,0,0,0,0,0,0,0,0,1,3,3,1,0,0,0,0,0,0,0,0,0,0,0,0,0,0,0,0,1,3,3,
+3,3,3,3,3,3,3,3,3,3,1,0,0,0,0,1,3,3,1,0,0,0,0,1,1,0,0,0,0,0,0,0,0,0,0,0,0,0,0,0,0,1,1,0,0,0,0,1,3,3,1,0,0,0,0,0,0,0,0,0,0,0,0,0,0,0,0,1,3,3,
+3,3,3,3,3,3,3,3,3,3,1,0,0,0,0,1,3,3,1,0,0,0,0,1,1,0,0,0,0,0,0,0,0,0,0,0,0,0,0,0,0,1,1,0,0,0,0,1,3,3,1,0,0,0,0,1,1,1,1,1,1,1,1,1,1,1,1,1,3,3,
+3,3,3,3,3,3,3,3,3,3,1,0,0,0,0,1,3,3,1,0,0,0,0,1,1,0,0,0,0,0,0,0,0,0,0,0,0,0,0,0,0,1,1,1,1,1,1,1,3,3,1,0,0,0,0,1,3,3,3,3,3,3,3,3,3,3,3,3,3,3,
+3,3,3,3,3,3,3,3,3,3,1,0,0,0,0,1,3,3,1,1,1,1,1,1,1,1,1,1,1,1,1,0,0,0,0,1,1,1,1,1,1,1,1,1,1,1,1,1,3,3,1,0,0,0,0,1,3,3,3,3,3,3,3,3,3,3,3,3,3,3,
+3,3,3,3,3,3,3,3,3,3,1,0,0,0,0,1,3,3,3,3,3,3,3,3,3,3,3,3,3,3,1,0,0,0,0,1,3,3,3,3,3,3,3,3,3,3,3,3,3,3,1,0,0,0,0,1,3,3,3,3,3,3,3,3,3,3,3,3,3,3,
+3,3,3,3,3,3,3,3,3,3,1,0,0,0,0,1,3,3,3,3,3,3,3,3,3,3,3,3,3,3,1,0,0,0,0,1,3,3,3,3,3,3,3,3,3,3,3,3,3,3,1,0,0,0,0,1,3,3,3,3,3,3,3,3,3,3,3,3,3,3,
+3,3,3,3,3,3,3,3,3,3,1,0,0,0,0,1,1,1,1,1,1,1,1,1,1,1,1,3,1,1,1,0,0,0,0,1,3,3,3,3,3,3,3,3,3,3,3,3,3,3,1,0,0,0,0,1,3,3,3,3,3,3,3,3,3,3,3,3,3,3,
+3,3,3,3,3,3,3,3,3,3,1,0,0,0,0,0,0,0,0,0,0,0,0,0,0,0,1,1,1,0,0,0,0,0,0,1,3,3,3,3,3,3,3,3,3,3,3,3,3,3,1,0,0,0,0,1,3,3,3,3,3,3,3,3,3,3,3,3,3,3,
+3,3,3,3,3,3,3,3,3,3,1,0,0,0,0,0,0,0,0,0,0,0,0,0,0,0,0,1,1,0,0,0,0,0,0,1,3,3,1,1,1,1,1,1,1,1,1,1,1,1,1,0,0,0,0,1,1,1,1,1,3,3,3,3,3,3,3,3,3,3,
+3,3,3,3,3,3,3,3,3,3,1,0,0,0,0,0,0,0,0,0,0,0,0,0,0,0,0,1,1,0,0,0,0,0,0,1,3,3,1,0,0,0,0,0,0,0,0,0,0,0,0,0,0,0,0,0,0,0,0,1,3,3,3,3,3,3,3,3,3,3,
+3,3,3,3,3,3,3,3,3,3,1,0,0,0,0,0,0,0,0,0,0,0,0,0,0,0,1,1,1,0,0,0,0,0,0,1,3,3,1,0,0,0,0,0,0,0,0,0,0,0,0,0,0,0,0,0,0,0,0,1,3,3,3,3,3,3,3,3,3,3,
+3,3,3,3,3,3,3,3,3,3,1,1,1,1,1,1,1,1,1,1,1,1,1,1,1,1,1,3,1,1,1,1,1,1,1,1,3,3,1,0,0,0,4,2,2,2,2,0,0,0,0,2,2,2,2,0,0,0,0,1,3,3,3,3,3,3,3,3,3,3,
+3,3,3,3,3,3,3,3,3,3,3,3,3,3,3,3,3,3,3,3,3,3,3,3,3,3,3,3,3,3,3,3,3,3,3,3,3,3,1,0,0,0,0,2,4,4,2,0,0,0,0,2,4,4,2,0,0,0,0,1,3,3,3,3,3,3,3,3,3,3,
+3,3,3,3,3,3,3,3,3,3,3,3,3,3,3,3,3,3,3,3,3,3,3,3,3,3,3,3,3,3,3,3,3,3,3,3,3,3,1,0,0,0,0,2,4,4,2,0,0,0,0,2,4,4,2,0,0,0,0,1,3,3,3,3,3,3,3,3,3,3,
+3,3,3,3,3,3,3,3,3,3,3,3,3,3,3,3,3,3,3,3,3,3,3,3,3,3,3,3,3,3,3,3,3,3,3,3,3,3,1,0,0,0,0,2,2,2,2,4,4,4,4,2,2,2,2,0,0,0,0,1,3,3,3,3,3,3,3,3,3,3,
+3,3,3,3,3,3,3,3,3,3,3,3,3,3,3,3,3,3,3,3,3,3,3,3,3,3,3,3,3,3,3,3,3,3,3,3,3,3,1,4,0,0,0,0,0,0,0,0,0,0,0,4,0,0,0,0,0,0,0,1,3,3,3,3,3,3,3,3,3,3,
+3,3,3,3,3,3,3,3,3,3,3,3,3,3,3,3,3,3,3,3,3,3,3,3,3,3,3,3,3,3,3,3,3,3,3,3,3,3,1,0,0,0,0,0,0,0,0,0,4,0,0,4,0,0,0,0,0,0,0,1,3,3,3,3,3,3,3,3,3,3,
+3,3,3,3,3,3,3,3,3,3,3,3,3,3,3,3,3,3,3,3,3,3,3,3,3,3,3,3,3,3,3,3,3,3,3,3,3,3,1,0,0,0,0,0,0,0,0,0,0,0,0,4,0,0,0,0,0,0,0,1,3,3,3,3,3,3,3,3,3,3,
+3,3,3,3,3,3,3,3,3,3,3,3,3,3,3,3,3,3,3,3,3,3,3,3,3,3,3,3,3,3,3,3,3,3,3,3,3,3,1,4,0,0,0,0,0,0,0,0,0,0,0,4,0,0,0,0,0,0,0,1,3,3,3,3,3,3,3,3,3,3,
+3,3,3,3,3,3,3,3,3,3,3,3,3,3,3,3,3,3,3,3,3,3,3,3,3,3,3,3,3,3,3,3,3,3,3,3,3,3,1,0,0,0,0,2,2,2,2,0,4,4,0,2,2,2,2,0,0,0,0,1,3,3,3,3,3,3,3,3,3,3,
+3,3,3,3,3,3,3,3,3,3,3,3,3,3,3,3,3,3,3,3,3,3,3,3,3,3,3,3,3,3,3,3,3,3,3,3,3,3,1,0,0,0,0,2,4,4,2,0,0,0,0,2,4,4,2,0,0,0,0,1,3,3,3,3,3,3,3,3,3,3,
+3,3,3,3,3,3,3,3,3,3,3,3,3,3,3,3,3,3,3,3,3,3,3,3,3,3,3,3,3,3,3,3,3,3,3,3,3,3,1,0,0,0,0,2,4,4,2,0,0,0,0,2,4,4,2,0,0,0,0,1,3,3,3,3,3,3,3,3,3,3,
+3,3,3,3,3,3,3,3,3,3,3,3,3,3,3,3,3,3,3,3,3,3,3,3,3,3,3,3,3,3,3,3,3,3,3,3,3,3,1,0,0,0,4,2,2,2,2,0,0,0,0,2,2,2,2,0,0,0,0,1,3,3,3,3,3,3,3,3,3,3,
+3,3,3,3,3,3,3,3,3,3,3,3,3,3,3,3,3,3,3,3,3,3,3,3,3,3,3,3,3,3,3,3,3,3,3,3,3,3,1,0,0,0,0,0,0,0,0,0,0,0,0,0,0,0,0,0,0,0,0,1,3,3,3,3,3,3,3,3,3,3,
+3,3,3,3,3,3,3,3,3,3,3,3,3,3,3,3,3,3,3,3,3,3,3,3,3,3,3,3,3,3,3,3,3,3,3,3,3,3,1,0,0,0,0,0,0,0,0,0,0,0,0,0,0,0,0,0,0,0,0,1,3,3,3,3,3,3,3,3,3,3,
+3,3,3,3,3,3,3,3,3,3,3,3,3,3,3,3,3,3,3,3,3,3,3,3,3,3,3,3,3,3,3,3,3,3,3,3,3,3,1,1,1,1,1,1,1,1,1,1,1,1,1,1,1,1,1,1,1,1,1,1,3,3,3,3,3,3,3,3,3,3,
+3,3,3,3,3,3,3,3,3,3,3,3,3,3,3,3,3,3,3,3,3,3,3,3,3,3,3,3,3,3,3,3,3,3,3,3,3,3,3,3,3,3,3,3,3,3,3,3,3,3,3,3,3,3,3,3,3,3,3,3,3,3,3,3,3,3,3,3,3,3,
+3,3,3,3,3,3,3,3,3,3,3,3,3,3,3,3,3,3,3,3,3,3,3,3,3,3,3,3,3,3,3,3,3,3,3,3,3,3,3,3,3,3,3,3,3,3,3,3,3,3,3,3,3,3,3,3,3,3,3,3,3,3,3,3,3,3,3,3,3,3
+
+[event]
+# to St. Maria: Mausoleum
+type=on_trigger
+location=32,6,2,1
+hotspot=location
+intermap=maps/st_maria_1.txt,39,14
+tooltip=St. Maria: Mausoleum
+
+[event]
+# to Hyperspace
+type=on_trigger
+location=43,21,2,2
+hotspot=location
+intermap=maps/hyperspace.txt,28,11
+soundfx=soundfx/environment/teleporter.ogg,0,0
+tooltip=Hyperspace
+
+[event]
+# Unlock waypoint
+type=on_trigger
+location=42,21,4,5
+mapmod=background,43,22,265
+msg=St. Maria: Prison waypoint discovered.
+repeat=false
+requires_not_status=emp_waypoint_3
+set_status=emp_waypoint_3
+
+[event]
+# unlock waypoint (on_load)
+type=on_load
+location=46,19,1,1
+mapmod=background,43,22,265
+requires_status=emp_waypoint_3
+
+[event]
+# open loop door
+type=on_trigger
+location=48,58,1,1
+hotspot=location
+mapmod=collision,45,50,0;collision,46,50,0;collision,45,44,0;collision,46,44,0;object,45,50,0;object,46,50,0;object,45,44,0;object,46,44,0;object,48,58,166;background,45,45,51;background,45,46,51;background,45,47,51;background,45,48,51;background,45,49,51;background,46,45,51;background,46,46,51;background,46,47,51;background,46,48,51;background,46,49,51;collision,45,45,0;collision,45,46,0;collision,45,47,0;collision,45,48,0;collision,45,49,0;collision,46,45,0;collision,46,46,0;collision,46,47,0;collision,46,48,0;collision,46,49,0
+repeat=false
+soundfx=soundfx/door_open.ogg
+tooltip=Switch
+
+[event]
+# Locked Door
+type=on_trigger
+location=27,50,2,2
+hotspot=location
+msg=This door needs a key to be opened.
+requires_not_status=emp_stmaria2_key;emp_stmaria2_door
+tooltip=Locked Door
+
+[event]
+# Unlock Door (on_load)
+type=on_load
+location=26,53,1,1
+mapmod=collision,27,50,0;collision,28,50,0;collision,27,51,0;collision,28,51,0;object,28,50,0;object,28,51,0;object,27,49,213;object,27,52,219
+requires_status=emp_stmaria2_door
+
+[event]
+# Unlock Door
+type=on_trigger
+location=26,55,1,1
+hotspot=27,50,2,2
+mapmod=collision,27,50,0;collision,28,50,0;collision,27,51,0;collision,28,51,0;object,28,50,0;object,28,51,0;object,27,49,213;object,27,52,219
+remove_item=1005
+requires_item=1005
+requires_not_status=emp_stmaria2_door
+set_status=emp_stmaria2_door
+soundfx=soundfx/door_open.ogg
+tooltip=Locked Door
+
+[event]
+type=on_load
+location=34,3,1,1
+requires_not_status=emp_stmaria2_init
+set_status=emp_stmaria2_init
+
+[event]
+type=on_trigger
+location=39,60,1,1
+hotspot=location
+loot=loot/level_3.txt
+loot_count=3,4
+mapmod=object,39,60,160
+repeat=false
+soundfx=soundfx/wood_open.ogg
+tooltip=Treasure Chest
+
+[event]
+type=on_trigger
+location=39,57,1,1
+hotspot=location
+loot=loot/level_3.txt
+loot_count=3,4
+mapmod=object,39,57,160
+repeat=false
+soundfx=soundfx/wood_open.ogg
+tooltip=Treasure Chest
+
+[event]
+type=on_trigger
+location=51,8,1,1
+hotspot=location
+loot=loot/level_3.txt
+mapmod=object,51,8,163
+repeat=false
+soundfx=soundfx/wood_open.ogg
+tooltip=Crate
+
+[event]
+type=on_trigger
+location=53,7,1,1
+hotspot=location
+loot=loot/level_3.txt
+mapmod=object,53,7,162
+repeat=false
+soundfx=soundfx/wood_open.ogg
+tooltip=Barrel
+
+[event]
+type=on_trigger
+location=19,39,1,1
+hotspot=location
+loot=loot/level_3.txt
+mapmod=object,19,39,163
+repeat=false
+soundfx=soundfx/wood_open.ogg
+tooltip=Crate
+
+[event]
+type=on_trigger
+location=14,29,1,1
+hotspot=location
+loot=loot/level_3.txt
+mapmod=object,14,29,162
+repeat=false
+soundfx=soundfx/wood_open.ogg
+tooltip=Barrel
+
+[event]
+# brazier sound effect
+type=on_load
+location=36,7,1,1
+soundfx=soundfx/environment/open_fire_loop.ogg
+
+[event]
+# brazier sound effect
+type=on_load
+location=29,7,1,1
+soundfx=soundfx/environment/open_fire_loop.ogg
+
+[event]
+# brazier sound effect
+type=on_load
+location=16,7,1,1
+soundfx=soundfx/environment/open_fire_loop.ogg
+
+[event]
+# brazier sound effect
+type=on_load
+location=16,2,1,1
+soundfx=soundfx/environment/open_fire_loop.ogg
+
+[event]
+# Wind sound
+type=on_load
+location=0,0,1,1
+soundfx=soundfx/environment/cave_wind_loop.ogg
+
+[enemy]
+type=undead
+location=31,27,4,4
+level=3
+number=2
+wander_radius=2
+
+[enemy]
+type=undead
+location=36,34,4,8
+level=3
+number=2
+wander_radius=2
+
+[enemy]
+type=undead
+location=26,34,4,8
+level=3
+number=2
+wander_radius=2
+
+[enemy]
+type=undead
+location=19,14,2,3
+level=3
+number=1
+wander_radius=2
+
+[enemy]
+type=undead
+location=43,14,2,3
+level=3
+number=1
+wander_radius=2
+
+[enemy]
+type=undead
+location=19,37,2,6
+level=3
+number=2
+wander_radius=1,2
+
+[enemy]
+type=undead
+location=26,22,4,8
+level=3
+number=2
+wander_radius=2
+
+[enemy]
+type=undead
+location=31,49,4,4
+level=3
+number=2
+wander_radius=2
+
+[enemy]
+type=undead
+location=47,31,8,4
+level=3
+number=2,3
+wander_radius=2
+
+[enemy]
+type=undead
+location=51,7,4,8
+level=3
+number=2,3
+wander_radius=2
+
+[enemy]
+type=undead
+location=63,7,4,8
+level=3
+number=2,3
+wander_radius=2
+
+[enemy]
+type=undead
+location=63,23,4,8
+level=3
+number=2,3
+wander_radius=2
+
+[enemy]
+type=undead
+location=55,39,8,4
+level=3
+number=2,3
+wander_radius=2
+
+[enemy]
+type=undead
+location=51,49,4,4
+level=3
+number=2
+wander_radius=2
+
+[enemy]
+type=undead
+location=55,57,4,4
+level=3
+number=2
+wander_radius=2
+
+[enemy]
+type=undead
+location=39,53,4,4
+level=3
+number=2
+wander_radius=2
+
+[enemy]
+type=undead
+location=39,61,4,4
+level=3
+number=2
+wander_radius=2
+
+[enemy]
+type=undead
+location=47,63,4,4
+level=3
+number=2
+wander_radius=2
+
+[enemy]
+type=undead
+location=18,49,8,4
+level=3
+number=2,3
+wander_radius=2
+
+[enemy]
+type=undead
+location=11,45,4,8
+level=3
+number=2,3
+wander_radius=2
+
+[enemy]
+type=undead
+location=11,29,4,8
+level=3
+number=2,3
+wander_radius=2
+
+[enemy]
+type=undead
+location=3,21,4,8
+level=3
+number=2,3
+wander_radius=2
+
+[enemy]
+type=undead
+location=7,9,4,8
+level=3
+number=2,3
+wander_radius=2
+
+[enemy]
+type=cid
+location=46,59,1,1
+number=1
+wander_radius=1
+
+[npc]
+type=npcs/yora.txt
+location=20,23,1,1
+
diff --git a/mods/empyrean_campaign/npcs/yora.txt b/mods/empyrean_campaign/npcs/yora.txt
new file mode 100644
index 0000000000000000000000000000000000000000..7f9a30300eb6c7b7395d3f3f71ec4184ce994c98
--- /dev/null
+++ b/mods/empyrean_campaign/npcs/yora.txt
@@ -0,0 +1,17 @@
+name=Yora, Enchanter
+
+portrait=images/portraits/female04.png
+
+# animation info
+gfx=animations/npcs/peasant_woman1.txt
+
+# shop info
+vendor=true
+constant_stock=2,2,2,2,2,2,2,2,2,2,3,3,3,3,3,3,3,3,3,3
+
+# voiceover files
+vox_intro=soundfx/npcs/female_merchant_01.ogg
+vox_intro=soundfx/npcs/female_merchant_02.ogg
+vox_intro=soundfx/npcs/female_merchant_03.ogg
+vox_intro=soundfx/npcs/female_merchant_04.ogg
+
diff --git a/mods/empyrean_campaign/powers/categories/enemy.txt b/mods/empyrean_campaign/powers/categories/enemy.txt
index bbd5695266a6f30040d12b3b4ae7015ef14b343f..607d6dadc8e160cfb18aa94c58db63fa34511543 100644
--- a/mods/empyrean_campaign/powers/categories/enemy.txt
+++ b/mods/empyrean_campaign/powers/categories/enemy.txt
@@ -187,3 +187,23 @@ starting_pos=melee
 post_effect=slow,0,5s
 cooldown=5s
 
+# shadowball
+[power]
+id=176
+type=missile
+new_state=cast
+face=true
+directional=false
+animation=animations/powers/plasmaball.txt
+soundfx=soundfx/powers/shock.ogg
+use_hazard=true
+aim_assist=true
+base_damage=ment
+lifespan=866ms
+radius=1.0
+speed=15
+trait_elemental=dark
+modifier_accuracy=multiply,150,0
+post_power=160
+wall_power=160
+
diff --git a/tiled/empyrean_campaign/hyperspace.tmx b/tiled/empyrean_campaign/hyperspace.tmx
index aebf9ca5f1830dae31f9e8920ce7b9c023ab9478..34c9aa1f92627e8dc829eb0fb691a94c131caadb 100644
--- a/tiled/empyrean_campaign/hyperspace.tmx
+++ b/tiled/empyrean_campaign/hyperspace.tmx
@@ -1,5 +1,5 @@
 <?xml version="1.0" encoding="UTF-8"?>
-<map version="1.0" orientation="isometric" renderorder="right-down" width="40" height="40" tilewidth="64" tileheight="32" backgroundcolor="#000000" nextobjectid="17">
+<map version="1.0" orientation="isometric" renderorder="right-down" width="40" height="40" tilewidth="64" tileheight="32" backgroundcolor="#000000" nextobjectid="19">
  <properties>
   <property name="music" value="music/dungeon_theme.ogg"/>
   <property name="tileset" value="tilesetdefs/tileset_dungeon.txt"/>
@@ -189,7 +189,15 @@
     <property name="tooltip" value="Lochport Cemetery"/>
    </properties>
   </object>
-  <object id="4" x="928" y="288" width="64" height="64"/>
+  <object id="4" name="to St. Maria: Prison" type="on_trigger" x="928" y="288" width="64" height="64">
+   <properties>
+    <property name="hotspot" value="location"/>
+    <property name="intermap" value="maps/st_maria_2.txt,44,24"/>
+    <property name="requires_status" value="emp_waypoint_3"/>
+    <property name="soundfx" value="soundfx/environment/teleporter.ogg,0,0"/>
+    <property name="tooltip" value="St. Maria: Prison"/>
+   </properties>
+  </object>
   <object id="5" x="992" y="512" width="64" height="64"/>
   <object id="6" x="992" y="704" width="64" height="64"/>
   <object id="7" x="928" y="928" width="64" height="64"/>
@@ -215,5 +223,11 @@
     <property name="requires_status" value="emp_waypoint_2"/>
    </properties>
   </object>
+  <object id="17" name="unlock St. Maria: Prison" type="on_load" x="928" y="224" width="32" height="32">
+   <properties>
+    <property name="mapmod" value="background,29,10,265"/>
+    <property name="requires_status" value="emp_waypoint_3"/>
+   </properties>
+  </object>
  </objectgroup>
 </map>
diff --git a/tiled/empyrean_campaign/st_maria_1.tmx b/tiled/empyrean_campaign/st_maria_1.tmx
index 28a683c134714ae1e40fe3d0ed33d0c5e6b3ea83..e3e8f901f73b824cd43baa0c541e25695f7be493 100644
--- a/tiled/empyrean_campaign/st_maria_1.tmx
+++ b/tiled/empyrean_campaign/st_maria_1.tmx
@@ -252,7 +252,7 @@
 3,3,3,3,3,3,3,3,3,3,3,3,3,3,3,3,3,3,3,3,3,3,3,3,3,3,3,3,3,3,3,3,3,3,1,1,1,1,1,1,1,1,1,1,3,3,3,3,3,3,3,3,3,3,3,3,3,3,3,3,3,3,3,3,3,3,3,3,3,3
 </data>
  </layer>
- <objectgroup name="event" visible="0">
+ <objectgroup name="event">
   <object id="5" name="to Lochport" type="on_trigger" x="1216" y="2176" width="64" height="64">
    <properties>
     <property name="hotspot" value="location"/>
@@ -272,7 +272,7 @@
   <object id="7" name="to St. Maria: Prison" type="on_trigger" x="1184" y="480" width="128" height="128">
    <properties>
     <property name="hotspot" value="location"/>
-    <property name="intermap" value="maps/st_maria_2.txt,0,0"/>
+    <property name="intermap" value="maps/st_maria_2.txt,33,7"/>
     <property name="tooltip" value="St. Maria: Prison"/>
    </properties>
   </object>
@@ -354,6 +354,7 @@
     <property name="requires_item" value="1004"/>
     <property name="requires_not_status" value="emp_stmaria1_door"/>
     <property name="set_status" value="emp_stmaria1_door"/>
+    <property name="soundfx" value="soundfx/door_open.ogg"/>
     <property name="tooltip" value="Locked Door"/>
    </properties>
   </object>
diff --git a/tiled/empyrean_campaign/st_maria_2.tmx b/tiled/empyrean_campaign/st_maria_2.tmx
new file mode 100644
index 0000000000000000000000000000000000000000..9574808473ca1b3e18209a2f323d64968e5b0f3f
--- /dev/null
+++ b/tiled/empyrean_campaign/st_maria_2.tmx
@@ -0,0 +1,587 @@
+<?xml version="1.0" encoding="UTF-8"?>
+<map version="1.0" orientation="isometric" renderorder="right-down" width="70" height="70" tilewidth="64" tileheight="32" backgroundcolor="#000000" nextobjectid="51">
+ <properties>
+  <property name="music" value="music/dungeon_theme.ogg"/>
+  <property name="tileset" value="tilesetdefs/tileset_dungeon.txt"/>
+  <property name="title" value="St. Maria: Prison"/>
+ </properties>
+ <tileset firstgid="1" name="collision" tilewidth="64" tileheight="32" tilecount="15">
+  <image source="../dungeon/tiled_collision.png" width="960" height="32"/>
+ </tileset>
+ <tileset firstgid="16" name="dungeon" tilewidth="64" tileheight="128" tilecount="240">
+  <image source="../dungeon/tiled_dungeon.png" width="1024" height="1920"/>
+ </tileset>
+ <tileset firstgid="256" name="set_rules" tilewidth="64" tileheight="32" tilecount="8">
+  <image source="../dungeon/set_rules.png" width="128" height="128"/>
+ </tileset>
+ <tileset firstgid="264" name="tiled_dungeon_2x2" tilewidth="128" tileheight="64" tilecount="16">
+  <tileoffset x="0" y="16"/>
+  <image source="../dungeon/tiled_dungeon_2x2.png" width="512" height="256"/>
+ </tileset>
+ <tileset firstgid="280" name="door_left" tilewidth="64" tileheight="128" tilecount="2">
+  <tileoffset x="-16" y="-8"/>
+  <image source="../dungeon/door_left.png" width="128" height="128"/>
+ </tileset>
+ <tileset firstgid="282" name="door_right" tilewidth="64" tileheight="128" tilecount="2">
+  <tileoffset x="16" y="-8"/>
+  <image source="../dungeon/door_right.png" width="128" height="128"/>
+ </tileset>
+ <tileset firstgid="284" name="stairs" tilewidth="256" tileheight="256" tilecount="4">
+  <tileoffset x="0" y="48"/>
+  <image source="../dungeon/stairs.png" width="1024" height="256"/>
+ </tileset>
+ <layer name="background" width="70" height="70">
+  <data encoding="csv">
+0,0,0,0,0,0,38,37,38,44,36,0,0,0,47,43,42,45,44,17,44,46,36,0,0,0,46,47,39,45,36,47,38,42,41,43,41,39,47,0,0,0,0,0,0,0,0,0,0,0,0,0,0,0,0,0,0,0,0,0,0,0,0,0,0,0,0,0,0,0,
+0,0,0,0,0,0,38,39,47,38,42,0,0,0,41,51,51,51,51,51,51,51,51,0,0,0,37,37,36,41,41,36,46,45,36,39,40,45,36,0,0,0,0,0,0,0,0,0,0,0,0,0,0,0,0,0,0,0,0,0,0,0,0,0,0,0,0,0,0,0,
+0,0,0,0,0,0,45,37,17,16,47,37,39,38,46,16,51,51,51,51,51,51,51,0,0,0,45,40,37,41,35,32,32,35,34,34,47,43,47,0,0,0,0,0,0,0,0,0,0,0,0,0,0,0,0,0,0,0,0,0,0,0,0,0,0,0,0,0,0,0,
+0,0,0,0,0,0,46,45,39,17,39,36,41,37,42,37,47,0,0,0,0,51,51,0,0,0,40,36,37,36,34,40,37,42,42,32,39,47,38,0,0,0,0,0,0,0,0,0,0,0,0,0,0,0,0,0,0,0,0,0,0,0,0,0,0,0,0,0,0,0,
+0,0,0,0,0,0,46,43,37,36,46,39,37,44,38,39,46,0,0,0,0,51,51,0,0,0,37,39,40,47,32,43,44,45,39,34,37,44,43,0,0,0,0,0,0,0,0,0,0,0,0,0,0,0,0,0,0,0,0,0,0,0,0,0,0,0,0,0,0,0,
+0,0,0,0,0,0,46,43,39,36,40,45,43,39,43,38,37,0,0,0,0,51,51,0,0,0,38,47,41,46,35,38,45,46,42,33,18,37,42,0,0,0,0,0,0,0,0,0,0,0,0,0,0,0,0,0,0,0,0,0,0,0,0,0,0,0,0,0,0,0,
+0,0,0,0,0,0,46,44,19,39,36,42,46,40,43,38,40,287,0,0,0,51,51,0,0,0,37,44,44,16,32,39,33,34,36,34,38,39,36,0,0,0,0,0,0,0,0,0,0,0,38,47,38,37,38,45,43,36,41,36,44,42,43,43,47,39,45,0,0,0,
+0,0,0,0,0,0,18,38,37,38,37,0,0,0,47,47,51,51,51,51,51,51,51,0,0,0,36,36,36,37,32,32,34,34,32,34,38,46,45,0,0,0,0,0,0,0,0,0,0,0,38,36,45,17,16,40,37,46,44,45,39,44,42,17,45,39,41,0,0,0,
+0,0,0,0,0,0,37,19,38,46,46,0,0,0,38,51,51,51,51,51,51,51,51,0,0,0,43,47,43,42,46,36,33,34,36,45,45,41,36,0,0,0,0,0,0,0,0,0,0,0,38,39,42,18,19,17,36,39,37,39,43,39,36,17,37,45,47,0,0,0,
+0,0,0,0,0,0,46,45,39,36,41,0,0,0,0,0,0,0,0,0,0,0,0,0,0,0,0,0,0,0,46,42,35,35,44,0,0,0,0,0,0,0,0,0,0,0,0,0,0,0,44,44,43,17,36,45,39,36,47,44,45,19,47,17,39,17,42,0,0,0,
+0,0,0,0,0,0,40,42,40,18,36,0,0,0,0,0,0,0,0,0,0,0,0,0,0,0,0,0,0,0,38,47,32,33,41,0,0,0,0,0,0,0,0,0,0,0,0,0,0,0,36,40,17,17,41,36,43,38,45,39,45,43,40,43,36,44,43,0,0,0,
+0,0,0,0,0,0,36,47,43,47,45,0,0,0,0,0,0,0,0,0,0,0,0,0,0,0,0,0,0,0,44,39,34,32,43,0,0,0,0,0,0,0,0,0,0,0,0,0,0,0,44,42,44,37,43,0,0,0,0,0,0,0,38,38,42,41,44,0,0,0,
+0,0,0,0,0,0,39,46,39,43,39,0,0,0,0,0,0,0,37,44,42,43,43,0,38,38,38,39,38,45,45,47,33,33,39,18,43,38,43,45,36,0,40,47,42,46,41,0,0,0,39,37,39,43,46,0,0,0,0,0,0,0,42,44,46,36,40,0,0,0,
+0,0,0,0,0,0,43,39,42,45,43,0,0,0,0,0,0,0,44,44,40,44,38,0,39,39,37,36,37,19,18,19,36,39,16,19,17,45,47,45,40,0,44,18,38,36,41,0,0,0,45,43,39,16,39,0,0,0,0,0,0,0,47,45,17,38,38,0,0,0,
+0,0,0,0,0,0,46,39,17,43,42,0,0,0,0,0,0,0,18,46,39,36,44,0,43,44,46,38,37,16,37,18,47,38,30,42,19,44,36,46,44,0,47,36,42,47,39,0,0,0,44,43,44,46,45,0,0,0,0,0,0,0,39,43,16,39,39,0,0,0,
+0,0,0,0,0,0,43,38,46,45,45,0,0,0,0,0,0,0,17,40,39,37,37,0,42,47,37,19,16,32,32,32,32,32,32,32,32,16,39,41,38,0,45,36,37,39,40,0,0,0,42,44,39,39,42,0,0,0,0,0,0,0,44,38,45,39,36,0,0,0,
+0,0,41,38,45,40,42,18,38,39,47,0,0,0,0,0,0,0,17,41,43,36,36,40,45,42,38,37,18,33,30,23,23,23,23,31,33,18,46,45,16,47,41,44,18,39,47,0,0,0,18,37,47,37,45,0,0,0,0,0,0,0,45,42,45,44,44,0,0,0,
+0,0,43,51,51,51,51,38,45,42,36,0,0,0,0,0,0,0,36,36,46,46,45,0,37,36,43,16,36,32,22,48,50,50,50,20,33,45,16,38,42,0,45,36,47,43,45,0,0,0,43,45,46,46,43,0,0,0,0,0,0,0,39,38,36,37,40,0,0,0,
+0,0,16,51,39,41,18,38,41,43,37,0,0,0,0,0,0,0,39,44,36,44,40,0,38,45,39,17,44,33,22,49,0,0,0,20,34,41,36,43,47,0,39,39,42,47,42,0,0,0,17,18,36,41,47,0,0,0,0,0,0,0,39,37,45,39,44,0,0,0,
+0,0,38,51,36,44,17,36,38,46,36,0,0,0,0,0,0,0,0,0,0,0,0,0,36,41,44,47,45,32,22,49,0,0,0,20,32,47,46,38,36,0,0,0,0,0,0,0,0,0,40,36,42,47,36,0,0,0,0,0,0,0,45,38,38,47,39,0,0,0,
+0,0,47,51,19,36,45,44,40,46,41,0,0,0,0,0,0,0,45,46,43,44,46,0,43,37,42,45,16,35,29,21,21,21,21,28,34,17,43,44,40,0,42,45,47,42,45,0,0,0,44,45,47,43,36,0,0,0,0,0,0,0,47,44,42,39,42,0,0,0,
+0,0,39,40,45,42,37,0,0,0,0,0,0,0,0,0,0,0,40,39,40,37,42,0,46,19,47,46,39,34,43,45,0,0,41,46,34,37,43,38,45,0,47,0,0,45,42,0,0,0,39,36,37,38,47,0,0,0,0,0,0,0,39,36,45,38,44,0,0,0,
+0,0,44,44,36,18,47,0,0,0,0,0,0,0,0,0,0,0,43,42,43,37,43,0,39,46,46,45,42,34,38,18,0,0,40,42,34,44,38,39,43,0,39,264,0,39,46,0,0,0,47,16,46,43,45,0,0,0,0,0,0,0,46,44,36,43,38,0,0,0,
+0,0,44,47,44,36,42,0,0,0,0,0,0,0,0,0,0,0,41,45,40,44,39,0,38,47,38,37,38,34,19,41,0,0,18,43,33,17,39,45,43,0,44,40,43,41,44,0,0,0,36,47,40,38,42,0,0,0,0,0,0,0,42,46,39,44,42,0,0,0,
+0,0,38,38,36,44,43,0,0,0,0,0,0,0,0,0,0,0,45,36,39,37,39,39,39,36,45,19,37,33,39,37,0,0,17,19,35,43,38,42,41,39,36,37,45,42,42,0,0,0,36,37,37,46,40,0,0,0,0,0,0,0,45,41,43,36,41,0,0,0,
+0,0,40,38,47,44,43,0,0,0,0,0,0,0,0,0,0,0,36,41,38,43,43,0,46,40,43,44,16,33,40,19,0,0,42,16,32,40,47,41,41,0,37,47,43,42,40,0,0,0,39,45,46,38,37,0,0,0,0,0,0,0,44,39,45,39,39,0,0,0,
+0,0,43,43,39,39,45,0,0,0,0,0,0,0,0,0,0,0,44,43,45,39,38,0,44,47,44,43,42,34,46,17,17,46,18,44,34,36,37,44,44,0,40,45,43,44,36,0,0,0,42,47,16,44,42,0,0,0,0,0,0,0,44,41,43,38,44,0,0,0,
+0,0,46,45,45,46,38,0,0,0,0,0,0,0,0,0,0,0,0,0,44,42,0,0,44,40,46,45,46,35,44,43,45,44,17,45,32,39,45,41,42,0,0,0,0,0,0,0,0,0,44,39,36,46,47,0,0,0,0,0,0,0,38,40,44,46,43,0,0,0,
+0,0,37,38,46,36,47,44,45,46,37,47,38,46,41,0,0,0,40,42,41,47,36,0,39,43,39,37,43,34,47,45,36,37,17,38,34,39,17,46,41,0,47,46,46,44,39,0,0,0,41,39,47,43,46,0,0,0,0,0,0,0,41,42,43,37,43,0,0,0,
+0,0,47,51,18,17,36,16,39,37,43,42,43,38,46,0,0,0,46,39,44,44,46,0,37,39,45,36,39,34,38,37,38,46,45,43,35,36,46,44,42,0,45,40,42,38,44,0,0,0,43,42,37,46,46,0,0,0,0,0,0,0,47,45,16,46,43,0,0,0,
+0,0,18,51,36,43,41,45,47,19,45,18,44,36,44,0,0,0,38,37,36,42,43,0,36,39,17,39,37,32,39,36,17,46,45,19,33,36,17,43,42,0,36,37,42,37,37,18,39,45,44,18,19,43,47,0,0,0,0,0,0,0,37,18,37,37,41,0,0,0,
+0,0,43,51,39,44,37,46,37,42,44,37,47,39,36,0,0,0,45,37,39,45,42,0,44,47,38,18,43,33,39,44,40,41,44,45,35,16,38,47,38,0,38,37,45,44,47,36,37,43,45,36,45,44,40,0,0,0,0,0,0,0,18,43,18,36,43,0,0,0,
+0,0,46,51,51,51,51,47,42,46,37,44,45,45,37,0,0,0,36,45,41,45,41,38,45,45,42,36,18,35,41,45,0,0,44,38,34,16,18,41,41,42,42,41,36,37,40,43,47,16,38,41,17,37,42,0,0,0,0,0,0,0,38,39,45,46,46,0,0,0,
+0,0,0,0,0,0,0,0,0,0,37,44,46,40,47,0,0,0,41,36,46,37,44,0,37,36,36,36,47,35,17,17,0,0,46,41,33,19,43,45,40,0,41,47,47,39,39,40,39,39,16,43,47,44,37,0,0,0,0,0,0,0,38,43,37,47,44,0,0,0,
+0,0,0,0,0,0,0,0,0,0,39,42,47,36,41,0,0,0,40,47,37,38,43,0,47,44,39,17,16,32,43,47,0,0,38,37,33,37,16,47,41,0,46,45,46,40,40,37,46,38,41,18,38,37,42,0,0,0,0,0,0,0,47,43,46,17,41,0,0,0,
+0,0,0,0,0,0,0,0,0,0,39,47,46,42,40,0,0,0,0,0,0,0,0,0,38,43,45,44,38,35,19,39,0,0,47,38,35,46,39,47,46,0,0,40,37,0,0,0,0,0,0,0,0,0,0,0,0,0,0,0,0,0,36,40,19,44,41,0,0,0,
+0,0,0,0,0,0,0,0,0,0,36,16,36,46,46,0,0,0,40,41,37,43,43,0,37,39,47,19,47,33,46,41,0,0,40,37,33,42,37,44,37,0,43,44,41,44,45,0,0,0,0,0,0,0,0,0,0,0,0,0,0,0,37,37,36,38,39,0,0,0,
+0,0,0,0,0,0,0,0,0,0,39,40,39,43,38,0,0,0,39,39,47,40,41,0,42,36,43,19,39,33,30,23,23,23,23,31,32,46,16,38,40,0,45,41,42,45,37,0,0,0,0,0,0,0,0,0,0,0,0,0,0,0,47,45,45,41,43,0,0,0,
+0,0,0,0,0,0,0,0,0,0,42,43,38,36,40,0,0,0,45,43,44,42,44,0,18,17,39,38,16,33,22,48,50,50,50,20,34,44,46,39,37,0,37,38,37,39,44,0,0,0,43,43,37,44,36,46,38,38,42,42,47,37,42,43,37,43,46,0,0,0,
+0,0,0,0,0,0,0,0,0,0,38,43,36,46,38,0,0,0,44,19,17,45,38,0,44,40,45,46,42,33,22,49,0,0,0,20,32,40,37,41,36,0,44,39,47,40,45,0,0,0,37,42,44,47,37,38,41,43,47,43,39,46,37,44,45,44,46,0,0,0,
+0,0,0,0,0,0,0,0,0,0,37,46,16,43,37,0,0,0,45,47,37,46,38,0,19,46,47,45,17,35,22,49,0,0,0,20,35,39,46,40,46,0,39,36,39,36,40,0,0,0,37,41,36,18,19,16,16,37,17,43,45,40,38,42,37,17,46,0,0,0,
+0,0,0,0,0,0,0,0,0,0,42,37,39,47,43,0,0,0,19,45,38,37,41,38,44,38,39,37,45,34,29,21,21,21,21,28,34,43,37,45,39,43,41,47,43,42,45,0,0,0,45,38,18,38,36,19,36,36,18,44,37,38,37,38,16,37,43,0,0,0,
+0,0,0,0,0,0,0,0,0,0,43,16,19,17,45,0,0,0,44,44,36,36,38,0,47,43,44,36,41,32,32,34,35,34,34,34,32,36,36,46,39,0,42,47,43,43,41,0,0,0,38,38,45,45,17,36,45,39,43,37,45,37,39,42,47,36,42,0,0,0,
+0,0,0,0,0,0,0,0,0,0,47,38,42,17,46,0,0,0,39,47,45,42,42,0,45,38,37,38,47,46,17,46,46,17,19,18,39,42,38,40,36,0,44,42,36,42,46,0,0,0,44,46,43,19,16,0,0,0,0,0,0,0,0,0,0,0,0,0,0,0,
+0,0,0,0,0,0,0,0,0,0,38,37,38,44,36,0,0,0,40,38,43,39,42,0,42,37,36,37,46,38,38,36,39,45,37,39,37,37,45,47,45,0,0,0,0,44,43,0,0,0,47,46,45,36,37,0,0,0,0,0,0,0,0,0,0,0,0,0,0,0,
+0,0,0,0,0,0,0,0,0,0,41,36,38,39,42,0,0,0,0,0,0,0,0,0,0,0,0,0,0,0,37,40,19,43,45,0,0,0,0,0,0,0,0,0,0,0,0,0,0,0,46,17,16,36,37,0,0,0,0,0,0,0,0,0,0,0,0,0,0,0,
+0,0,0,0,0,0,0,0,0,0,37,46,39,40,43,0,0,0,0,0,0,0,0,0,0,0,0,0,0,0,38,39,39,16,44,0,0,0,0,0,0,0,0,0,0,0,0,0,0,0,38,46,37,46,47,0,0,0,0,0,0,0,0,0,0,0,0,0,0,0,
+0,0,0,0,0,0,0,0,0,0,42,46,47,46,46,0,0,0,0,0,0,0,0,0,0,0,0,0,0,0,36,37,47,36,47,0,0,0,0,0,0,0,0,0,0,0,0,0,0,0,36,45,36,40,36,0,0,0,0,0,0,0,0,0,0,0,0,0,0,0,
+0,0,0,0,0,0,0,0,0,0,36,38,44,37,45,42,47,40,38,47,41,47,45,36,16,39,37,41,47,38,18,43,36,43,40,0,0,0,0,0,0,0,0,0,0,0,0,0,0,0,47,18,19,37,41,0,0,0,0,0,0,0,0,0,0,0,0,0,0,0,
+0,0,0,0,0,0,0,0,0,0,36,36,39,43,36,44,39,19,18,44,45,43,39,38,36,19,18,42,43,16,17,16,45,39,43,0,0,0,0,0,0,0,0,0,0,0,0,0,0,0,45,46,17,19,42,0,0,0,0,0,0,0,0,0,0,0,0,0,0,0,
+0,0,0,0,0,0,0,0,0,0,42,47,37,38,36,45,37,40,47,17,16,37,17,17,36,46,40,38,38,17,45,17,42,47,40,0,0,0,46,44,47,42,38,46,37,46,44,44,39,43,39,42,45,44,46,42,38,47,43,0,0,0,0,0,0,0,0,0,0,0,
+0,0,0,0,0,0,0,0,0,0,44,43,16,36,16,44,38,37,36,39,39,36,19,40,43,42,45,42,19,38,44,17,39,19,40,0,0,0,47,47,46,38,42,37,38,39,37,39,17,38,38,39,46,43,16,45,37,41,45,0,0,0,0,0,0,0,0,0,0,0,
+0,0,0,0,0,0,0,0,0,0,42,45,36,41,37,44,42,45,36,46,39,44,36,42,46,43,46,44,42,42,39,40,46,46,38,0,0,0,37,47,51,51,30,23,23,23,23,31,42,47,30,23,23,23,23,31,51,51,36,0,0,0,0,0,0,0,0,0,0,0,
+0,0,0,0,0,0,0,0,0,0,0,0,0,0,0,0,0,0,0,0,0,0,0,0,0,0,0,0,0,0,0,0,0,0,0,0,0,0,43,45,51,51,22,48,50,50,50,20,34,32,22,48,50,50,50,20,51,51,39,0,0,0,0,0,0,0,0,0,0,0,
+0,0,0,0,0,0,0,0,0,0,0,0,0,0,0,0,0,0,0,0,0,0,0,0,0,0,0,0,0,0,0,0,0,0,0,0,0,0,16,36,51,51,22,49,0,0,0,20,32,32,22,49,0,0,0,20,51,51,42,0,0,0,0,0,0,0,0,0,0,0,
+0,0,0,0,0,0,0,0,0,0,0,0,0,0,0,0,0,0,0,0,0,0,0,0,0,0,0,0,0,0,0,0,0,0,0,0,0,0,44,16,51,51,22,49,0,0,0,20,35,34,22,49,0,0,0,20,51,51,39,0,0,0,0,0,0,0,0,0,0,0,
+0,0,0,0,0,0,0,0,0,0,0,0,0,0,0,0,0,0,0,0,0,0,0,0,0,0,0,0,0,0,0,0,0,0,0,0,0,0,38,16,51,51,22,49,0,0,0,20,32,33,22,49,0,0,0,20,51,51,36,0,0,0,0,0,0,0,0,0,0,0,
+0,0,0,0,0,0,0,0,0,0,0,0,0,0,0,0,0,0,0,0,0,0,0,0,0,0,0,0,0,0,0,0,0,0,0,0,0,0,39,36,51,51,29,21,21,21,21,28,34,33,29,21,21,21,21,28,51,51,42,0,0,0,0,0,0,0,0,0,0,0,
+0,0,0,0,0,0,0,0,0,0,0,0,0,0,0,0,0,0,0,0,0,0,0,0,0,0,0,0,0,0,0,0,0,0,0,0,0,0,39,37,51,51,38,34,33,33,34,33,34,33,35,33,33,34,35,39,51,51,45,0,0,0,0,0,0,0,0,0,0,0,
+0,0,0,0,0,0,0,0,0,0,0,0,0,0,0,0,0,0,0,0,0,0,0,0,0,0,0,0,0,0,0,0,0,0,0,0,0,0,38,18,51,51,46,34,33,35,32,33,32,32,32,35,34,34,35,46,51,51,46,0,0,0,0,0,0,0,0,0,0,0,
+0,0,0,0,0,0,0,0,0,0,0,0,0,0,0,0,0,0,0,0,0,0,0,0,0,0,0,0,0,0,0,0,0,0,0,0,0,0,46,45,51,51,30,23,23,23,23,31,32,33,30,23,23,23,23,31,51,51,42,0,0,0,0,0,0,0,0,0,0,0,
+0,0,0,0,0,0,0,0,0,0,0,0,0,0,0,0,0,0,0,0,0,0,0,0,0,0,0,0,0,0,0,0,0,0,0,0,0,0,43,39,51,51,22,48,50,50,50,20,34,34,22,48,50,50,50,20,51,51,45,0,0,0,0,0,0,0,0,0,0,0,
+0,0,0,0,0,0,0,0,0,0,0,0,0,0,0,0,0,0,0,0,0,0,0,0,0,0,0,0,0,0,0,0,0,0,0,0,0,0,39,42,51,51,22,49,0,0,0,20,32,34,22,49,0,0,0,20,51,51,40,0,0,0,0,0,0,0,0,0,0,0,
+0,0,0,0,0,0,0,0,0,0,0,0,0,0,0,0,0,0,0,0,0,0,0,0,0,0,0,0,0,0,0,0,0,0,0,0,0,0,45,36,51,51,22,49,0,0,0,20,34,35,22,49,0,0,0,20,51,51,47,0,0,0,0,0,0,0,0,0,0,0,
+0,0,0,0,0,0,0,0,0,0,0,0,0,0,0,0,0,0,0,0,0,0,0,0,0,0,0,0,0,0,0,0,0,0,0,0,0,0,38,38,51,51,22,49,0,0,0,20,33,35,22,49,0,0,0,20,51,51,37,0,0,0,0,0,0,0,0,0,0,0,
+0,0,0,0,0,0,0,0,0,0,0,0,0,0,0,0,0,0,0,0,0,0,0,0,0,0,0,0,0,0,0,0,0,0,0,0,0,0,42,46,51,51,29,21,21,21,21,28,38,36,29,21,21,21,21,28,51,51,45,0,0,0,0,0,0,0,0,0,0,0,
+0,0,0,0,0,0,0,0,0,0,0,0,0,0,0,0,0,0,0,0,0,0,0,0,0,0,0,0,0,0,0,0,0,0,0,0,0,0,46,39,39,36,46,38,39,40,36,37,36,43,38,40,37,42,38,43,38,46,45,0,0,0,0,0,0,0,0,0,0,0,
+0,0,0,0,0,0,0,0,0,0,0,0,0,0,0,0,0,0,0,0,0,0,0,0,0,0,0,0,0,0,0,0,0,0,0,0,0,0,0,0,0,0,0,0,0,0,0,0,0,0,0,0,0,0,0,0,0,0,0,0,0,0,0,0,0,0,0,0,0,0,
+0,0,0,0,0,0,0,0,0,0,0,0,0,0,0,0,0,0,0,0,0,0,0,0,0,0,0,0,0,0,0,0,0,0,0,0,0,0,0,0,0,0,0,0,0,0,0,0,0,0,0,0,0,0,0,0,0,0,0,0,0,0,0,0,0,0,0,0,0,0,
+0,0,0,0,0,0,0,0,0,0,0,0,0,0,0,0,0,0,0,0,0,0,0,0,0,0,0,0,0,0,0,0,0,0,0,0,0,0,0,0,0,0,0,0,0,0,0,0,0,0,0,0,0,0,0,0,0,0,0,0,0,0,0,0,0,0,0,0,0,0
+</data>
+ </layer>
+ <layer name="object" width="70" height="70">
+  <data encoding="csv">
+0,0,0,0,0,0,77,69,99,103,69,78,0,0,77,65,109,105,97,69,97,109,69,78,0,0,77,69,97,65,103,109,65,97,65,103,65,109,69,78,0,0,0,0,0,0,0,0,0,0,0,0,0,0,0,0,0,0,0,0,0,0,0,0,0,0,0,0,0,0,
+0,0,0,0,0,0,64,0,0,0,0,70,0,0,108,0,0,0,0,0,0,0,0,70,0,0,64,0,0,0,0,0,0,0,0,0,0,0,0,70,0,0,0,0,0,0,0,0,0,0,0,0,0,0,0,0,0,0,0,0,0,0,0,0,0,0,0,0,0,0,
+0,0,0,0,0,0,64,0,0,0,0,90,81,109,73,176,167,0,0,0,0,192,0,82,0,0,96,0,0,0,0,0,0,0,0,0,0,0,0,82,0,0,0,0,0,0,0,0,0,0,0,0,0,0,0,0,0,0,0,0,0,0,0,0,0,0,0,0,0,0,
+0,0,0,0,0,0,106,0,0,0,0,0,0,0,0,0,179,0,0,0,0,0,0,82,0,0,64,0,0,0,0,0,0,0,0,0,0,0,0,82,0,0,0,0,0,0,0,0,0,0,0,0,0,0,0,0,0,0,0,0,0,0,0,0,0,0,0,0,0,0,
+0,0,0,0,0,0,102,0,0,0,0,0,0,0,0,0,0,0,0,0,0,0,0,82,0,0,102,0,110,0,0,0,0,0,0,0,0,110,0,82,0,0,0,0,0,0,0,0,0,0,0,0,0,0,0,0,0,0,0,0,0,0,0,0,0,0,0,0,0,0,
+0,0,0,0,0,0,64,0,0,0,0,0,0,0,0,0,0,0,0,0,0,0,0,82,0,0,68,0,0,0,0,0,0,0,0,0,0,0,0,82,0,0,0,0,0,0,0,0,0,0,0,0,0,0,0,0,0,0,0,0,0,0,0,0,0,0,0,0,0,0,
+0,0,0,0,0,0,106,0,0,0,0,0,0,0,0,0,178,0,0,0,0,0,0,82,0,0,96,0,0,0,0,284,0,0,0,0,0,0,0,82,0,0,0,0,0,0,0,0,0,0,77,97,65,99,69,103,65,97,105,97,65,109,103,105,99,69,97,78,0,0,
+0,0,0,0,0,0,104,0,0,0,0,91,83,83,88,180,167,0,0,0,0,192,0,82,0,0,108,0,0,167,0,0,0,0,0,0,167,0,0,82,0,0,0,0,0,0,0,0,0,0,64,0,0,146,0,0,0,0,0,0,0,0,0,0,0,0,0,70,0,0,
+0,0,0,0,0,0,98,0,0,0,0,82,0,0,108,0,0,0,0,0,0,0,0,82,0,0,64,0,0,0,0,0,0,0,0,0,0,0,0,82,0,0,0,0,0,0,0,0,0,0,96,147,0,0,0,0,0,0,0,0,0,0,0,0,0,0,0,82,0,0,
+0,0,0,0,0,0,64,0,0,0,0,82,0,0,76,71,83,83,83,83,83,83,83,95,0,0,76,71,83,83,88,0,0,0,0,91,83,83,83,95,0,0,0,0,0,0,0,0,0,0,96,0,0,0,0,0,0,0,0,0,0,0,0,0,0,0,0,82,0,0,
+0,0,0,0,0,0,106,0,0,0,0,82,0,0,0,0,0,0,0,0,0,0,0,0,0,0,0,0,0,0,80,0,0,0,0,82,0,0,0,0,0,0,0,0,0,0,0,0,0,0,68,0,0,0,0,0,0,0,0,0,0,0,0,0,0,0,0,82,0,0,
+0,0,0,0,0,0,68,0,0,0,0,82,0,0,0,0,0,0,0,0,0,0,0,0,0,0,0,0,0,0,64,0,0,0,0,82,0,0,0,0,0,0,0,0,0,0,0,0,0,0,106,0,0,0,0,91,83,83,83,83,83,83,88,0,0,0,0,82,0,0,
+0,0,0,0,0,0,102,0,0,0,0,82,0,0,0,0,0,0,77,69,105,65,65,78,77,69,103,65,99,69,73,0,0,0,0,90,81,105,99,69,65,78,77,65,105,65,97,78,0,0,68,0,0,0,0,82,0,0,0,0,0,0,80,0,0,0,0,82,0,0,
+0,0,0,0,0,0,106,0,0,0,0,82,0,0,0,0,0,0,64,202,203,0,0,66,68,0,0,0,0,0,0,0,0,0,0,0,0,0,0,0,0,66,64,202,203,0,0,66,0,0,104,0,0,0,0,82,0,0,0,0,0,0,68,0,0,0,0,82,0,0,
+0,0,0,0,0,0,108,0,0,0,0,82,0,0,0,0,0,0,108,0,0,0,0,66,68,0,0,0,0,0,0,0,0,0,0,0,0,0,0,0,0,66,96,183,0,0,0,66,0,0,64,0,0,0,0,82,0,0,0,0,0,0,98,0,0,0,0,82,0,0,
+0,0,0,0,0,0,64,0,0,0,0,82,0,0,0,0,0,0,68,0,0,0,0,66,102,0,0,0,0,0,0,0,0,0,0,0,0,0,0,0,0,66,108,0,0,0,0,66,0,0,108,0,0,0,0,82,0,0,0,0,0,0,64,0,0,0,0,82,0,0,
+0,0,77,69,107,105,73,0,0,0,0,82,0,0,0,0,0,0,96,0,0,0,0,116,112,0,0,0,0,0,111,0,0,0,0,111,0,0,0,0,0,116,112,0,0,0,0,66,0,0,102,0,0,0,0,82,0,0,0,0,0,0,96,0,0,0,0,82,0,0,
+0,0,64,176,0,0,0,0,0,0,0,82,0,0,0,0,0,0,64,0,0,0,0,66,68,0,0,0,0,0,0,0,0,0,0,0,0,0,0,0,0,66,104,0,0,0,0,66,0,0,68,0,0,0,0,82,0,0,0,0,0,0,102,0,0,0,0,82,0,0,
+0,0,106,0,0,0,0,0,0,0,0,82,0,0,0,0,0,0,64,0,0,0,0,66,64,0,0,0,0,0,0,0,0,0,0,0,0,0,0,0,0,66,68,0,0,0,0,66,0,0,98,0,0,0,0,82,0,0,0,0,0,0,64,0,0,0,0,82,0,0,
+0,0,64,0,0,0,0,0,0,0,0,82,0,0,0,0,0,0,76,67,67,67,67,79,106,0,0,0,0,0,0,0,0,0,0,0,0,0,0,0,0,66,76,67,67,67,67,79,0,0,64,0,0,0,0,82,0,0,0,0,0,0,106,0,0,0,0,82,0,0,
+0,0,98,0,0,0,0,0,0,0,0,82,0,0,0,0,0,0,77,69,97,65,65,78,98,0,0,0,0,0,0,75,67,67,72,0,0,0,0,0,0,66,77,97,65,105,69,78,0,0,102,0,0,0,0,82,0,0,0,0,0,0,64,0,0,0,0,82,0,0,
+0,0,102,0,0,0,0,91,83,83,83,95,0,0,0,0,0,0,64,205,0,0,0,66,64,0,0,0,0,0,0,66,0,0,64,0,0,0,0,0,0,66,68,0,0,0,0,66,0,0,68,0,0,0,0,82,0,0,0,0,0,0,96,0,0,0,0,82,0,0,
+0,0,64,0,0,0,0,82,0,0,0,0,0,0,0,0,0,0,64,204,0,0,0,66,64,0,0,0,0,0,0,66,0,0,64,0,0,0,0,0,0,66,106,0,0,0,0,66,0,0,96,0,0,0,0,82,0,0,0,0,0,0,102,0,0,0,0,82,0,0,
+0,0,106,0,0,0,0,82,0,0,0,0,0,0,0,0,0,0,104,0,0,0,0,66,102,0,0,0,0,0,0,66,0,0,64,0,0,0,0,0,0,66,102,0,0,0,0,66,0,0,108,0,0,0,0,82,0,0,0,0,0,0,68,0,0,0,0,82,0,0,
+0,0,64,0,0,0,0,82,0,0,0,0,0,0,0,0,0,0,68,0,0,0,0,116,114,0,0,0,0,0,0,66,0,0,64,0,0,0,0,0,0,116,112,0,0,0,0,66,0,0,64,0,0,0,0,82,0,0,0,0,0,0,98,0,0,0,0,82,0,0,
+0,0,108,0,0,0,0,82,0,0,0,0,0,0,0,0,0,0,96,0,0,0,0,66,64,0,0,0,0,0,0,66,0,0,64,0,0,0,0,0,0,66,96,0,0,0,0,66,0,0,106,0,0,0,0,82,0,0,0,0,0,0,106,0,0,0,0,82,0,0,
+0,0,106,0,0,0,0,82,0,0,0,0,0,0,0,0,0,0,68,0,0,0,0,66,68,0,0,0,0,0,0,74,65,65,73,0,0,0,0,0,0,66,68,0,0,0,0,66,0,0,68,0,0,0,0,82,0,0,0,0,0,0,104,0,0,0,0,82,0,0,
+0,0,64,0,0,0,0,82,0,0,0,0,0,0,0,0,0,0,76,67,72,0,75,79,106,0,0,0,0,0,0,0,0,0,0,0,0,0,0,0,0,66,76,67,67,67,67,79,0,0,104,0,0,0,0,82,0,0,0,0,0,0,68,0,0,0,0,82,0,0,
+0,0,102,0,0,0,0,90,81,109,103,65,105,103,65,78,0,0,77,105,73,0,74,78,104,0,0,0,0,0,0,0,0,0,0,0,0,0,0,0,0,66,77,65,97,109,69,78,0,0,96,0,0,0,0,82,0,0,0,0,0,0,102,0,0,0,0,82,0,0,
+0,0,98,0,0,0,0,0,0,0,0,0,0,180,146,70,0,0,96,0,0,0,0,66,68,0,0,0,0,0,0,0,0,0,0,0,0,0,0,0,0,66,96,202,203,0,0,66,0,0,64,0,0,0,0,82,0,0,0,0,0,0,108,0,0,0,0,82,0,0,
+0,0,64,0,0,0,0,0,0,0,0,0,0,0,0,82,0,0,108,182,0,0,0,66,68,0,0,0,0,0,0,0,0,0,0,0,0,0,0,0,0,66,68,0,0,0,182,74,105,103,73,0,0,0,0,82,0,0,0,0,0,0,64,0,0,0,0,82,0,0,
+0,0,106,0,0,0,0,0,0,0,0,0,0,0,0,82,0,0,64,0,0,0,0,66,102,0,0,0,0,0,0,75,67,67,72,0,0,0,0,0,0,66,68,0,0,0,0,0,0,0,0,0,0,0,0,82,0,0,0,0,0,0,106,0,0,0,0,82,0,0,
+0,0,68,0,0,0,0,0,0,0,0,0,0,0,0,82,0,0,68,0,0,0,0,116,112,0,0,0,0,0,0,66,0,0,64,0,0,0,0,0,0,116,114,0,0,0,0,0,0,0,0,0,0,0,0,82,0,0,0,0,0,0,68,0,0,0,0,82,0,0,
+0,0,76,71,83,83,83,83,83,83,88,0,0,0,0,82,0,0,104,202,203,0,0,66,68,0,0,0,0,0,0,66,0,0,64,0,0,0,0,0,0,66,96,0,0,0,0,0,0,0,0,0,0,0,0,82,0,0,0,0,0,0,102,0,0,0,0,82,0,0,
+0,0,0,0,0,0,0,0,0,0,80,0,0,0,0,82,0,0,68,0,0,0,0,66,64,0,0,0,0,0,0,66,0,0,64,0,0,0,0,0,0,66,64,0,0,0,0,0,0,0,0,0,0,0,0,82,0,0,0,0,0,0,104,0,0,0,0,82,0,0,
+0,0,0,0,0,0,0,0,0,0,64,0,0,0,0,82,0,0,76,67,67,67,67,79,106,0,0,0,0,0,0,66,0,0,64,0,0,0,0,0,0,66,76,72,0,75,67,67,71,83,83,83,83,83,83,95,0,0,0,0,0,0,96,0,0,0,0,82,0,0,
+0,0,0,0,0,0,0,0,0,0,106,0,0,0,0,82,0,0,77,109,97,69,65,78,98,0,0,0,0,0,0,66,0,0,64,0,0,0,0,0,0,66,77,73,0,74,105,78,0,0,0,0,0,0,0,0,0,0,0,0,0,0,98,0,0,0,0,82,0,0,
+0,0,0,0,0,0,0,0,0,0,68,0,0,0,0,82,0,0,64,205,0,0,0,66,64,0,0,0,0,0,0,74,69,69,73,0,0,0,0,0,0,66,64,205,0,0,0,66,0,0,0,0,0,0,0,0,0,0,0,0,0,0,64,0,0,0,0,82,0,0,
+0,0,0,0,0,0,0,0,0,0,102,0,0,0,0,82,0,0,64,204,0,0,0,66,64,0,0,0,0,0,0,0,0,0,0,0,0,0,0,0,0,66,98,204,0,0,0,66,0,0,77,65,97,105,103,99,97,99,103,69,105,109,73,0,0,0,0,82,0,0,
+0,0,0,0,0,0,0,0,0,0,68,0,0,0,0,82,0,0,68,147,0,0,0,66,64,0,0,0,0,0,0,0,0,0,0,0,0,0,0,0,0,66,96,181,0,0,0,66,0,0,68,0,0,0,0,0,0,0,0,0,0,0,0,0,0,0,0,82,0,0,
+0,0,0,0,0,0,0,0,0,0,98,0,0,0,0,82,0,0,68,0,0,0,0,66,102,0,0,0,0,0,0,0,0,0,0,0,0,0,0,0,0,66,68,0,0,0,0,66,0,0,108,0,0,0,0,0,0,0,0,0,0,0,0,0,0,0,0,82,0,0,
+0,0,0,0,0,0,0,0,0,0,102,0,0,0,0,82,0,0,96,183,0,0,0,116,112,0,0,0,0,0,111,0,0,0,0,111,0,0,0,0,0,116,112,0,0,0,0,66,0,0,108,0,0,0,0,0,0,0,0,0,0,0,0,0,0,0,0,82,0,0,
+0,0,0,0,0,0,0,0,0,0,68,0,0,0,0,82,0,0,96,0,0,0,0,66,64,0,0,0,0,0,0,0,0,0,0,0,0,0,0,0,0,66,64,0,0,0,0,66,0,0,102,0,0,0,0,0,0,0,0,0,0,0,0,0,0,0,0,82,0,0,
+0,0,0,0,0,0,0,0,0,0,106,0,0,0,0,82,0,0,104,0,0,0,0,66,68,0,0,0,0,0,0,0,0,0,0,0,0,0,0,0,0,66,68,0,0,0,0,66,0,0,96,0,0,0,0,91,83,83,83,83,83,83,83,83,83,83,83,95,0,0,
+0,0,0,0,0,0,0,0,0,0,108,0,0,0,0,82,0,0,64,0,0,0,0,66,64,0,0,0,0,0,0,0,0,0,0,0,0,0,0,0,0,66,76,67,67,67,67,79,0,0,98,0,0,0,0,82,0,0,0,0,0,0,0,0,0,0,0,0,0,0,
+0,0,0,0,0,0,0,0,0,0,102,0,0,0,0,82,0,0,76,67,67,67,67,79,76,71,83,83,83,83,88,0,0,0,0,91,83,83,83,83,83,79,0,0,0,0,0,0,0,0,96,0,0,0,0,82,0,0,0,0,0,0,0,0,0,0,0,0,0,0,
+0,0,0,0,0,0,0,0,0,0,98,0,0,0,0,82,0,0,0,0,0,0,0,0,0,0,0,0,0,0,80,0,0,0,0,82,0,0,0,0,0,0,0,0,0,0,0,0,0,0,102,0,0,0,0,82,0,0,0,0,0,0,0,0,0,0,0,0,0,0,
+0,0,0,0,0,0,0,0,0,0,64,0,0,0,0,82,0,0,0,0,0,0,0,0,0,0,0,0,0,0,64,0,0,0,0,82,0,0,0,0,0,0,0,0,0,0,0,0,0,0,64,0,0,0,0,82,0,0,0,0,0,0,0,0,0,0,0,0,0,0,
+0,0,0,0,0,0,0,0,0,0,102,0,0,0,0,90,81,69,107,103,65,65,105,103,107,69,78,0,77,69,73,0,0,0,0,82,0,0,0,0,0,0,0,0,0,0,0,0,0,0,104,0,0,0,0,82,0,0,0,0,0,0,0,0,0,0,0,0,0,0,
+0,0,0,0,0,0,0,0,0,0,64,0,0,0,0,0,0,0,0,0,0,0,0,0,0,0,74,65,73,0,0,0,0,0,0,82,0,0,0,0,0,0,0,0,0,0,0,0,0,0,64,0,0,0,0,82,0,0,0,0,0,0,0,0,0,0,0,0,0,0,
+0,0,0,0,0,0,0,0,0,0,106,0,0,0,0,0,0,0,0,0,0,0,0,0,0,0,0,0,281,0,0,0,0,0,0,82,0,0,77,65,103,97,97,69,99,69,65,99,103,109,73,0,0,0,0,90,81,69,105,78,0,0,0,0,0,0,0,0,0,0,
+0,0,0,0,0,0,0,0,0,0,68,0,0,0,0,0,0,0,0,0,0,0,0,0,0,0,0,0,280,0,0,0,0,0,0,82,0,0,68,0,0,0,0,0,0,0,0,0,0,0,0,0,0,0,0,0,0,0,0,70,0,0,0,0,0,0,0,0,0,0,
+0,0,0,0,0,0,0,0,0,0,64,0,0,0,0,0,0,0,0,0,0,0,0,0,0,0,91,83,88,0,0,0,0,0,0,82,0,0,104,0,0,0,0,0,0,0,0,0,0,0,0,0,0,0,0,0,0,0,0,82,0,0,0,0,0,0,0,0,0,0,
+0,0,0,0,0,0,0,0,0,0,76,71,83,83,83,83,83,83,83,83,83,83,83,83,83,83,95,0,92,83,83,83,83,83,83,95,0,0,108,0,0,0,128,0,0,0,0,0,0,0,0,0,0,0,0,0,0,0,0,82,0,0,0,0,0,0,0,0,0,0,
+0,0,0,0,0,0,0,0,0,0,0,0,0,0,0,0,0,0,0,0,0,0,0,0,0,0,0,0,0,0,0,0,0,0,0,0,0,0,64,0,0,0,0,0,0,0,0,0,0,0,0,0,0,0,0,0,0,0,0,82,0,0,0,0,0,0,0,0,0,0,
+0,0,0,0,0,0,0,0,0,0,0,0,0,0,0,0,0,0,0,0,0,0,0,0,0,0,0,0,0,0,0,0,0,0,0,0,0,0,102,0,0,0,0,0,0,0,0,0,0,0,0,0,0,0,0,0,0,0,0,82,0,0,0,0,0,0,0,0,0,0,
+0,0,0,0,0,0,0,0,0,0,0,0,0,0,0,0,0,0,0,0,0,0,0,0,0,0,0,0,0,0,0,0,0,0,0,0,0,0,68,0,0,0,0,0,0,0,0,120,123,123,118,0,0,0,0,0,0,0,0,82,0,0,0,0,0,0,0,0,0,0,
+0,0,0,0,0,0,0,0,0,0,0,0,0,0,0,0,0,0,0,0,0,0,0,0,0,0,0,0,0,0,0,0,0,0,0,0,0,0,98,144,0,0,0,0,0,0,0,0,181,0,0,121,0,0,0,0,0,0,0,82,0,0,0,0,0,0,0,0,0,0,
+0,0,0,0,0,0,0,0,0,0,0,0,0,0,0,0,0,0,0,0,0,0,0,0,0,0,0,0,0,0,0,0,0,0,0,0,0,0,96,0,0,0,0,0,0,0,0,0,150,0,0,122,0,0,0,0,0,0,0,82,0,0,0,0,0,0,0,0,0,0,
+0,0,0,0,0,0,0,0,0,0,0,0,0,0,0,0,0,0,0,0,0,0,0,0,0,0,0,0,0,0,0,0,0,0,0,0,0,0,96,0,0,0,0,0,0,0,0,0,0,0,0,122,0,0,0,0,0,0,0,82,0,0,0,0,0,0,0,0,0,0,
+0,0,0,0,0,0,0,0,0,0,0,0,0,0,0,0,0,0,0,0,0,0,0,0,0,0,0,0,0,0,0,0,0,0,0,0,0,0,104,144,0,0,0,0,0,0,0,0,0,0,0,119,0,0,0,0,0,0,0,82,0,0,0,0,0,0,0,0,0,0,
+0,0,0,0,0,0,0,0,0,0,0,0,0,0,0,0,0,0,0,0,0,0,0,0,0,0,0,0,0,0,0,0,0,0,0,0,0,0,68,0,0,0,0,0,0,0,0,0,137,137,0,0,0,0,0,0,0,0,0,82,0,0,0,0,0,0,0,0,0,0,
+0,0,0,0,0,0,0,0,0,0,0,0,0,0,0,0,0,0,0,0,0,0,0,0,0,0,0,0,0,0,0,0,0,0,0,0,0,0,102,0,0,0,0,0,0,0,0,0,0,0,0,0,0,0,0,0,0,0,0,82,0,0,0,0,0,0,0,0,0,0,
+0,0,0,0,0,0,0,0,0,0,0,0,0,0,0,0,0,0,0,0,0,0,0,0,0,0,0,0,0,0,0,0,0,0,0,0,0,0,68,0,0,0,0,0,0,0,0,0,0,0,0,0,0,0,0,0,0,0,0,82,0,0,0,0,0,0,0,0,0,0,
+0,0,0,0,0,0,0,0,0,0,0,0,0,0,0,0,0,0,0,0,0,0,0,0,0,0,0,0,0,0,0,0,0,0,0,0,0,0,96,0,0,0,128,0,0,0,0,0,0,0,0,0,0,0,0,0,0,0,0,82,0,0,0,0,0,0,0,0,0,0,
+0,0,0,0,0,0,0,0,0,0,0,0,0,0,0,0,0,0,0,0,0,0,0,0,0,0,0,0,0,0,0,0,0,0,0,0,0,0,108,0,0,0,0,0,0,0,0,0,0,0,0,0,0,0,0,0,0,0,0,82,0,0,0,0,0,0,0,0,0,0,
+0,0,0,0,0,0,0,0,0,0,0,0,0,0,0,0,0,0,0,0,0,0,0,0,0,0,0,0,0,0,0,0,0,0,0,0,0,0,68,0,0,0,0,0,0,0,0,0,0,0,0,0,0,0,0,0,0,0,0,82,0,0,0,0,0,0,0,0,0,0,
+0,0,0,0,0,0,0,0,0,0,0,0,0,0,0,0,0,0,0,0,0,0,0,0,0,0,0,0,0,0,0,0,0,0,0,0,0,0,76,71,83,83,83,83,83,83,83,83,83,83,83,83,83,83,83,83,83,83,83,95,0,0,0,0,0,0,0,0,0,0,
+0,0,0,0,0,0,0,0,0,0,0,0,0,0,0,0,0,0,0,0,0,0,0,0,0,0,0,0,0,0,0,0,0,0,0,0,0,0,0,0,0,0,0,0,0,0,0,0,0,0,0,0,0,0,0,0,0,0,0,0,0,0,0,0,0,0,0,0,0,0,
+0,0,0,0,0,0,0,0,0,0,0,0,0,0,0,0,0,0,0,0,0,0,0,0,0,0,0,0,0,0,0,0,0,0,0,0,0,0,0,0,0,0,0,0,0,0,0,0,0,0,0,0,0,0,0,0,0,0,0,0,0,0,0,0,0,0,0,0,0,0
+</data>
+ </layer>
+ <layer name="collision" width="70" height="70">
+  <data encoding="csv">
+3,3,3,3,3,3,1,1,1,1,1,1,3,3,1,1,1,1,1,1,1,1,1,1,3,3,1,1,1,1,1,1,1,1,1,1,1,1,1,1,3,3,3,3,3,3,3,3,3,3,3,3,3,3,3,3,3,3,3,3,3,3,3,3,3,3,3,3,3,3,
+3,3,3,3,3,3,1,0,0,0,0,1,3,3,1,0,0,0,0,0,0,0,0,1,3,3,1,0,0,0,0,0,0,0,0,0,0,0,0,1,3,3,3,3,3,3,3,3,3,3,3,3,3,3,3,3,3,3,3,3,3,3,3,3,3,3,3,3,3,3,
+3,3,3,3,3,3,1,0,0,0,0,1,1,1,1,0,4,0,0,0,0,4,0,1,3,3,1,0,0,0,0,0,0,0,0,0,0,0,0,1,3,3,3,3,3,3,3,3,3,3,3,3,3,3,3,3,3,3,3,3,3,3,3,3,3,3,3,3,3,3,
+3,3,3,3,3,3,1,0,0,0,0,0,0,0,0,0,0,0,1,1,1,0,0,1,3,3,1,0,0,0,0,1,1,1,1,0,0,0,0,1,3,3,3,3,3,3,3,3,3,3,3,3,3,3,3,3,3,3,3,3,3,3,3,3,3,3,3,3,3,3,
+3,3,3,3,3,3,1,0,0,0,0,0,0,0,0,0,0,0,0,0,1,0,0,1,3,3,1,0,1,0,0,1,3,3,1,0,0,1,0,1,3,3,3,3,3,3,3,3,3,3,3,3,3,3,3,3,3,3,3,3,3,3,3,3,3,3,3,3,3,3,
+3,3,3,3,3,3,1,0,0,0,0,0,0,0,0,0,0,0,0,0,1,0,0,1,3,3,1,0,0,0,0,1,3,3,1,0,0,0,0,1,3,3,3,3,3,3,3,3,3,3,3,3,3,3,3,3,3,3,3,3,3,3,3,3,3,3,3,3,3,3,
+3,3,3,3,3,3,1,0,0,0,0,0,0,0,0,0,0,0,1,1,1,0,0,1,3,3,1,0,0,0,0,1,0,0,1,0,0,0,0,1,3,3,3,3,3,3,3,3,3,3,1,1,1,1,1,1,1,1,1,1,1,1,1,1,1,1,1,1,3,3,
+3,3,3,3,3,3,1,0,0,0,0,1,1,1,1,0,4,0,0,0,0,4,0,1,3,3,1,0,0,4,0,0,0,0,0,0,4,0,0,1,3,3,3,3,3,3,3,3,3,3,1,0,0,4,0,0,0,0,0,0,0,0,0,0,0,0,0,1,3,3,
+3,3,3,3,3,3,1,0,0,0,0,1,3,3,1,0,0,0,0,0,0,0,0,1,3,3,1,0,0,0,0,0,0,0,0,0,0,0,0,1,3,3,3,3,3,3,3,3,3,3,1,4,0,0,0,0,0,0,0,0,0,0,0,0,0,0,0,1,3,3,
+3,3,3,3,3,3,1,0,0,0,0,1,3,3,1,1,1,1,1,1,1,1,1,1,3,3,1,1,1,1,1,0,0,0,0,1,1,1,1,1,3,3,3,3,3,3,3,3,3,3,1,0,0,0,0,0,0,0,0,0,0,0,0,0,0,0,0,1,3,3,
+3,3,3,3,3,3,1,0,0,0,0,1,3,3,3,3,3,3,3,3,3,3,3,3,3,3,3,3,3,3,1,0,0,0,0,1,3,3,3,3,3,3,3,3,3,3,3,3,3,3,1,0,0,0,0,0,0,0,0,0,0,0,0,0,0,0,0,1,3,3,
+3,3,3,3,3,3,1,0,0,0,0,1,3,3,3,3,3,3,3,3,3,3,3,3,3,3,3,3,3,3,1,0,0,0,0,1,3,3,3,3,3,3,3,3,3,3,3,3,3,3,1,0,0,0,0,1,1,1,1,1,1,1,1,0,0,0,0,1,3,3,
+3,3,3,3,3,3,1,0,0,0,0,1,3,3,3,3,3,3,1,1,1,1,1,1,1,1,1,1,1,1,1,0,0,0,0,1,1,1,1,1,1,1,1,1,1,1,1,1,3,3,1,0,0,0,0,1,3,3,3,3,3,3,1,0,0,0,0,1,3,3,
+3,3,3,3,3,3,1,0,0,0,0,1,3,3,3,3,3,3,1,4,4,0,0,1,1,0,0,0,0,0,0,0,0,0,0,0,0,0,0,0,0,1,1,4,4,0,0,1,3,3,1,0,0,0,0,1,3,3,3,3,3,3,1,0,0,0,0,1,3,3,
+3,3,3,3,3,3,1,0,0,0,0,1,3,3,3,3,3,3,1,0,0,0,0,1,1,0,0,0,0,0,0,0,0,0,0,0,0,0,0,0,0,1,1,0,0,0,0,1,3,3,1,0,0,0,0,1,3,3,3,3,3,3,1,0,0,0,0,1,3,3,
+3,3,3,3,3,3,1,0,0,0,0,1,3,3,3,3,3,3,1,0,0,0,0,1,1,0,0,0,0,0,0,0,0,0,0,0,0,0,0,0,0,1,1,0,0,0,0,1,3,3,1,0,0,0,0,1,3,3,3,3,3,3,1,0,0,0,0,1,3,3,
+3,3,1,1,1,1,1,0,0,0,0,1,3,3,3,3,3,3,1,0,0,0,0,0,0,0,0,0,0,0,1,0,0,0,0,1,0,0,0,0,0,0,0,0,0,0,0,1,3,3,1,0,0,0,0,1,3,3,3,3,3,3,1,0,0,0,0,1,3,3,
+3,3,1,0,0,0,0,0,0,0,0,1,3,3,3,3,3,3,1,0,0,0,0,1,1,0,0,0,0,0,0,2,2,2,2,0,0,0,0,0,0,1,1,0,0,0,0,1,3,3,1,0,0,0,0,1,3,3,3,3,3,3,1,0,0,0,0,1,3,3,
+3,3,1,0,0,0,0,0,0,0,0,1,3,3,3,3,3,3,1,0,0,0,0,1,1,0,0,0,0,0,0,2,4,4,2,0,0,0,0,0,0,1,1,0,0,0,0,1,3,3,1,0,0,0,0,1,3,3,3,3,3,3,1,0,0,0,0,1,3,3,
+3,3,1,0,0,0,0,0,0,0,0,1,3,3,3,3,3,3,1,1,1,1,1,1,1,0,0,0,0,0,0,2,2,2,2,0,0,0,0,0,0,1,1,1,1,1,1,1,3,3,1,0,0,0,0,1,3,3,3,3,3,3,1,0,0,0,0,1,3,3,
+3,3,1,0,0,0,0,0,0,0,0,1,3,3,3,3,3,3,1,1,1,1,1,1,1,0,0,0,0,0,0,1,1,1,1,0,0,0,0,0,0,1,1,1,1,1,1,1,3,3,1,0,0,0,0,1,3,3,3,3,3,3,1,0,0,0,0,1,3,3,
+3,3,1,0,0,0,0,1,1,1,1,1,3,3,3,3,3,3,1,4,0,0,0,1,1,0,0,0,0,0,0,1,3,3,1,0,0,0,0,0,0,1,1,0,0,0,0,1,3,3,1,0,0,0,0,1,3,3,3,3,3,3,1,0,0,0,0,1,3,3,
+3,3,1,0,0,0,0,1,3,3,3,3,3,3,3,3,3,3,1,4,0,0,0,1,1,0,0,0,0,0,0,1,3,3,1,0,0,0,0,0,0,1,1,0,0,0,0,1,3,3,1,0,0,0,0,1,3,3,3,3,3,3,1,0,0,0,0,1,3,3,
+3,3,1,0,0,0,0,1,3,3,3,3,3,3,3,3,3,3,1,0,0,0,0,1,1,0,0,0,0,0,0,1,3,3,1,0,0,0,0,0,0,1,1,0,0,0,0,1,3,3,1,0,0,0,0,1,3,3,3,3,3,3,1,0,0,0,0,1,3,3,
+3,3,1,0,0,0,0,1,3,3,3,3,3,3,3,3,3,3,1,0,0,0,0,1,1,0,0,0,0,0,0,1,3,3,1,0,0,0,0,0,0,0,0,0,0,0,0,1,3,3,1,0,0,0,0,1,3,3,3,3,3,3,1,0,0,0,0,1,3,3,
+3,3,1,0,0,0,0,1,3,3,3,3,3,3,3,3,3,3,1,0,0,0,0,1,1,0,0,0,0,0,0,1,3,3,1,0,0,0,0,0,0,1,1,0,0,0,0,1,3,3,1,0,0,0,0,1,3,3,3,3,3,3,1,0,0,0,0,1,3,3,
+3,3,1,0,0,0,0,1,3,3,3,3,3,3,3,3,3,3,1,0,0,0,0,1,1,0,0,0,0,0,0,1,1,1,1,0,0,0,0,0,0,1,1,0,0,0,0,1,3,3,1,0,0,0,0,1,3,3,3,3,3,3,1,0,0,0,0,1,3,3,
+3,3,1,0,0,0,0,1,3,3,3,3,3,3,3,3,3,3,1,1,1,0,1,1,1,0,0,0,0,0,0,0,0,0,0,0,0,0,0,0,0,1,1,1,1,1,1,1,3,3,1,0,0,0,0,1,3,3,3,3,3,3,1,0,0,0,0,1,3,3,
+3,3,1,0,0,0,0,1,1,1,1,1,1,1,1,1,3,3,1,1,1,0,1,1,1,0,0,0,0,0,0,0,0,0,0,0,0,0,0,0,0,1,1,1,1,1,1,1,3,3,1,0,0,0,0,1,3,3,3,3,3,3,1,0,0,0,0,1,3,3,
+3,3,1,0,0,0,0,0,0,0,0,0,0,0,4,1,3,3,1,0,0,0,0,1,1,0,0,0,0,0,0,0,0,0,0,0,0,0,0,0,0,1,1,4,4,0,0,1,3,3,1,0,0,0,0,1,3,3,3,3,3,3,1,0,0,0,0,1,3,3,
+3,3,1,0,0,0,0,0,0,0,0,0,0,0,0,1,3,3,1,0,0,0,0,1,1,0,0,0,0,0,0,0,0,0,0,0,0,0,0,0,0,1,1,0,0,0,0,1,1,1,1,0,0,0,0,1,3,3,3,3,3,3,1,0,0,0,0,1,3,3,
+3,3,1,0,0,0,0,0,0,0,0,0,0,0,0,1,3,3,1,0,0,0,0,1,1,0,0,0,0,0,0,1,1,1,1,0,0,0,0,0,0,1,1,0,0,0,0,0,0,0,0,0,0,0,0,1,3,3,3,3,3,3,1,0,0,0,0,1,3,3,
+3,3,1,0,0,0,0,0,0,0,0,0,0,0,0,1,3,3,1,0,0,0,0,0,0,0,0,0,0,0,0,1,3,3,1,0,0,0,0,0,0,1,1,0,0,0,0,0,0,0,0,0,0,0,0,1,3,3,3,3,3,3,1,0,0,0,0,1,3,3,
+3,3,1,1,1,1,1,1,1,1,1,0,0,0,0,1,3,3,1,4,4,0,0,1,1,0,0,0,0,0,0,1,3,3,1,0,0,0,0,0,0,1,1,0,0,0,0,0,0,0,0,0,0,0,0,1,3,3,3,3,3,3,1,0,0,0,0,1,3,3,
+3,3,3,3,3,3,3,3,3,3,1,0,0,0,0,1,3,3,1,0,0,0,0,1,1,0,0,0,0,0,0,1,3,3,1,0,0,0,0,0,0,1,1,0,0,0,0,0,0,0,0,0,0,0,0,1,3,3,3,3,3,3,1,0,0,0,0,1,3,3,
+3,3,3,3,3,3,3,3,3,3,1,0,0,0,0,1,3,3,1,1,1,1,1,1,1,0,0,0,0,0,0,1,3,3,1,0,0,0,0,0,0,1,1,1,0,1,1,1,1,1,1,1,1,1,1,1,3,3,3,3,3,3,1,0,0,0,0,1,3,3,
+3,3,3,3,3,3,3,3,3,3,1,0,0,0,0,1,3,3,1,1,1,1,1,1,1,0,0,0,0,0,0,1,3,3,1,0,0,0,0,0,0,1,1,1,0,1,1,1,3,3,3,3,3,3,3,3,3,3,3,3,3,3,1,0,0,0,0,1,3,3,
+3,3,3,3,3,3,3,3,3,3,1,0,0,0,0,1,3,3,1,4,0,0,0,1,1,0,0,0,0,0,0,1,1,1,1,0,0,0,0,0,0,1,1,4,0,0,0,1,3,3,3,3,3,3,3,3,3,3,3,3,3,3,1,0,0,0,0,1,3,3,
+3,3,3,3,3,3,3,3,3,3,1,0,0,0,0,1,3,3,1,4,0,0,0,1,1,0,0,0,0,0,0,2,2,2,2,0,0,0,0,0,0,1,1,4,0,0,0,1,3,3,1,1,1,1,1,1,1,1,1,1,1,1,1,0,0,0,0,1,3,3,
+3,3,3,3,3,3,3,3,3,3,1,0,0,0,0,1,3,3,1,4,0,0,0,1,1,0,0,0,0,0,0,2,4,4,2,0,0,0,0,0,0,1,1,0,0,0,0,1,3,3,1,0,0,0,0,0,0,0,0,0,0,0,0,0,0,0,0,1,3,3,
+3,3,3,3,3,3,3,3,3,3,1,0,0,0,0,1,3,3,1,0,0,0,0,1,1,0,0,0,0,0,0,2,2,2,2,0,0,0,0,0,0,1,1,0,0,0,0,1,3,3,1,0,0,0,0,0,0,0,0,0,0,0,0,0,0,0,0,1,3,3,
+3,3,3,3,3,3,3,3,3,3,1,0,0,0,0,1,3,3,1,0,0,0,0,0,0,0,0,0,0,0,1,0,0,0,0,1,0,0,0,0,0,0,0,0,0,0,0,1,3,3,1,0,0,0,0,0,0,0,0,0,0,0,0,0,0,0,0,1,3,3,
+3,3,3,3,3,3,3,3,3,3,1,0,0,0,0,1,3,3,1,0,0,0,0,1,1,0,0,0,0,0,0,0,0,0,0,0,0,0,0,0,0,1,1,0,0,0,0,1,3,3,1,0,0,0,0,0,0,0,0,0,0,0,0,0,0,0,0,1,3,3,
+3,3,3,3,3,3,3,3,3,3,1,0,0,0,0,1,3,3,1,0,0,0,0,1,1,0,0,0,0,0,0,0,0,0,0,0,0,0,0,0,0,1,1,0,0,0,0,1,3,3,1,0,0,0,0,1,1,1,1,1,1,1,1,1,1,1,1,1,3,3,
+3,3,3,3,3,3,3,3,3,3,1,0,0,0,0,1,3,3,1,0,0,0,0,1,1,0,0,0,0,0,0,0,0,0,0,0,0,0,0,0,0,1,1,1,1,1,1,1,3,3,1,0,0,0,0,1,3,3,3,3,3,3,3,3,3,3,3,3,3,3,
+3,3,3,3,3,3,3,3,3,3,1,0,0,0,0,1,3,3,1,1,1,1,1,1,1,1,1,1,1,1,1,0,0,0,0,1,1,1,1,1,1,1,1,1,1,1,1,1,3,3,1,0,0,0,0,1,3,3,3,3,3,3,3,3,3,3,3,3,3,3,
+3,3,3,3,3,3,3,3,3,3,1,0,0,0,0,1,3,3,3,3,3,3,3,3,3,3,3,3,3,3,1,0,0,0,0,1,3,3,3,3,3,3,3,3,3,3,3,3,3,3,1,0,0,0,0,1,3,3,3,3,3,3,3,3,3,3,3,3,3,3,
+3,3,3,3,3,3,3,3,3,3,1,0,0,0,0,1,3,3,3,3,3,3,3,3,3,3,3,3,3,3,1,0,0,0,0,1,3,3,3,3,3,3,3,3,3,3,3,3,3,3,1,0,0,0,0,1,3,3,3,3,3,3,3,3,3,3,3,3,3,3,
+3,3,3,3,3,3,3,3,3,3,1,0,0,0,0,1,1,1,1,1,1,1,1,1,1,1,1,3,1,1,1,0,0,0,0,1,3,3,3,3,3,3,3,3,3,3,3,3,3,3,1,0,0,0,0,1,3,3,3,3,3,3,3,3,3,3,3,3,3,3,
+3,3,3,3,3,3,3,3,3,3,1,0,0,0,0,0,0,0,0,0,0,0,0,0,0,0,1,1,1,0,0,0,0,0,0,1,3,3,3,3,3,3,3,3,3,3,3,3,3,3,1,0,0,0,0,1,3,3,3,3,3,3,3,3,3,3,3,3,3,3,
+3,3,3,3,3,3,3,3,3,3,1,0,0,0,0,0,0,0,0,0,0,0,0,0,0,0,0,1,1,0,0,0,0,0,0,1,3,3,1,1,1,1,1,1,1,1,1,1,1,1,1,0,0,0,0,1,1,1,1,1,3,3,3,3,3,3,3,3,3,3,
+3,3,3,3,3,3,3,3,3,3,1,0,0,0,0,0,0,0,0,0,0,0,0,0,0,0,0,1,1,0,0,0,0,0,0,1,3,3,1,0,0,0,0,0,0,0,0,0,0,0,0,0,0,0,0,0,0,0,0,1,3,3,3,3,3,3,3,3,3,3,
+3,3,3,3,3,3,3,3,3,3,1,0,0,0,0,0,0,0,0,0,0,0,0,0,0,0,1,1,1,0,0,0,0,0,0,1,3,3,1,0,0,0,0,0,0,0,0,0,0,0,0,0,0,0,0,0,0,0,0,1,3,3,3,3,3,3,3,3,3,3,
+3,3,3,3,3,3,3,3,3,3,1,1,1,1,1,1,1,1,1,1,1,1,1,1,1,1,1,3,1,1,1,1,1,1,1,1,3,3,1,0,0,0,4,2,2,2,2,0,0,0,0,2,2,2,2,0,0,0,0,1,3,3,3,3,3,3,3,3,3,3,
+3,3,3,3,3,3,3,3,3,3,3,3,3,3,3,3,3,3,3,3,3,3,3,3,3,3,3,3,3,3,3,3,3,3,3,3,3,3,1,0,0,0,0,2,4,4,2,0,0,0,0,2,4,4,2,0,0,0,0,1,3,3,3,3,3,3,3,3,3,3,
+3,3,3,3,3,3,3,3,3,3,3,3,3,3,3,3,3,3,3,3,3,3,3,3,3,3,3,3,3,3,3,3,3,3,3,3,3,3,1,0,0,0,0,2,4,4,2,0,0,0,0,2,4,4,2,0,0,0,0,1,3,3,3,3,3,3,3,3,3,3,
+3,3,3,3,3,3,3,3,3,3,3,3,3,3,3,3,3,3,3,3,3,3,3,3,3,3,3,3,3,3,3,3,3,3,3,3,3,3,1,0,0,0,0,2,2,2,2,4,4,4,4,2,2,2,2,0,0,0,0,1,3,3,3,3,3,3,3,3,3,3,
+3,3,3,3,3,3,3,3,3,3,3,3,3,3,3,3,3,3,3,3,3,3,3,3,3,3,3,3,3,3,3,3,3,3,3,3,3,3,1,4,0,0,0,0,0,0,0,0,0,0,0,4,0,0,0,0,0,0,0,1,3,3,3,3,3,3,3,3,3,3,
+3,3,3,3,3,3,3,3,3,3,3,3,3,3,3,3,3,3,3,3,3,3,3,3,3,3,3,3,3,3,3,3,3,3,3,3,3,3,1,0,0,0,0,0,0,0,0,0,4,0,0,4,0,0,0,0,0,0,0,1,3,3,3,3,3,3,3,3,3,3,
+3,3,3,3,3,3,3,3,3,3,3,3,3,3,3,3,3,3,3,3,3,3,3,3,3,3,3,3,3,3,3,3,3,3,3,3,3,3,1,0,0,0,0,0,0,0,0,0,0,0,0,4,0,0,0,0,0,0,0,1,3,3,3,3,3,3,3,3,3,3,
+3,3,3,3,3,3,3,3,3,3,3,3,3,3,3,3,3,3,3,3,3,3,3,3,3,3,3,3,3,3,3,3,3,3,3,3,3,3,1,4,0,0,0,0,0,0,0,0,0,0,0,4,0,0,0,0,0,0,0,1,3,3,3,3,3,3,3,3,3,3,
+3,3,3,3,3,3,3,3,3,3,3,3,3,3,3,3,3,3,3,3,3,3,3,3,3,3,3,3,3,3,3,3,3,3,3,3,3,3,1,0,0,0,0,2,2,2,2,0,4,4,0,2,2,2,2,0,0,0,0,1,3,3,3,3,3,3,3,3,3,3,
+3,3,3,3,3,3,3,3,3,3,3,3,3,3,3,3,3,3,3,3,3,3,3,3,3,3,3,3,3,3,3,3,3,3,3,3,3,3,1,0,0,0,0,2,4,4,2,0,0,0,0,2,4,4,2,0,0,0,0,1,3,3,3,3,3,3,3,3,3,3,
+3,3,3,3,3,3,3,3,3,3,3,3,3,3,3,3,3,3,3,3,3,3,3,3,3,3,3,3,3,3,3,3,3,3,3,3,3,3,1,0,0,0,0,2,4,4,2,0,0,0,0,2,4,4,2,0,0,0,0,1,3,3,3,3,3,3,3,3,3,3,
+3,3,3,3,3,3,3,3,3,3,3,3,3,3,3,3,3,3,3,3,3,3,3,3,3,3,3,3,3,3,3,3,3,3,3,3,3,3,1,0,0,0,4,2,2,2,2,0,0,0,0,2,2,2,2,0,0,0,0,1,3,3,3,3,3,3,3,3,3,3,
+3,3,3,3,3,3,3,3,3,3,3,3,3,3,3,3,3,3,3,3,3,3,3,3,3,3,3,3,3,3,3,3,3,3,3,3,3,3,1,0,0,0,0,0,0,0,0,0,0,0,0,0,0,0,0,0,0,0,0,1,3,3,3,3,3,3,3,3,3,3,
+3,3,3,3,3,3,3,3,3,3,3,3,3,3,3,3,3,3,3,3,3,3,3,3,3,3,3,3,3,3,3,3,3,3,3,3,3,3,1,0,0,0,0,0,0,0,0,0,0,0,0,0,0,0,0,0,0,0,0,1,3,3,3,3,3,3,3,3,3,3,
+3,3,3,3,3,3,3,3,3,3,3,3,3,3,3,3,3,3,3,3,3,3,3,3,3,3,3,3,3,3,3,3,3,3,3,3,3,3,1,1,1,1,1,1,1,1,1,1,1,1,1,1,1,1,1,1,1,1,1,1,3,3,3,3,3,3,3,3,3,3,
+3,3,3,3,3,3,3,3,3,3,3,3,3,3,3,3,3,3,3,3,3,3,3,3,3,3,3,3,3,3,3,3,3,3,3,3,3,3,3,3,3,3,3,3,3,3,3,3,3,3,3,3,3,3,3,3,3,3,3,3,3,3,3,3,3,3,3,3,3,3,
+3,3,3,3,3,3,3,3,3,3,3,3,3,3,3,3,3,3,3,3,3,3,3,3,3,3,3,3,3,3,3,3,3,3,3,3,3,3,3,3,3,3,3,3,3,3,3,3,3,3,3,3,3,3,3,3,3,3,3,3,3,3,3,3,3,3,3,3,3,3
+</data>
+ </layer>
+ <objectgroup name="event">
+  <object id="1" name="to St. Maria: Mausoleum" type="on_trigger" x="1024" y="192" width="64" height="32">
+   <properties>
+    <property name="hotspot" value="location"/>
+    <property name="intermap" value="maps/st_maria_1.txt,39,14"/>
+    <property name="tooltip" value="St. Maria: Mausoleum"/>
+   </properties>
+  </object>
+  <object id="2" name="to Hyperspace" type="on_trigger" x="1376" y="672" width="64" height="64">
+   <properties>
+    <property name="hotspot" value="location"/>
+    <property name="intermap" value="maps/hyperspace.txt,28,11"/>
+    <property name="soundfx" value="soundfx/environment/teleporter.ogg,0,0"/>
+    <property name="tooltip" value="Hyperspace"/>
+   </properties>
+  </object>
+  <object id="3" name="Unlock waypoint" type="on_trigger" x="1344" y="672" width="128" height="160">
+   <properties>
+    <property name="mapmod" value="background,43,22,265"/>
+    <property name="msg" value="St. Maria: Prison waypoint discovered."/>
+    <property name="repeat" value="false"/>
+    <property name="requires_not_status" value="emp_waypoint_3"/>
+    <property name="set_status" value="emp_waypoint_3"/>
+   </properties>
+  </object>
+  <object id="4" name="unlock waypoint (on_load)" type="on_load" x="1472" y="608" width="32" height="32">
+   <properties>
+    <property name="mapmod" value="background,43,22,265"/>
+    <property name="requires_status" value="emp_waypoint_3"/>
+   </properties>
+  </object>
+  <object id="5" name="open loop door" type="on_trigger" x="1536" y="1856" width="32" height="32">
+   <properties>
+    <property name="hotspot" value="location"/>
+    <property name="mapmod" value="collision,45,50,0;collision,46,50,0;collision,45,44,0;collision,46,44,0;object,45,50,0;object,46,50,0;object,45,44,0;object,46,44,0;object,48,58,166;background,45,45,51;background,45,46,51;background,45,47,51;background,45,48,51;background,45,49,51;background,46,45,51;background,46,46,51;background,46,47,51;background,46,48,51;background,46,49,51;collision,45,45,0;collision,45,46,0;collision,45,47,0;collision,45,48,0;collision,45,49,0;collision,46,45,0;collision,46,46,0;collision,46,47,0;collision,46,48,0;collision,46,49,0"/>
+    <property name="repeat" value="false"/>
+    <property name="soundfx" value="soundfx/door_open.ogg"/>
+    <property name="tooltip" value="Switch"/>
+   </properties>
+  </object>
+  <object id="7" name="Locked Door" type="on_trigger" x="864" y="1600" width="64" height="64">
+   <properties>
+    <property name="hotspot" value="location"/>
+    <property name="msg" value="This door needs a key to be opened."/>
+    <property name="requires_not_status" value="emp_stmaria2_key;emp_stmaria2_door"/>
+    <property name="tooltip" value="Locked Door"/>
+   </properties>
+  </object>
+  <object id="8" name="Unlock Door (on_load)" type="on_load" x="832" y="1696" width="32" height="32">
+   <properties>
+    <property name="mapmod" value="collision,27,50,0;collision,28,50,0;collision,27,51,0;collision,28,51,0;object,28,50,0;object,28,51,0;object,27,49,213;object,27,52,219"/>
+    <property name="requires_status" value="emp_stmaria2_door"/>
+   </properties>
+  </object>
+  <object id="9" name="Unlock Door" type="on_trigger" x="832" y="1760" width="32" height="32">
+   <properties>
+    <property name="hotspot" value="27,50,2,2"/>
+    <property name="mapmod" value="collision,27,50,0;collision,28,50,0;collision,27,51,0;collision,28,51,0;object,28,50,0;object,28,51,0;object,27,49,213;object,27,52,219"/>
+    <property name="remove_item" value="1005"/>
+    <property name="requires_item" value="1005"/>
+    <property name="requires_not_status" value="emp_stmaria2_door"/>
+    <property name="set_status" value="emp_stmaria2_door"/>
+    <property name="soundfx" value="soundfx/door_open.ogg"/>
+    <property name="tooltip" value="Locked Door"/>
+   </properties>
+  </object>
+  <object id="36" type="on_load" x="1088" y="96" width="32" height="32">
+   <properties>
+    <property name="requires_not_status" value="emp_stmaria2_init"/>
+    <property name="set_status" value="emp_stmaria2_init"/>
+   </properties>
+  </object>
+  <object id="38" type="on_trigger" x="1248" y="1920" width="32" height="32">
+   <properties>
+    <property name="hotspot" value="location"/>
+    <property name="loot" value="loot/level_3.txt"/>
+    <property name="loot_count" value="3,4"/>
+    <property name="mapmod" value="object,39,60,160"/>
+    <property name="repeat" value="false"/>
+    <property name="soundfx" value="soundfx/wood_open.ogg"/>
+    <property name="tooltip" value="Treasure Chest"/>
+   </properties>
+  </object>
+  <object id="39" type="on_trigger" x="1248" y="1824" width="32" height="32">
+   <properties>
+    <property name="hotspot" value="location"/>
+    <property name="loot" value="loot/level_3.txt"/>
+    <property name="loot_count" value="3,4"/>
+    <property name="mapmod" value="object,39,57,160"/>
+    <property name="repeat" value="false"/>
+    <property name="soundfx" value="soundfx/wood_open.ogg"/>
+    <property name="tooltip" value="Treasure Chest"/>
+   </properties>
+  </object>
+  <object id="40" type="on_trigger" x="1632" y="256" width="32" height="32">
+   <properties>
+    <property name="hotspot" value="location"/>
+    <property name="loot" value="loot/level_3.txt"/>
+    <property name="mapmod" value="object,51,8,163"/>
+    <property name="repeat" value="false"/>
+    <property name="soundfx" value="soundfx/wood_open.ogg"/>
+    <property name="tooltip" value="Crate"/>
+   </properties>
+  </object>
+  <object id="41" type="on_trigger" x="1696" y="224" width="32" height="32">
+   <properties>
+    <property name="hotspot" value="location"/>
+    <property name="loot" value="loot/level_3.txt"/>
+    <property name="mapmod" value="object,53,7,162"/>
+    <property name="repeat" value="false"/>
+    <property name="soundfx" value="soundfx/wood_open.ogg"/>
+    <property name="tooltip" value="Barrel"/>
+   </properties>
+  </object>
+  <object id="42" type="on_trigger" x="608" y="1248" width="32" height="32">
+   <properties>
+    <property name="hotspot" value="location"/>
+    <property name="loot" value="loot/level_3.txt"/>
+    <property name="mapmod" value="object,19,39,163"/>
+    <property name="repeat" value="false"/>
+    <property name="soundfx" value="soundfx/wood_open.ogg"/>
+    <property name="tooltip" value="Crate"/>
+   </properties>
+  </object>
+  <object id="43" type="on_trigger" x="448" y="928" width="32" height="32">
+   <properties>
+    <property name="hotspot" value="location"/>
+    <property name="loot" value="loot/level_3.txt"/>
+    <property name="mapmod" value="object,14,29,162"/>
+    <property name="repeat" value="false"/>
+    <property name="soundfx" value="soundfx/wood_open.ogg"/>
+    <property name="tooltip" value="Barrel"/>
+   </properties>
+  </object>
+  <object id="44" name="brazier sound effect" type="on_load" x="1152" y="224" width="32" height="32">
+   <properties>
+    <property name="soundfx" value="soundfx/environment/open_fire_loop.ogg"/>
+   </properties>
+  </object>
+  <object id="45" name="brazier sound effect" type="on_load" x="928" y="224" width="32" height="32">
+   <properties>
+    <property name="soundfx" value="soundfx/environment/open_fire_loop.ogg"/>
+   </properties>
+  </object>
+  <object id="46" name="brazier sound effect" type="on_load" x="512" y="224" width="32" height="32">
+   <properties>
+    <property name="soundfx" value="soundfx/environment/open_fire_loop.ogg"/>
+   </properties>
+  </object>
+  <object id="47" name="brazier sound effect" type="on_load" x="512" y="64" width="32" height="32">
+   <properties>
+    <property name="soundfx" value="soundfx/environment/open_fire_loop.ogg"/>
+   </properties>
+  </object>
+  <object id="50" name="Wind sound" type="on_load" x="0" y="0" width="32" height="32">
+   <properties>
+    <property name="soundfx" value="soundfx/environment/cave_wind_loop.ogg"/>
+   </properties>
+  </object>
+ </objectgroup>
+ <objectgroup name="enemy" visible="0">
+  <object id="12" type="undead" x="992" y="864" width="128" height="128">
+   <properties>
+    <property name="level" value="3"/>
+    <property name="number" value="2"/>
+    <property name="wander_radius" value="2"/>
+   </properties>
+  </object>
+  <object id="13" type="undead" x="1152" y="1088" width="128" height="256">
+   <properties>
+    <property name="level" value="3"/>
+    <property name="number" value="2"/>
+    <property name="wander_radius" value="2"/>
+   </properties>
+  </object>
+  <object id="14" type="undead" x="832" y="1088" width="128" height="256">
+   <properties>
+    <property name="level" value="3"/>
+    <property name="number" value="2"/>
+    <property name="wander_radius" value="2"/>
+   </properties>
+  </object>
+  <object id="15" type="undead" x="608" y="448" width="64" height="96">
+   <properties>
+    <property name="level" value="3"/>
+    <property name="number" value="1"/>
+    <property name="wander_radius" value="2"/>
+   </properties>
+  </object>
+  <object id="16" type="undead" x="1376" y="448" width="64" height="96">
+   <properties>
+    <property name="level" value="3"/>
+    <property name="number" value="1"/>
+    <property name="wander_radius" value="2"/>
+   </properties>
+  </object>
+  <object id="17" type="undead" x="608" y="1184" width="64" height="192">
+   <properties>
+    <property name="level" value="3"/>
+    <property name="number" value="2"/>
+    <property name="wander_radius" value="1,2"/>
+   </properties>
+  </object>
+  <object id="18" type="undead" x="832" y="704" width="128" height="256">
+   <properties>
+    <property name="level" value="3"/>
+    <property name="number" value="2"/>
+    <property name="wander_radius" value="2"/>
+   </properties>
+  </object>
+  <object id="19" type="undead" x="992" y="1568" width="128" height="128">
+   <properties>
+    <property name="level" value="3"/>
+    <property name="number" value="2"/>
+    <property name="wander_radius" value="2"/>
+   </properties>
+  </object>
+  <object id="20" type="undead" x="1504" y="992" width="256" height="128">
+   <properties>
+    <property name="level" value="3"/>
+    <property name="number" value="2,3"/>
+    <property name="wander_radius" value="2"/>
+   </properties>
+  </object>
+  <object id="21" type="undead" x="1632" y="224" width="128" height="256">
+   <properties>
+    <property name="level" value="3"/>
+    <property name="number" value="2,3"/>
+    <property name="wander_radius" value="2"/>
+   </properties>
+  </object>
+  <object id="22" type="undead" x="2016" y="224" width="128" height="256">
+   <properties>
+    <property name="level" value="3"/>
+    <property name="number" value="2,3"/>
+    <property name="wander_radius" value="2"/>
+   </properties>
+  </object>
+  <object id="23" type="undead" x="2016" y="736" width="128" height="256">
+   <properties>
+    <property name="level" value="3"/>
+    <property name="number" value="2,3"/>
+    <property name="wander_radius" value="2"/>
+   </properties>
+  </object>
+  <object id="24" type="undead" x="1760" y="1248" width="256" height="128">
+   <properties>
+    <property name="level" value="3"/>
+    <property name="number" value="2,3"/>
+    <property name="wander_radius" value="2"/>
+   </properties>
+  </object>
+  <object id="25" type="undead" x="1632" y="1568" width="128" height="128">
+   <properties>
+    <property name="level" value="3"/>
+    <property name="number" value="2"/>
+    <property name="wander_radius" value="2"/>
+   </properties>
+  </object>
+  <object id="26" type="undead" x="1760" y="1824" width="128" height="128">
+   <properties>
+    <property name="level" value="3"/>
+    <property name="number" value="2"/>
+    <property name="wander_radius" value="2"/>
+   </properties>
+  </object>
+  <object id="27" type="undead" x="1248" y="1696" width="128" height="128">
+   <properties>
+    <property name="level" value="3"/>
+    <property name="number" value="2"/>
+    <property name="wander_radius" value="2"/>
+   </properties>
+  </object>
+  <object id="28" type="undead" x="1248" y="1952" width="128" height="128">
+   <properties>
+    <property name="level" value="3"/>
+    <property name="number" value="2"/>
+    <property name="wander_radius" value="2"/>
+   </properties>
+  </object>
+  <object id="29" type="undead" x="1504" y="2016" width="128" height="128">
+   <properties>
+    <property name="level" value="3"/>
+    <property name="number" value="2"/>
+    <property name="wander_radius" value="2"/>
+   </properties>
+  </object>
+  <object id="30" type="undead" x="576" y="1568" width="256" height="128">
+   <properties>
+    <property name="level" value="3"/>
+    <property name="number" value="2,3"/>
+    <property name="wander_radius" value="2"/>
+   </properties>
+  </object>
+  <object id="31" type="undead" x="352" y="1440" width="128" height="256">
+   <properties>
+    <property name="level" value="3"/>
+    <property name="number" value="2,3"/>
+    <property name="wander_radius" value="2"/>
+   </properties>
+  </object>
+  <object id="32" type="undead" x="352" y="928" width="128" height="256">
+   <properties>
+    <property name="level" value="3"/>
+    <property name="number" value="2,3"/>
+    <property name="wander_radius" value="2"/>
+   </properties>
+  </object>
+  <object id="33" type="undead" x="96" y="672" width="128" height="256">
+   <properties>
+    <property name="level" value="3"/>
+    <property name="number" value="2,3"/>
+    <property name="wander_radius" value="2"/>
+   </properties>
+  </object>
+  <object id="34" type="undead" x="224" y="288" width="128" height="256">
+   <properties>
+    <property name="level" value="3"/>
+    <property name="number" value="2,3"/>
+    <property name="wander_radius" value="2"/>
+   </properties>
+  </object>
+  <object id="37" type="cid" x="1472" y="1888" width="32" height="32">
+   <properties>
+    <property name="number" value="1"/>
+    <property name="wander_radius" value="1"/>
+   </properties>
+  </object>
+ </objectgroup>
+ <objectgroup name="npc">
+  <object id="6" type="npcs/yora.txt" x="640" y="736" width="32" height="32"/>
+ </objectgroup>
+</map>
