diff --git a/mods/empyrean_campaign/enemies/lvl3_zombie_bloodthirsty.txt b/mods/empyrean_campaign/enemies/lvl3_zombie_bloodthirsty.txt
index e82611df91d97efcfef87fe5a61303e0e5d1c63c..f2d72a63bbe43d774b7717a2422f000303ee77c9 100644
--- a/mods/empyrean_campaign/enemies/lvl3_zombie_bloodthirsty.txt
+++ b/mods/empyrean_campaign/enemies/lvl3_zombie_bloodthirsty.txt
@@ -2,7 +2,7 @@ INCLUDE enemies/base/zombie.txt
 
 name=Bloodthirsty Zombie
 level=3
-categories=zombie,undead,dungeon,grassland
+categories=zombie,undead,dungeon,grassland,zombie_lvl3
 rarity=uncommon
 xp=8
 
diff --git a/mods/empyrean_campaign/enemies/lvl3_zombie_brute.txt b/mods/empyrean_campaign/enemies/lvl3_zombie_brute.txt
index 0d50d9cead0e508a6683b8399f5b3c24355cc621..364c5aee3ecd54d8aff33389d9f7f746b620a23c 100644
--- a/mods/empyrean_campaign/enemies/lvl3_zombie_brute.txt
+++ b/mods/empyrean_campaign/enemies/lvl3_zombie_brute.txt
@@ -2,7 +2,7 @@ INCLUDE enemies/base/zombie.txt
 
 name=Zombie Brute
 level=3
-categories=zombie,undead,dungeon,grassland
+categories=zombie,undead,dungeon,grassland,zombie_lvl3
 rarity=common
 xp=8
 
diff --git a/mods/empyrean_campaign/enemies/lvl3_zombie_iceclaw.txt b/mods/empyrean_campaign/enemies/lvl3_zombie_iceclaw.txt
index e50fbb4bdca9983e1fe418822b10b418ce56b95c..a32c74ec430e6b1cfa8d6e4230ea29d4a931bed7 100644
--- a/mods/empyrean_campaign/enemies/lvl3_zombie_iceclaw.txt
+++ b/mods/empyrean_campaign/enemies/lvl3_zombie_iceclaw.txt
@@ -2,7 +2,7 @@ INCLUDE enemies/base/zombie.txt
 
 name=Iceclaw Zombie
 level=3
-categories=zombie,undead,dungeon,grassland
+categories=zombie,undead,dungeon,grassland,zombie_lvl3
 rarity=uncommon
 xp=8
 
diff --git a/mods/empyrean_campaign/maps/st_maria_3.txt b/mods/empyrean_campaign/maps/st_maria_3.txt
index 670096d04595f84e5d80153d0c328aa7e0a82bd9..a55196c923a963a16b1dfd20ab4acc3f870f31eb 100644
--- a/mods/empyrean_campaign/maps/st_maria_3.txt
+++ b/mods/empyrean_campaign/maps/st_maria_3.txt
@@ -20,25 +20,25 @@ tileset=../../../tiled/dungeon/stairs.png,256,256,0,48
 [layer]
 type=background
 data=
-0,0,0,0,0,0,0,0,0,0,0,0,0,0,0,0,0,0,0,0,0,0,0,0,0,0,0,0,0,0,0,0,0,0,0,0,0,0,0,0,
-0,0,0,0,0,0,0,0,0,0,0,24,21,21,21,21,21,21,21,21,21,21,25,49,0,0,0,0,0,0,0,0,0,0,0,0,0,0,0,0,
-0,0,0,0,0,0,0,0,0,0,0,20,32,37,42,32,35,34,32,38,37,32,22,49,0,0,0,0,0,0,0,0,0,0,0,0,0,0,0,0,
-0,0,0,0,0,0,0,0,0,0,0,20,37,44,19,44,16,47,17,43,46,19,22,49,0,0,0,0,0,0,0,0,0,0,0,0,0,0,0,0,
-0,0,0,0,0,0,0,0,0,0,0,20,47,16,40,38,41,36,36,39,39,17,22,49,0,0,0,0,0,0,0,0,0,0,0,0,0,0,0,0,
-0,0,0,24,21,21,21,21,21,21,21,28,38,47,36,42,37,44,47,42,17,39,29,21,21,21,21,21,21,21,25,49,0,0,0,0,0,0,0,0,
-0,0,0,20,35,32,35,34,34,35,51,40,38,19,46,47,19,45,47,19,47,40,47,51,34,34,34,32,35,32,22,49,0,0,0,0,0,0,0,0,
-0,0,0,20,34,47,43,16,39,35,51,39,47,39,38,19,57,59,18,19,36,46,47,51,33,38,44,19,44,32,22,49,0,0,0,0,0,0,0,0,
-0,0,0,20,35,18,36,47,41,32,51,40,18,45,24,21,21,21,21,25,16,44,16,51,32,47,46,18,18,35,22,49,0,0,0,0,0,0,0,0,
-0,0,0,20,34,43,40,43,45,32,51,46,39,17,20,34,34,32,34,22,40,45,37,51,32,16,40,44,45,34,22,49,0,0,0,0,0,0,0,0,
-0,0,0,20,34,46,16,44,45,32,51,38,18,42,20,32,35,32,34,22,18,38,44,51,34,19,42,37,39,32,22,49,0,0,0,0,0,0,0,0,
-0,0,0,20,32,32,33,32,32,34,51,42,43,18,20,33,35,33,34,22,16,46,36,51,35,32,35,33,33,33,22,49,0,0,0,0,0,0,0,0,
+0,0,0,0,0,0,51,51,51,51,51,51,51,0,0,0,0,0,0,0,0,51,51,51,51,51,51,51,0,0,0,0,0,0,0,0,0,0,0,0,
+0,0,0,0,0,0,51,0,0,0,0,24,16,21,21,21,21,21,21,21,21,16,25,49,0,0,0,51,0,0,0,0,0,0,0,0,0,0,0,0,
+0,0,0,0,0,0,51,0,0,0,0,20,32,37,42,32,35,34,32,38,37,32,22,49,0,0,0,51,0,0,0,0,0,0,0,0,0,0,0,0,
+0,0,0,0,0,0,51,0,0,0,0,20,37,44,19,44,16,47,17,43,46,19,22,49,0,0,0,51,0,0,0,0,0,0,0,0,0,0,0,0,
+0,0,0,0,0,0,51,0,0,0,0,20,47,16,40,38,41,36,36,39,39,17,22,49,0,0,0,51,0,0,0,0,0,0,0,0,0,0,0,0,
+0,0,0,24,21,21,16,21,21,21,21,28,38,47,36,42,37,44,47,42,17,39,29,21,21,21,21,16,21,21,25,49,0,0,0,0,0,0,0,0,
+0,0,0,20,35,32,35,34,34,35,47,40,38,19,46,47,19,45,47,19,47,40,47,36,34,34,34,32,35,32,22,49,0,0,0,0,0,0,0,0,
+0,0,0,20,34,47,43,16,39,35,36,39,47,39,38,19,57,59,18,19,36,46,47,36,33,38,44,19,44,32,22,49,0,0,0,0,0,0,0,0,
+0,0,0,20,35,18,36,47,41,32,36,40,18,45,24,21,21,21,21,25,16,44,16,43,32,47,46,18,18,35,22,49,0,0,0,0,0,0,0,0,
+0,0,0,20,34,43,40,43,51,32,44,46,39,17,20,34,34,32,34,22,40,45,37,45,32,51,40,44,45,34,22,49,0,0,0,0,0,0,0,0,
+0,0,0,20,34,46,16,51,51,32,39,38,18,42,20,32,35,32,34,22,18,38,44,36,34,51,51,37,39,32,22,49,0,0,0,0,0,0,0,0,
+0,0,0,20,32,32,33,32,32,34,45,42,43,18,20,33,35,33,34,22,16,46,36,19,35,32,35,33,33,33,22,49,0,0,0,0,0,0,0,0,
 0,0,0,27,23,23,23,23,23,23,23,31,45,40,20,33,35,32,34,22,36,17,30,23,23,23,23,23,23,23,26,49,0,0,0,0,0,0,0,0,
 0,0,0,50,50,50,50,50,50,50,50,20,43,18,27,23,23,23,23,26,39,18,22,48,50,50,50,50,50,50,50,0,0,0,0,0,0,0,0,0,
 0,0,0,0,0,0,0,0,0,0,0,20,39,44,16,36,39,18,43,42,41,46,22,49,0,0,0,0,0,0,0,0,0,0,0,0,0,0,0,0,
-0,0,0,0,0,0,0,0,0,0,0,20,40,41,46,47,47,40,44,36,46,42,22,49,0,0,0,0,0,0,0,0,0,0,0,0,0,0,0,0,
+0,0,0,0,0,0,0,0,0,0,0,20,40,16,46,47,19,40,44,36,46,42,22,49,0,0,0,0,0,0,0,0,0,0,0,0,0,0,0,0,
 0,0,0,0,0,0,0,0,0,0,0,27,23,23,23,31,36,16,30,23,23,23,26,49,0,0,0,0,0,0,0,0,0,0,0,0,0,0,0,0,
 0,0,0,0,0,0,0,0,0,0,0,50,50,50,50,20,61,63,22,48,50,50,50,0,0,0,0,0,0,0,0,0,0,0,0,0,0,0,0,0,
-0,0,0,0,0,0,0,0,0,0,0,0,0,0,0,20,46,47,22,49,0,0,0,0,0,0,0,0,0,0,0,0,0,0,0,0,0,0,0,0,
+0,0,0,0,0,0,0,0,0,0,0,0,0,0,0,20,39,45,22,49,0,0,0,0,0,0,0,0,0,0,0,0,0,0,0,0,0,0,0,0,
 0,0,0,0,0,0,0,0,0,0,0,0,0,0,0,20,46,18,22,49,0,0,0,0,0,0,0,0,0,0,0,0,0,0,0,0,0,0,0,0,
 0,0,0,0,0,0,0,0,0,0,0,0,0,0,0,20,37,17,22,49,0,0,0,0,0,0,0,0,0,0,0,0,0,0,0,0,0,0,0,0,
 0,0,0,0,0,0,0,0,0,0,0,24,21,21,21,28,38,38,29,21,21,21,25,49,0,0,0,0,0,0,0,0,0,0,0,0,0,0,0,0,
@@ -89,15 +89,15 @@ data=
 0,0,0,0,0,0,0,0,0,0,0,0,145,0,0,110,244,245,110,0,0,145,0,0,0,0,0,0,0,0,0,0,0,0,0,0,0,0,0,0,
 0,0,0,0,0,0,0,0,0,0,0,0,0,0,0,0,0,0,0,0,0,0,0,0,0,0,0,0,0,0,0,0,0,0,0,0,0,0,0,0,
 0,0,0,0,0,0,0,0,0,0,0,121,0,0,0,0,0,0,0,0,0,0,121,0,0,0,0,0,0,0,0,0,0,0,0,0,0,0,0,0,
-0,0,0,167,0,193,0,0,193,0,0,126,123,118,0,120,123,123,118,0,120,123,125,0,0,193,0,0,193,0,167,0,0,0,0,0,0,0,0,0,
+0,0,0,167,0,193,0,0,193,0,0,126,123,123,123,123,123,123,123,123,123,123,125,0,0,193,0,0,193,0,167,0,0,0,0,0,0,0,0,0,
 0,0,0,128,0,0,0,0,0,0,0,0,0,0,0,0,0,0,0,0,0,0,0,0,0,0,0,0,0,0,130,0,0,0,0,0,0,0,0,0,
 0,0,0,121,0,0,0,0,0,0,0,0,0,0,0,0,0,0,0,0,0,0,0,0,0,0,0,0,0,0,121,0,0,0,0,0,0,0,0,0,
-0,0,0,122,0,0,75,72,0,0,0,0,0,0,111,0,0,0,0,111,0,0,0,0,0,0,75,72,0,0,122,0,0,0,0,0,0,0,0,0,
+0,0,0,122,0,0,75,72,0,0,0,0,0,0,129,120,123,123,118,129,0,0,0,0,0,0,75,72,0,0,122,0,0,0,0,0,0,0,0,0,
 0,0,0,122,0,0,74,73,0,0,0,0,0,0,0,0,0,0,0,0,0,0,0,0,0,0,74,73,0,0,122,0,0,0,0,0,0,0,0,0,
 0,0,0,119,0,0,0,0,0,0,0,0,0,0,0,0,195,0,0,0,0,0,0,0,0,0,0,0,0,0,119,0,0,0,0,0,0,0,0,0,
 0,0,0,128,0,0,0,0,0,0,0,0,0,0,0,0,194,0,0,0,0,0,0,0,0,0,0,0,0,0,130,0,0,0,0,0,0,0,0,0,
 0,0,0,167,0,0,0,0,0,0,0,0,0,0,0,0,149,135,0,0,0,0,0,0,0,0,0,0,0,0,167,0,0,0,0,0,0,0,0,0,
-0,0,0,0,0,0,0,0,0,0,0,0,0,0,129,0,0,0,0,129,0,0,0,0,0,0,0,0,0,0,0,0,0,0,0,0,0,0,0,0,
+0,0,0,0,0,0,0,0,0,0,0,0,0,0,151,0,0,0,0,151,0,0,0,0,0,0,0,0,0,0,0,0,0,0,0,0,0,0,0,0,
 0,0,0,0,0,0,0,0,0,0,0,0,0,0,0,0,0,0,0,0,0,0,0,0,0,0,0,0,0,0,0,0,0,0,0,0,0,0,0,0,
 0,0,0,0,0,0,0,0,0,0,0,0,0,0,0,0,0,0,0,0,0,0,0,0,0,0,0,0,0,0,0,0,0,0,0,0,0,0,0,0,
 0,0,0,0,0,0,0,0,0,0,0,110,0,0,0,0,0,0,0,0,0,0,110,0,0,0,0,0,0,0,0,0,0,0,0,0,0,0,0,0,
@@ -134,12 +134,12 @@ data=
 0,0,68,0,0,0,0,0,0,82,0,0,0,0,98,0,0,0,0,82,0,0,0,0,0,0,0,0,0,0,0,0,0,0,0,0,0,0,0,0,
 0,0,68,285,0,0,0,0,0,82,0,0,0,0,104,0,0,0,0,82,0,0,0,0,0,0,0,0,0,0,0,0,0,0,0,0,0,0,0,0,
 0,0,106,0,0,0,0,0,0,82,0,0,0,0,100,0,0,0,0,82,0,0,0,0,0,0,0,0,0,0,0,0,0,0,0,0,0,0,0,0,
-0,0,102,0,0,0,0,0,0,82,0,0,0,0,98,0,0,0,0,82,0,0,0,0,0,0,0,0,0,0,0,0,0,0,0,0,0,0,0,0,
-0,0,98,0,0,0,0,0,0,82,0,0,0,0,64,0,0,0,0,82,0,0,0,0,0,0,0,0,0,0,0,0,0,0,0,0,0,0,0,0,
-0,0,68,0,0,0,0,0,0,90,81,105,103,109,73,0,0,0,0,82,0,0,0,0,0,0,0,0,0,0,0,0,0,0,0,0,0,0,0,0,
-0,0,98,0,0,0,0,0,0,0,0,0,0,0,0,0,0,0,0,82,0,0,0,0,0,0,0,0,0,0,0,0,0,0,0,0,0,0,0,0,
-0,0,102,0,0,0,0,0,0,0,0,0,0,0,0,0,0,0,0,82,0,0,0,0,0,0,0,0,0,0,0,0,0,0,0,0,0,0,0,0,
-0,0,106,0,0,0,0,0,0,0,0,0,0,0,0,0,0,0,0,82,0,0,0,0,0,0,0,0,0,0,0,0,0,0,0,0,0,0,0,0,
+0,0,102,0,0,75,72,0,0,82,0,0,0,0,98,0,0,0,0,82,0,0,0,0,0,0,0,0,0,0,0,0,0,0,0,0,0,0,0,0,
+0,0,98,0,0,66,100,0,0,82,0,0,0,0,64,0,0,0,0,82,0,0,0,0,0,0,0,0,0,0,0,0,0,0,0,0,0,0,0,0,
+0,0,68,0,0,66,100,0,0,90,81,105,103,109,73,0,0,0,0,82,0,0,0,0,0,0,0,0,0,0,0,0,0,0,0,0,0,0,0,0,
+0,0,98,0,0,66,100,0,0,0,0,0,0,0,0,0,0,0,0,82,0,0,0,0,0,0,0,0,0,0,0,0,0,0,0,0,0,0,0,0,
+0,0,102,0,0,66,100,0,0,0,0,0,0,0,0,0,0,0,0,82,0,0,0,0,0,0,0,0,0,0,0,0,0,0,0,0,0,0,0,0,
+0,0,106,0,0,74,73,0,0,0,0,0,0,0,0,0,0,0,0,82,0,0,0,0,0,0,0,0,0,0,0,0,0,0,0,0,0,0,0,0,
 0,0,64,0,0,0,0,0,0,0,0,0,0,0,0,0,0,0,0,82,0,0,0,0,0,0,0,0,0,0,0,0,0,0,0,0,0,0,0,0,
 0,0,76,71,83,83,83,83,83,83,83,83,83,83,83,83,83,83,83,95,0,0,0,0,0,0,0,0,0,0,0,0,0,0,0,0,0,0,0,0,
 0,0,0,0,0,0,0,0,0,0,0,0,0,0,0,0,0,0,0,0,0,0,0,0,0,0,0,0,0,0,0,0,0,0,0,0,0,0,0,0,
@@ -148,23 +148,23 @@ data=
 [layer]
 type=collision
 data=
-4,4,4,4,4,4,4,4,4,4,2,2,2,2,2,2,2,2,2,2,2,2,2,2,4,4,4,4,4,4,4,4,4,4,4,4,4,4,4,4,
-4,4,4,4,4,4,4,4,4,4,2,0,0,0,0,0,0,0,0,0,0,0,0,2,4,4,4,4,4,4,4,4,4,4,4,4,4,4,4,4,
-4,4,4,4,4,4,4,4,4,4,2,0,4,0,0,1,0,0,1,0,0,4,0,2,4,4,4,4,4,4,4,4,4,4,4,4,4,4,4,4,
-4,4,4,4,4,4,4,4,4,4,2,0,0,0,0,0,0,0,0,0,0,0,0,2,4,4,4,4,4,4,4,4,4,4,4,4,4,4,4,4,
-4,4,2,2,2,2,2,2,2,2,2,4,0,4,4,4,0,0,4,4,4,0,4,2,2,2,2,2,2,2,2,2,4,4,4,4,4,4,4,4,
-4,4,2,4,0,0,0,0,0,0,0,4,4,4,0,4,4,4,4,0,4,4,4,0,0,0,0,0,0,0,4,2,4,4,4,4,4,4,4,4,
+4,4,4,4,4,4,0,0,0,0,0,0,0,2,2,2,2,2,2,2,2,0,0,0,0,0,0,0,4,4,4,4,4,4,4,4,4,4,4,4,
+4,4,4,4,4,4,0,4,4,4,2,0,0,0,0,0,0,0,0,0,0,0,0,2,4,4,4,0,4,4,4,4,4,4,4,4,4,4,4,4,
+4,4,4,4,4,4,0,4,4,4,2,0,4,0,0,1,0,0,1,0,0,4,0,2,4,4,4,0,4,4,4,4,4,4,4,4,4,4,4,4,
+4,4,4,4,4,4,0,4,4,4,2,0,0,0,0,0,0,0,0,0,0,0,0,2,4,4,4,0,4,4,4,4,4,4,4,4,4,4,4,4,
+4,4,2,2,2,2,4,2,2,2,2,4,0,0,0,0,0,0,0,0,0,0,4,2,2,2,2,4,2,2,2,2,4,4,4,4,4,4,4,4,
+4,4,2,4,0,0,0,0,0,0,0,4,4,4,4,4,4,4,4,4,4,4,4,0,0,0,0,0,0,0,4,2,4,4,4,4,4,4,4,4,
 4,4,2,3,0,0,0,0,0,0,0,0,0,0,0,0,0,0,0,0,0,0,0,0,0,0,0,0,0,0,3,2,4,4,4,4,4,4,4,4,
 4,4,2,4,0,0,0,0,0,0,0,0,0,0,0,0,0,0,0,0,0,0,0,0,0,0,0,0,0,0,4,2,4,4,4,4,4,4,4,4,
-4,4,2,4,0,0,1,1,0,0,0,0,0,0,1,0,0,0,0,1,0,0,0,0,0,0,1,1,0,0,4,2,4,4,4,4,4,4,4,4,
+4,4,2,4,0,0,1,1,0,0,0,0,0,0,1,4,4,4,4,1,0,0,0,0,0,0,1,1,0,0,4,2,4,4,4,4,4,4,4,4,
 4,4,2,4,0,0,1,1,0,0,0,0,0,0,0,0,0,0,0,0,0,0,0,0,0,0,1,1,0,0,4,2,4,4,4,4,4,4,4,4,
 4,4,2,4,0,0,0,0,0,0,0,0,0,0,0,0,4,0,0,0,0,0,0,0,0,0,0,0,0,0,4,2,4,4,4,4,4,4,4,4,
 4,4,2,3,0,0,0,0,0,0,0,0,0,0,0,0,4,0,0,0,0,0,0,0,0,0,0,0,0,0,3,2,4,4,4,4,4,4,4,4,
 4,4,2,4,0,0,0,0,0,0,0,0,0,0,0,0,4,4,0,0,0,0,0,0,0,0,0,0,0,0,4,2,4,4,4,4,4,4,4,4,
-4,4,2,2,2,2,2,2,2,2,2,0,0,0,3,0,0,0,0,3,0,0,0,2,2,2,2,2,2,2,2,2,4,4,4,4,4,4,4,4,
+4,4,2,2,2,2,2,2,2,2,2,0,0,0,4,0,0,0,0,4,0,0,0,2,2,2,2,2,2,2,2,2,4,4,4,4,4,4,4,4,
 4,4,4,4,4,4,4,4,4,4,2,0,0,0,0,0,0,0,0,0,0,0,0,2,4,4,4,4,4,4,4,4,4,4,4,4,4,4,4,4,
 4,4,4,4,4,4,4,4,4,4,2,0,0,0,0,0,0,0,0,0,0,0,0,2,4,4,4,4,4,4,4,4,4,4,4,4,4,4,4,4,
-4,4,4,4,4,4,4,4,4,4,2,1,0,0,0,3,3,3,3,0,0,0,1,2,4,4,4,4,4,4,4,4,4,4,4,4,4,4,4,4,
+4,4,4,4,4,4,4,4,4,4,2,1,0,0,0,0,0,0,0,0,0,0,1,2,4,4,4,4,4,4,4,4,4,4,4,4,4,4,4,4,
 4,4,4,4,4,4,4,4,4,4,2,2,2,2,2,0,0,0,0,2,2,2,2,2,4,4,4,4,4,4,4,4,4,4,4,4,4,4,4,4,
 4,4,4,4,4,4,4,4,4,4,4,4,4,4,2,0,0,0,0,2,4,4,4,4,4,4,4,4,4,4,4,4,4,4,4,4,4,4,4,4,
 4,4,4,4,4,4,4,4,4,4,4,4,4,4,2,0,0,0,0,2,4,4,4,4,4,4,4,4,4,4,4,4,4,4,4,4,4,4,4,4,
@@ -198,12 +198,12 @@ data=
 4,3,1,1,3,3,0,0,0,1,3,4,4,3,1,0,0,0,0,1,3,4,4,4,4,4,4,4,4,4,4,4,4,4,4,4,4,4,4,4,
 4,3,1,1,1,1,1,0,0,1,3,4,4,3,1,0,0,0,0,1,3,4,4,4,4,4,4,4,4,4,4,4,4,4,4,4,4,4,4,4,
 4,3,1,0,0,0,0,0,0,1,3,4,4,3,1,0,0,0,0,1,3,4,4,4,4,4,4,4,4,4,4,4,4,4,4,4,4,4,4,4,
-4,3,1,0,0,0,0,0,0,1,3,4,4,3,1,0,0,0,0,1,3,4,4,4,4,4,4,4,4,4,4,4,4,4,4,4,4,4,4,4,
-4,3,1,0,0,0,0,0,0,1,3,3,3,3,1,0,0,0,0,1,3,4,4,4,4,4,4,4,4,4,4,4,4,4,4,4,4,4,4,4,
-4,3,1,0,0,0,0,0,0,1,1,1,1,1,1,0,0,0,0,1,3,4,4,4,4,4,4,4,4,4,4,4,4,4,4,4,4,4,4,4,
-4,3,1,0,0,0,0,0,0,0,0,0,0,0,0,0,0,0,0,1,3,4,4,4,4,4,4,4,4,4,4,4,4,4,4,4,4,4,4,4,
-4,3,1,0,0,0,0,0,0,0,0,0,0,0,0,0,0,0,0,1,3,4,4,4,4,4,4,4,4,4,4,4,4,4,4,4,4,4,4,4,
-4,3,1,0,0,0,0,0,0,0,0,0,0,0,0,0,0,0,0,1,3,4,4,4,4,4,4,4,4,4,4,4,4,4,4,4,4,4,4,4,
+4,3,1,0,0,1,1,0,0,1,3,4,4,3,1,0,0,0,0,1,3,4,4,4,4,4,4,4,4,4,4,4,4,4,4,4,4,4,4,4,
+4,3,1,0,0,1,1,0,0,1,3,3,3,3,1,0,0,0,0,1,3,4,4,4,4,4,4,4,4,4,4,4,4,4,4,4,4,4,4,4,
+4,3,1,0,0,1,1,0,0,1,1,1,1,1,1,0,0,0,0,1,3,4,4,4,4,4,4,4,4,4,4,4,4,4,4,4,4,4,4,4,
+4,3,1,0,0,1,1,0,0,0,0,0,0,0,0,0,0,0,0,1,3,4,4,4,4,4,4,4,4,4,4,4,4,4,4,4,4,4,4,4,
+4,3,1,0,0,1,1,0,0,0,0,0,0,0,0,0,0,0,0,1,3,4,4,4,4,4,4,4,4,4,4,4,4,4,4,4,4,4,4,4,
+4,3,1,0,0,1,1,0,0,0,0,0,0,0,0,0,0,0,0,1,3,4,4,4,4,4,4,4,4,4,4,4,4,4,4,4,4,4,4,4,
 4,3,1,0,0,0,0,0,0,0,0,0,0,0,0,0,0,0,0,1,3,4,4,4,4,4,4,4,4,4,4,4,4,4,4,4,4,4,4,4,
 4,3,1,1,1,1,1,1,1,1,1,1,1,1,1,1,1,1,1,1,3,4,4,4,4,4,4,4,4,4,4,4,4,4,4,4,4,4,4,4,
 4,3,3,3,3,3,3,3,3,3,3,3,3,3,3,3,3,3,3,3,3,4,4,4,4,4,4,4,4,4,4,4,4,4,4,4,4,4,4,4,
@@ -291,9 +291,9 @@ soundfx=soundfx/powers/fireball.ogg,0,0
 # kill seagate's tombstone (bottom)
 type=on_trigger
 location=3,1,28,44
-mapmod=collision,18,4,0;collision,19,4,0;collision,20,4,0
+mapmod=collision,27,4,0
 power=177
-power_path=19,5,19,5
+power_path=27,5,27,5
 repeat=false
 requires_status=emp_seagate_defeated
 
@@ -311,7 +311,7 @@ unset_status=emp_seagate_door
 # kill seagate's tombstones (on_load)
 type=on_load
 location=12,5,1,1
-mapmod=collision,13,4,0;collision,14,4,0;collision,15,4,0;collision,18,4,0;collision,19,4,0;collision,20,4,0
+mapmod=collision,6,4,0;collision,27,4,0
 repeat=false
 requires_status=emp_seagate_defeated
 
@@ -319,9 +319,9 @@ requires_status=emp_seagate_defeated
 # kill seagate's tombstone (top)
 type=on_trigger
 location=3,1,28,44
-mapmod=collision,13,4,0;collision,14,4,0;collision,15,4,0
+mapmod=collision,6,4,0
 power=177
-power_path=14,5,14,5
+power_path=6,5,6,5
 repeat=false
 requires_status=emp_seagate_defeated
 
@@ -400,25 +400,27 @@ tooltip=Treasure Chest
 type=on_trigger
 location=15,17,4,1
 intramap=16,7
-mapmod=collision,15,16,0;collision,16,16,0;collision,17,16,0;collision,18,16,0
-requires_not_status=emp_seagate_defeated
+mapmod=background,16,17,57;background,17,17,59
+requires_not_status=emp_seagate_teleport
+set_status=emp_seagate_teleport
 soundfx=soundfx/environment/teleporter.ogg,0,0
+spawn=zombie_lvl3,13,39;zombie_lvl3,13,31;zombie_lvl3,13,23;zombie_lvl3,20,39;zombie_lvl3,20,31;zombie_lvl3,20,23
 
 [event]
-# reset seagate
+# reset statuses
 type=on_load
 location=1,40,1,1
-unset_status=emp_seagate_defeated
+unset_status=emp_seagate_teleport,emp_seagate_defeated
 
 [enemy]
 type=seagate_tombstone
-location=14,5,1,1
+location=6,5,1,1
 direction=7
 number=1
 
 [enemy]
 type=seagate_tombstone
-location=19,5,1,1
+location=27,5,1,1
 direction=7
 number=1
 
@@ -431,15 +433,15 @@ wander_radius=0
 
 [enemy]
 type=undead
-location=28,5,2,5
+location=15,46,4,11
 level=3
-number=2
+number=3
 wander_radius=2
 
 [enemy]
 type=undead
-location=4,5,2,5
+location=9,53,6,4
 level=3
-number=2
+number=1,2
 wander_radius=2
 
diff --git a/tiled/empyrean_campaign/st_maria_3.tmx b/tiled/empyrean_campaign/st_maria_3.tmx
index 5785285216d0fd169e13b8aafe08fdfd860b9f12..af99e8dc2d348fbf4399ad4d4e9c3d9937d79ce2 100644
--- a/tiled/empyrean_campaign/st_maria_3.tmx
+++ b/tiled/empyrean_campaign/st_maria_3.tmx
@@ -1,5 +1,5 @@
 <?xml version="1.0" encoding="UTF-8"?>
-<map version="1.0" orientation="isometric" renderorder="right-down" width="40" height="60" tilewidth="64" tileheight="32" backgroundcolor="#000000" nextobjectid="36">
+<map version="1.0" orientation="isometric" renderorder="right-down" width="40" height="60" tilewidth="64" tileheight="32" backgroundcolor="#000000" nextobjectid="37">
  <properties>
   <property name="music" value="music/boss_theme.ogg"/>
   <property name="tileset" value="tilesetdefs/tileset_dungeon.txt"/>
@@ -32,25 +32,25 @@
  </tileset>
  <layer name="background" width="40" height="60">
   <data encoding="csv">
-0,0,0,0,0,0,0,0,0,0,0,0,0,0,0,0,0,0,0,0,0,0,0,0,0,0,0,0,0,0,0,0,0,0,0,0,0,0,0,0,
-0,0,0,0,0,0,0,0,0,0,0,24,21,21,21,21,21,21,21,21,21,21,25,49,0,0,0,0,0,0,0,0,0,0,0,0,0,0,0,0,
-0,0,0,0,0,0,0,0,0,0,0,20,32,37,42,32,35,34,32,38,37,32,22,49,0,0,0,0,0,0,0,0,0,0,0,0,0,0,0,0,
-0,0,0,0,0,0,0,0,0,0,0,20,37,44,19,44,16,47,17,43,46,19,22,49,0,0,0,0,0,0,0,0,0,0,0,0,0,0,0,0,
-0,0,0,0,0,0,0,0,0,0,0,20,47,16,40,38,41,36,36,39,39,17,22,49,0,0,0,0,0,0,0,0,0,0,0,0,0,0,0,0,
-0,0,0,24,21,21,21,21,21,21,21,28,38,47,36,42,37,44,47,42,17,39,29,21,21,21,21,21,21,21,25,49,0,0,0,0,0,0,0,0,
-0,0,0,20,35,32,35,34,34,35,51,40,38,19,46,47,19,45,47,19,47,40,47,51,34,34,34,32,35,32,22,49,0,0,0,0,0,0,0,0,
-0,0,0,20,34,47,43,16,39,35,51,39,47,39,38,19,57,59,18,19,36,46,47,51,33,38,44,19,44,32,22,49,0,0,0,0,0,0,0,0,
-0,0,0,20,35,18,36,47,41,32,51,40,18,45,24,21,21,21,21,25,16,44,16,51,32,47,46,18,18,35,22,49,0,0,0,0,0,0,0,0,
-0,0,0,20,34,43,40,43,45,32,51,46,39,17,20,34,34,32,34,22,40,45,37,51,32,16,40,44,45,34,22,49,0,0,0,0,0,0,0,0,
-0,0,0,20,34,46,16,44,45,32,51,38,18,42,20,32,35,32,34,22,18,38,44,51,34,19,42,37,39,32,22,49,0,0,0,0,0,0,0,0,
-0,0,0,20,32,32,33,32,32,34,51,42,43,18,20,33,35,33,34,22,16,46,36,51,35,32,35,33,33,33,22,49,0,0,0,0,0,0,0,0,
+0,0,0,0,0,0,51,51,51,51,51,51,51,0,0,0,0,0,0,0,0,51,51,51,51,51,51,51,0,0,0,0,0,0,0,0,0,0,0,0,
+0,0,0,0,0,0,51,0,0,0,0,24,16,21,21,21,21,21,21,21,21,16,25,49,0,0,0,51,0,0,0,0,0,0,0,0,0,0,0,0,
+0,0,0,0,0,0,51,0,0,0,0,20,32,37,42,32,35,34,32,38,37,32,22,49,0,0,0,51,0,0,0,0,0,0,0,0,0,0,0,0,
+0,0,0,0,0,0,51,0,0,0,0,20,37,44,19,44,16,47,17,43,46,19,22,49,0,0,0,51,0,0,0,0,0,0,0,0,0,0,0,0,
+0,0,0,0,0,0,51,0,0,0,0,20,47,16,40,38,41,36,36,39,39,17,22,49,0,0,0,51,0,0,0,0,0,0,0,0,0,0,0,0,
+0,0,0,24,21,21,16,21,21,21,21,28,38,47,36,42,37,44,47,42,17,39,29,21,21,21,21,16,21,21,25,49,0,0,0,0,0,0,0,0,
+0,0,0,20,35,32,35,34,34,35,47,40,38,19,46,47,19,45,47,19,47,40,47,36,34,34,34,32,35,32,22,49,0,0,0,0,0,0,0,0,
+0,0,0,20,34,47,43,16,39,35,36,39,47,39,38,19,57,59,18,19,36,46,47,36,33,38,44,19,44,32,22,49,0,0,0,0,0,0,0,0,
+0,0,0,20,35,18,36,47,41,32,36,40,18,45,24,21,21,21,21,25,16,44,16,43,32,47,46,18,18,35,22,49,0,0,0,0,0,0,0,0,
+0,0,0,20,34,43,40,43,51,32,44,46,39,17,20,34,34,32,34,22,40,45,37,45,32,51,40,44,45,34,22,49,0,0,0,0,0,0,0,0,
+0,0,0,20,34,46,16,51,51,32,39,38,18,42,20,32,35,32,34,22,18,38,44,36,34,51,51,37,39,32,22,49,0,0,0,0,0,0,0,0,
+0,0,0,20,32,32,33,32,32,34,45,42,43,18,20,33,35,33,34,22,16,46,36,19,35,32,35,33,33,33,22,49,0,0,0,0,0,0,0,0,
 0,0,0,27,23,23,23,23,23,23,23,31,45,40,20,33,35,32,34,22,36,17,30,23,23,23,23,23,23,23,26,49,0,0,0,0,0,0,0,0,
 0,0,0,50,50,50,50,50,50,50,50,20,43,18,27,23,23,23,23,26,39,18,22,48,50,50,50,50,50,50,50,0,0,0,0,0,0,0,0,0,
 0,0,0,0,0,0,0,0,0,0,0,20,39,44,16,36,39,18,43,42,41,46,22,49,0,0,0,0,0,0,0,0,0,0,0,0,0,0,0,0,
-0,0,0,0,0,0,0,0,0,0,0,20,40,41,46,47,47,40,44,36,46,42,22,49,0,0,0,0,0,0,0,0,0,0,0,0,0,0,0,0,
+0,0,0,0,0,0,0,0,0,0,0,20,40,16,46,47,19,40,44,36,46,42,22,49,0,0,0,0,0,0,0,0,0,0,0,0,0,0,0,0,
 0,0,0,0,0,0,0,0,0,0,0,27,23,23,23,31,36,16,30,23,23,23,26,49,0,0,0,0,0,0,0,0,0,0,0,0,0,0,0,0,
 0,0,0,0,0,0,0,0,0,0,0,50,50,50,50,20,61,63,22,48,50,50,50,0,0,0,0,0,0,0,0,0,0,0,0,0,0,0,0,0,
-0,0,0,0,0,0,0,0,0,0,0,0,0,0,0,20,46,47,22,49,0,0,0,0,0,0,0,0,0,0,0,0,0,0,0,0,0,0,0,0,
+0,0,0,0,0,0,0,0,0,0,0,0,0,0,0,20,39,45,22,49,0,0,0,0,0,0,0,0,0,0,0,0,0,0,0,0,0,0,0,0,
 0,0,0,0,0,0,0,0,0,0,0,0,0,0,0,20,46,18,22,49,0,0,0,0,0,0,0,0,0,0,0,0,0,0,0,0,0,0,0,0,
 0,0,0,0,0,0,0,0,0,0,0,0,0,0,0,20,37,17,22,49,0,0,0,0,0,0,0,0,0,0,0,0,0,0,0,0,0,0,0,0,
 0,0,0,0,0,0,0,0,0,0,0,24,21,21,21,28,38,38,29,21,21,21,25,49,0,0,0,0,0,0,0,0,0,0,0,0,0,0,0,0,
@@ -101,15 +101,15 @@
 0,0,0,0,0,0,0,0,0,0,0,0,145,0,0,110,244,245,110,0,0,145,0,0,0,0,0,0,0,0,0,0,0,0,0,0,0,0,0,0,
 0,0,0,0,0,0,0,0,0,0,0,0,0,0,0,0,0,0,0,0,0,0,0,0,0,0,0,0,0,0,0,0,0,0,0,0,0,0,0,0,
 0,0,0,0,0,0,0,0,0,0,0,121,0,0,0,0,0,0,0,0,0,0,121,0,0,0,0,0,0,0,0,0,0,0,0,0,0,0,0,0,
-0,0,0,167,0,193,0,0,193,0,0,126,123,118,0,120,123,123,118,0,120,123,125,0,0,193,0,0,193,0,167,0,0,0,0,0,0,0,0,0,
+0,0,0,167,0,193,0,0,193,0,0,126,123,123,123,123,123,123,123,123,123,123,125,0,0,193,0,0,193,0,167,0,0,0,0,0,0,0,0,0,
 0,0,0,128,0,0,0,0,0,0,0,0,0,0,0,0,0,0,0,0,0,0,0,0,0,0,0,0,0,0,130,0,0,0,0,0,0,0,0,0,
 0,0,0,121,0,0,0,0,0,0,0,0,0,0,0,0,0,0,0,0,0,0,0,0,0,0,0,0,0,0,121,0,0,0,0,0,0,0,0,0,
-0,0,0,122,0,0,75,72,0,0,0,0,0,0,111,0,0,0,0,111,0,0,0,0,0,0,75,72,0,0,122,0,0,0,0,0,0,0,0,0,
+0,0,0,122,0,0,75,72,0,0,0,0,0,0,129,120,123,123,118,129,0,0,0,0,0,0,75,72,0,0,122,0,0,0,0,0,0,0,0,0,
 0,0,0,122,0,0,74,73,0,0,0,0,0,0,0,0,0,0,0,0,0,0,0,0,0,0,74,73,0,0,122,0,0,0,0,0,0,0,0,0,
 0,0,0,119,0,0,0,0,0,0,0,0,0,0,0,0,195,0,0,0,0,0,0,0,0,0,0,0,0,0,119,0,0,0,0,0,0,0,0,0,
 0,0,0,128,0,0,0,0,0,0,0,0,0,0,0,0,194,0,0,0,0,0,0,0,0,0,0,0,0,0,130,0,0,0,0,0,0,0,0,0,
 0,0,0,167,0,0,0,0,0,0,0,0,0,0,0,0,149,135,0,0,0,0,0,0,0,0,0,0,0,0,167,0,0,0,0,0,0,0,0,0,
-0,0,0,0,0,0,0,0,0,0,0,0,0,0,129,0,0,0,0,129,0,0,0,0,0,0,0,0,0,0,0,0,0,0,0,0,0,0,0,0,
+0,0,0,0,0,0,0,0,0,0,0,0,0,0,151,0,0,0,0,151,0,0,0,0,0,0,0,0,0,0,0,0,0,0,0,0,0,0,0,0,
 0,0,0,0,0,0,0,0,0,0,0,0,0,0,0,0,0,0,0,0,0,0,0,0,0,0,0,0,0,0,0,0,0,0,0,0,0,0,0,0,
 0,0,0,0,0,0,0,0,0,0,0,0,0,0,0,0,0,0,0,0,0,0,0,0,0,0,0,0,0,0,0,0,0,0,0,0,0,0,0,0,
 0,0,0,0,0,0,0,0,0,0,0,110,0,0,0,0,0,0,0,0,0,0,110,0,0,0,0,0,0,0,0,0,0,0,0,0,0,0,0,0,
@@ -146,12 +146,12 @@
 0,0,68,0,0,0,0,0,0,82,0,0,0,0,98,0,0,0,0,82,0,0,0,0,0,0,0,0,0,0,0,0,0,0,0,0,0,0,0,0,
 0,0,68,285,0,0,0,0,0,82,0,0,0,0,104,0,0,0,0,82,0,0,0,0,0,0,0,0,0,0,0,0,0,0,0,0,0,0,0,0,
 0,0,106,0,0,0,0,0,0,82,0,0,0,0,100,0,0,0,0,82,0,0,0,0,0,0,0,0,0,0,0,0,0,0,0,0,0,0,0,0,
-0,0,102,0,0,0,0,0,0,82,0,0,0,0,98,0,0,0,0,82,0,0,0,0,0,0,0,0,0,0,0,0,0,0,0,0,0,0,0,0,
-0,0,98,0,0,0,0,0,0,82,0,0,0,0,64,0,0,0,0,82,0,0,0,0,0,0,0,0,0,0,0,0,0,0,0,0,0,0,0,0,
-0,0,68,0,0,0,0,0,0,90,81,105,103,109,73,0,0,0,0,82,0,0,0,0,0,0,0,0,0,0,0,0,0,0,0,0,0,0,0,0,
-0,0,98,0,0,0,0,0,0,0,0,0,0,0,0,0,0,0,0,82,0,0,0,0,0,0,0,0,0,0,0,0,0,0,0,0,0,0,0,0,
-0,0,102,0,0,0,0,0,0,0,0,0,0,0,0,0,0,0,0,82,0,0,0,0,0,0,0,0,0,0,0,0,0,0,0,0,0,0,0,0,
-0,0,106,0,0,0,0,0,0,0,0,0,0,0,0,0,0,0,0,82,0,0,0,0,0,0,0,0,0,0,0,0,0,0,0,0,0,0,0,0,
+0,0,102,0,0,75,72,0,0,82,0,0,0,0,98,0,0,0,0,82,0,0,0,0,0,0,0,0,0,0,0,0,0,0,0,0,0,0,0,0,
+0,0,98,0,0,66,100,0,0,82,0,0,0,0,64,0,0,0,0,82,0,0,0,0,0,0,0,0,0,0,0,0,0,0,0,0,0,0,0,0,
+0,0,68,0,0,66,100,0,0,90,81,105,103,109,73,0,0,0,0,82,0,0,0,0,0,0,0,0,0,0,0,0,0,0,0,0,0,0,0,0,
+0,0,98,0,0,66,100,0,0,0,0,0,0,0,0,0,0,0,0,82,0,0,0,0,0,0,0,0,0,0,0,0,0,0,0,0,0,0,0,0,
+0,0,102,0,0,66,100,0,0,0,0,0,0,0,0,0,0,0,0,82,0,0,0,0,0,0,0,0,0,0,0,0,0,0,0,0,0,0,0,0,
+0,0,106,0,0,74,73,0,0,0,0,0,0,0,0,0,0,0,0,82,0,0,0,0,0,0,0,0,0,0,0,0,0,0,0,0,0,0,0,0,
 0,0,64,0,0,0,0,0,0,0,0,0,0,0,0,0,0,0,0,82,0,0,0,0,0,0,0,0,0,0,0,0,0,0,0,0,0,0,0,0,
 0,0,76,71,83,83,83,83,83,83,83,83,83,83,83,83,83,83,83,95,0,0,0,0,0,0,0,0,0,0,0,0,0,0,0,0,0,0,0,0,
 0,0,0,0,0,0,0,0,0,0,0,0,0,0,0,0,0,0,0,0,0,0,0,0,0,0,0,0,0,0,0,0,0,0,0,0,0,0,0,0,
@@ -160,23 +160,23 @@
  </layer>
  <layer name="collision" width="40" height="60">
   <data encoding="csv">
-4,4,4,4,4,4,4,4,4,4,2,2,2,2,2,2,2,2,2,2,2,2,2,2,4,4,4,4,4,4,4,4,4,4,4,4,4,4,4,4,
-4,4,4,4,4,4,4,4,4,4,2,0,0,0,0,0,0,0,0,0,0,0,0,2,4,4,4,4,4,4,4,4,4,4,4,4,4,4,4,4,
-4,4,4,4,4,4,4,4,4,4,2,0,4,0,0,1,0,0,1,0,0,4,0,2,4,4,4,4,4,4,4,4,4,4,4,4,4,4,4,4,
-4,4,4,4,4,4,4,4,4,4,2,0,0,0,0,0,0,0,0,0,0,0,0,2,4,4,4,4,4,4,4,4,4,4,4,4,4,4,4,4,
-4,4,2,2,2,2,2,2,2,2,2,4,0,4,4,4,0,0,4,4,4,0,4,2,2,2,2,2,2,2,2,2,4,4,4,4,4,4,4,4,
-4,4,2,4,0,0,0,0,0,0,0,4,4,4,0,4,4,4,4,0,4,4,4,0,0,0,0,0,0,0,4,2,4,4,4,4,4,4,4,4,
+4,4,4,4,4,4,0,0,0,0,0,0,0,2,2,2,2,2,2,2,2,0,0,0,0,0,0,0,4,4,4,4,4,4,4,4,4,4,4,4,
+4,4,4,4,4,4,0,4,4,4,2,0,0,0,0,0,0,0,0,0,0,0,0,2,4,4,4,0,4,4,4,4,4,4,4,4,4,4,4,4,
+4,4,4,4,4,4,0,4,4,4,2,0,4,0,0,1,0,0,1,0,0,4,0,2,4,4,4,0,4,4,4,4,4,4,4,4,4,4,4,4,
+4,4,4,4,4,4,0,4,4,4,2,0,0,0,0,0,0,0,0,0,0,0,0,2,4,4,4,0,4,4,4,4,4,4,4,4,4,4,4,4,
+4,4,2,2,2,2,4,2,2,2,2,4,0,0,0,0,0,0,0,0,0,0,4,2,2,2,2,4,2,2,2,2,4,4,4,4,4,4,4,4,
+4,4,2,4,0,0,0,0,0,0,0,4,4,4,4,4,4,4,4,4,4,4,4,0,0,0,0,0,0,0,4,2,4,4,4,4,4,4,4,4,
 4,4,2,3,0,0,0,0,0,0,0,0,0,0,0,0,0,0,0,0,0,0,0,0,0,0,0,0,0,0,3,2,4,4,4,4,4,4,4,4,
 4,4,2,4,0,0,0,0,0,0,0,0,0,0,0,0,0,0,0,0,0,0,0,0,0,0,0,0,0,0,4,2,4,4,4,4,4,4,4,4,
-4,4,2,4,0,0,1,1,0,0,0,0,0,0,1,0,0,0,0,1,0,0,0,0,0,0,1,1,0,0,4,2,4,4,4,4,4,4,4,4,
+4,4,2,4,0,0,1,1,0,0,0,0,0,0,1,4,4,4,4,1,0,0,0,0,0,0,1,1,0,0,4,2,4,4,4,4,4,4,4,4,
 4,4,2,4,0,0,1,1,0,0,0,0,0,0,0,0,0,0,0,0,0,0,0,0,0,0,1,1,0,0,4,2,4,4,4,4,4,4,4,4,
 4,4,2,4,0,0,0,0,0,0,0,0,0,0,0,0,4,0,0,0,0,0,0,0,0,0,0,0,0,0,4,2,4,4,4,4,4,4,4,4,
 4,4,2,3,0,0,0,0,0,0,0,0,0,0,0,0,4,0,0,0,0,0,0,0,0,0,0,0,0,0,3,2,4,4,4,4,4,4,4,4,
 4,4,2,4,0,0,0,0,0,0,0,0,0,0,0,0,4,4,0,0,0,0,0,0,0,0,0,0,0,0,4,2,4,4,4,4,4,4,4,4,
-4,4,2,2,2,2,2,2,2,2,2,0,0,0,3,0,0,0,0,3,0,0,0,2,2,2,2,2,2,2,2,2,4,4,4,4,4,4,4,4,
+4,4,2,2,2,2,2,2,2,2,2,0,0,0,4,0,0,0,0,4,0,0,0,2,2,2,2,2,2,2,2,2,4,4,4,4,4,4,4,4,
 4,4,4,4,4,4,4,4,4,4,2,0,0,0,0,0,0,0,0,0,0,0,0,2,4,4,4,4,4,4,4,4,4,4,4,4,4,4,4,4,
 4,4,4,4,4,4,4,4,4,4,2,0,0,0,0,0,0,0,0,0,0,0,0,2,4,4,4,4,4,4,4,4,4,4,4,4,4,4,4,4,
-4,4,4,4,4,4,4,4,4,4,2,1,0,0,0,3,3,3,3,0,0,0,1,2,4,4,4,4,4,4,4,4,4,4,4,4,4,4,4,4,
+4,4,4,4,4,4,4,4,4,4,2,1,0,0,0,0,0,0,0,0,0,0,1,2,4,4,4,4,4,4,4,4,4,4,4,4,4,4,4,4,
 4,4,4,4,4,4,4,4,4,4,2,2,2,2,2,0,0,0,0,2,2,2,2,2,4,4,4,4,4,4,4,4,4,4,4,4,4,4,4,4,
 4,4,4,4,4,4,4,4,4,4,4,4,4,4,2,0,0,0,0,2,4,4,4,4,4,4,4,4,4,4,4,4,4,4,4,4,4,4,4,4,
 4,4,4,4,4,4,4,4,4,4,4,4,4,4,2,0,0,0,0,2,4,4,4,4,4,4,4,4,4,4,4,4,4,4,4,4,4,4,4,4,
@@ -210,12 +210,12 @@
 4,3,1,1,3,3,0,0,0,1,3,4,4,3,1,0,0,0,0,1,3,4,4,4,4,4,4,4,4,4,4,4,4,4,4,4,4,4,4,4,
 4,3,1,1,1,1,1,0,0,1,3,4,4,3,1,0,0,0,0,1,3,4,4,4,4,4,4,4,4,4,4,4,4,4,4,4,4,4,4,4,
 4,3,1,0,0,0,0,0,0,1,3,4,4,3,1,0,0,0,0,1,3,4,4,4,4,4,4,4,4,4,4,4,4,4,4,4,4,4,4,4,
-4,3,1,0,0,0,0,0,0,1,3,4,4,3,1,0,0,0,0,1,3,4,4,4,4,4,4,4,4,4,4,4,4,4,4,4,4,4,4,4,
-4,3,1,0,0,0,0,0,0,1,3,3,3,3,1,0,0,0,0,1,3,4,4,4,4,4,4,4,4,4,4,4,4,4,4,4,4,4,4,4,
-4,3,1,0,0,0,0,0,0,1,1,1,1,1,1,0,0,0,0,1,3,4,4,4,4,4,4,4,4,4,4,4,4,4,4,4,4,4,4,4,
-4,3,1,0,0,0,0,0,0,0,0,0,0,0,0,0,0,0,0,1,3,4,4,4,4,4,4,4,4,4,4,4,4,4,4,4,4,4,4,4,
-4,3,1,0,0,0,0,0,0,0,0,0,0,0,0,0,0,0,0,1,3,4,4,4,4,4,4,4,4,4,4,4,4,4,4,4,4,4,4,4,
-4,3,1,0,0,0,0,0,0,0,0,0,0,0,0,0,0,0,0,1,3,4,4,4,4,4,4,4,4,4,4,4,4,4,4,4,4,4,4,4,
+4,3,1,0,0,1,1,0,0,1,3,4,4,3,1,0,0,0,0,1,3,4,4,4,4,4,4,4,4,4,4,4,4,4,4,4,4,4,4,4,
+4,3,1,0,0,1,1,0,0,1,3,3,3,3,1,0,0,0,0,1,3,4,4,4,4,4,4,4,4,4,4,4,4,4,4,4,4,4,4,4,
+4,3,1,0,0,1,1,0,0,1,1,1,1,1,1,0,0,0,0,1,3,4,4,4,4,4,4,4,4,4,4,4,4,4,4,4,4,4,4,4,
+4,3,1,0,0,1,1,0,0,0,0,0,0,0,0,0,0,0,0,1,3,4,4,4,4,4,4,4,4,4,4,4,4,4,4,4,4,4,4,4,
+4,3,1,0,0,1,1,0,0,0,0,0,0,0,0,0,0,0,0,1,3,4,4,4,4,4,4,4,4,4,4,4,4,4,4,4,4,4,4,4,
+4,3,1,0,0,1,1,0,0,0,0,0,0,0,0,0,0,0,0,1,3,4,4,4,4,4,4,4,4,4,4,4,4,4,4,4,4,4,4,4,
 4,3,1,0,0,0,0,0,0,0,0,0,0,0,0,0,0,0,0,1,3,4,4,4,4,4,4,4,4,4,4,4,4,4,4,4,4,4,4,4,
 4,3,1,1,1,1,1,1,1,1,1,1,1,1,1,1,1,1,1,1,3,4,4,4,4,4,4,4,4,4,4,4,4,4,4,4,4,4,4,4,
 4,3,3,3,3,3,3,3,3,3,3,3,3,3,3,3,3,3,3,3,3,4,4,4,4,4,4,4,4,4,4,4,4,4,4,4,4,4,4,4,
@@ -293,9 +293,9 @@
   </object>
   <object id="18" name="kill seagate's tombstone (bottom)" type="on_trigger" x="96" y="32" width="896" height="1408">
    <properties>
-    <property name="mapmod" value="collision,18,4,0;collision,19,4,0;collision,20,4,0"/>
+    <property name="mapmod" value="collision,27,4,0"/>
     <property name="power" value="177"/>
-    <property name="power_path" value="19,5,19,5"/>
+    <property name="power_path" value="27,5,27,5"/>
     <property name="repeat" value="false"/>
     <property name="requires_status" value="emp_seagate_defeated"/>
    </properties>
@@ -311,16 +311,16 @@
   </object>
   <object id="20" name="kill seagate's tombstones (on_load)" type="on_load" x="384" y="160" width="32" height="32">
    <properties>
-    <property name="mapmod" value="collision,13,4,0;collision,14,4,0;collision,15,4,0;collision,18,4,0;collision,19,4,0;collision,20,4,0"/>
+    <property name="mapmod" value="collision,6,4,0;collision,27,4,0"/>
     <property name="repeat" value="false"/>
     <property name="requires_status" value="emp_seagate_defeated"/>
    </properties>
   </object>
   <object id="17" name="kill seagate's tombstone (top)" type="on_trigger" x="96" y="32" width="896" height="1408">
    <properties>
-    <property name="mapmod" value="collision,13,4,0;collision,14,4,0;collision,15,4,0"/>
+    <property name="mapmod" value="collision,6,4,0"/>
     <property name="power" value="177"/>
-    <property name="power_path" value="14,5,14,5"/>
+    <property name="power_path" value="6,5,6,5"/>
     <property name="repeat" value="false"/>
     <property name="requires_status" value="emp_seagate_defeated"/>
    </properties>
@@ -391,25 +391,27 @@
   <object id="34" name="teleport trap" type="on_trigger" x="480" y="544" width="128" height="32">
    <properties>
     <property name="intramap" value="16,7"/>
-    <property name="mapmod" value="collision,15,16,0;collision,16,16,0;collision,17,16,0;collision,18,16,0"/>
-    <property name="requires_not_status" value="emp_seagate_defeated"/>
+    <property name="mapmod" value="background,16,17,57;background,17,17,59"/>
+    <property name="requires_not_status" value="emp_seagate_teleport"/>
+    <property name="set_status" value="emp_seagate_teleport"/>
     <property name="soundfx" value="soundfx/environment/teleporter.ogg,0,0"/>
+    <property name="spawn" value="zombie_lvl3,13,39;zombie_lvl3,13,31;zombie_lvl3,13,23;zombie_lvl3,20,39;zombie_lvl3,20,31;zombie_lvl3,20,23"/>
    </properties>
   </object>
-  <object id="35" name="reset seagate" type="on_load" x="32" y="1280" width="32" height="32">
+  <object id="35" name="reset statuses" type="on_load" x="32" y="1280" width="32" height="32">
    <properties>
-    <property name="unset_status" value="emp_seagate_defeated"/>
+    <property name="unset_status" value="emp_seagate_teleport,emp_seagate_defeated"/>
    </properties>
   </object>
  </objectgroup>
  <objectgroup name="enemy">
-  <object id="15" type="seagate_tombstone" x="448" y="160" width="32" height="32">
+  <object id="15" type="seagate_tombstone" x="192" y="160" width="32" height="32">
    <properties>
     <property name="direction" value="7"/>
     <property name="number" value="1"/>
    </properties>
   </object>
-  <object id="16" type="seagate_tombstone" x="608" y="160" width="32" height="32">
+  <object id="16" type="seagate_tombstone" x="864" y="160" width="32" height="32">
    <properties>
     <property name="direction" value="7"/>
     <property name="number" value="1"/>
@@ -422,17 +424,17 @@
     <property name="wander_radius" value="0"/>
    </properties>
   </object>
-  <object id="23" type="undead" x="896" y="160" width="64" height="160">
+  <object id="24" type="undead" x="480" y="1472" width="128" height="352">
    <properties>
     <property name="level" value="3"/>
-    <property name="number" value="2"/>
+    <property name="number" value="3"/>
     <property name="wander_radius" value="2"/>
    </properties>
   </object>
-  <object id="24" type="undead" x="128" y="160" width="64" height="160">
+  <object id="36" type="undead" x="288" y="1696" width="192" height="128">
    <properties>
     <property name="level" value="3"/>
-    <property name="number" value="2"/>
+    <property name="number" value="1,2"/>
     <property name="wander_radius" value="2"/>
    </properties>
   </object>
