diff --git a/mods/empyrean_campaign/maps/abandoned_mineshaft.txt b/mods/empyrean_campaign/maps/abandoned_mineshaft.txt
index a4cafe401c3f6f14e59a906d4d180ce847068a7d..ad22cdd7d36fc032b0d3c3e83c3f68024ca581f4 100644
--- a/mods/empyrean_campaign/maps/abandoned_mineshaft.txt
+++ b/mods/empyrean_campaign/maps/abandoned_mineshaft.txt
@@ -128,7 +128,7 @@ data=
 3,1,1,0,0,0,1,3,3,1,0,0,1,1,1,1,3,1,0,0,0,0,0,0,0,0,4,0,0,0,0,0,0,0,0,0,0,0,1,3,
 3,1,0,0,0,0,1,3,3,1,0,0,0,2,2,1,1,1,0,0,0,0,0,0,0,0,0,0,0,0,0,0,0,0,0,0,0,0,1,3,
 1,1,0,0,0,0,1,1,3,1,0,0,0,0,0,0,1,1,1,1,1,1,1,1,1,1,0,0,0,0,1,1,1,1,1,1,1,1,1,3,
-1,0,0,0,0,0,0,1,1,1,0,0,0,0,0,0,1,1,1,3,3,3,3,3,3,1,4,0,0,0,1,3,3,3,3,3,3,3,3,3,
+1,0,0,0,0,0,0,1,1,1,0,4,0,0,0,0,1,1,1,3,3,3,3,3,3,1,4,0,0,0,1,3,3,3,3,3,3,3,3,3,
 1,0,0,0,0,0,0,0,1,1,1,0,0,0,0,0,0,0,1,1,3,3,3,3,3,1,4,0,0,0,1,3,3,3,3,3,3,3,3,3,
 1,2,0,0,0,1,1,0,1,3,1,1,0,0,0,0,0,0,0,1,1,1,1,1,1,1,0,0,0,0,1,1,1,1,1,1,1,1,1,3,
 1,0,0,0,0,1,1,0,1,3,3,1,2,0,0,0,0,0,0,0,0,0,0,0,0,0,0,0,0,0,0,0,0,0,0,0,0,0,1,3,
diff --git a/tiled/empyrean_campaign/abandoned_mineshaft.tmx b/tiled/empyrean_campaign/abandoned_mineshaft.tmx
index 8d02a4da402eb85a2eb619e9565542fbf66926e2..fe043189c1bfe148793b0e784f6be3a5b708cf9d 100644
--- a/tiled/empyrean_campaign/abandoned_mineshaft.tmx
+++ b/tiled/empyrean_campaign/abandoned_mineshaft.tmx
@@ -129,7 +129,7 @@
 3,1,1,0,0,0,1,3,3,1,0,0,1,1,1,1,3,1,0,0,0,0,0,0,0,0,4,0,0,0,0,0,0,0,0,0,0,0,1,3,
 3,1,0,0,0,0,1,3,3,1,0,0,0,2,2,1,1,1,0,0,0,0,0,0,0,0,0,0,0,0,0,0,0,0,0,0,0,0,1,3,
 1,1,0,0,0,0,1,1,3,1,0,0,0,0,0,0,1,1,1,1,1,1,1,1,1,1,0,0,0,0,1,1,1,1,1,1,1,1,1,3,
-1,0,0,0,0,0,0,1,1,1,0,0,0,0,0,0,1,1,1,3,3,3,3,3,3,1,4,0,0,0,1,3,3,3,3,3,3,3,3,3,
+1,0,0,0,0,0,0,1,1,1,0,4,0,0,0,0,1,1,1,3,3,3,3,3,3,1,4,0,0,0,1,3,3,3,3,3,3,3,3,3,
 1,0,0,0,0,0,0,0,1,1,1,0,0,0,0,0,0,0,1,1,3,3,3,3,3,1,4,0,0,0,1,3,3,3,3,3,3,3,3,3,
 1,2,0,0,0,1,1,0,1,3,1,1,0,0,0,0,0,0,0,1,1,1,1,1,1,1,0,0,0,0,1,1,1,1,1,1,1,1,1,3,
 1,0,0,0,0,1,1,0,1,3,3,1,2,0,0,0,0,0,0,0,0,0,0,0,0,0,0,0,0,0,0,0,0,0,0,0,0,0,1,3,
