diff --git a/mods/empyrean_campaign/maps/halls_of_infinity.txt b/mods/empyrean_campaign/maps/halls_of_infinity.txt
index a830b0750fc048b2e7f46af7166f90b4ce4e19c3..fb00d2d8290b3a369e53c65578f73211e7b9daac 100644
--- a/mods/empyrean_campaign/maps/halls_of_infinity.txt
+++ b/mods/empyrean_campaign/maps/halls_of_infinity.txt
@@ -150,66 +150,66 @@ data=
 [layer]
 type=collision
 data=
-0,0,0,0,0,0,0,0,0,0,0,0,0,0,0,0,0,0,0,0,0,0,0,0,
-0,1,1,1,1,1,1,1,1,1,1,1,1,1,1,1,1,1,1,1,1,1,1,0,
-0,1,0,0,0,0,0,0,0,0,0,0,0,0,0,0,0,0,0,0,0,0,1,0,
-0,1,0,2,2,0,0,0,0,1,4,4,4,4,1,0,0,0,0,2,2,0,1,0,
-0,1,0,2,2,0,0,0,0,0,0,0,0,0,0,0,0,0,0,2,2,0,1,0,
-0,1,0,0,0,4,0,0,0,0,0,0,0,0,0,0,0,0,4,0,0,0,1,0,
-0,1,0,0,0,0,2,2,2,2,2,2,2,2,2,2,2,2,0,0,0,0,1,0,
-0,1,0,0,0,0,2,4,4,4,4,4,4,4,4,4,4,2,0,0,0,0,1,0,
-0,1,0,0,0,0,2,4,4,4,4,4,4,4,4,4,4,2,0,0,0,0,1,0,
-0,1,0,0,0,0,2,4,4,2,2,2,2,2,2,4,4,2,0,0,0,0,1,0,
-0,1,0,0,0,0,2,4,4,2,3,0,0,3,2,4,4,2,0,0,0,0,1,0,
-0,1,0,0,0,0,2,4,4,2,0,0,0,0,2,4,4,2,0,0,0,0,1,0,
-0,1,0,0,0,0,2,4,4,2,0,0,0,0,2,4,4,2,0,0,0,0,1,0,
-0,1,0,0,0,0,2,2,2,2,0,0,0,0,2,2,2,2,0,0,0,0,1,0,
-0,1,0,0,0,4,0,0,0,0,0,0,0,0,0,0,0,0,4,0,0,0,1,0,
-0,1,0,2,2,0,0,0,0,0,0,0,0,0,0,0,0,0,0,2,2,0,1,0,
-0,1,0,2,2,0,0,0,0,0,0,0,0,0,0,0,0,0,0,2,2,0,1,0,
-0,1,0,0,0,0,0,0,0,0,0,0,0,0,0,0,0,0,0,0,0,0,1,0,
-0,1,1,1,1,1,1,1,1,1,0,0,0,0,1,1,1,1,1,1,1,1,1,0,
-0,3,3,3,3,3,3,3,3,1,0,0,0,0,1,3,3,3,3,3,3,3,3,0,
-0,3,3,3,3,3,3,3,3,1,0,0,0,0,1,3,3,3,3,3,3,3,3,0,
-0,3,3,3,3,3,3,3,3,1,0,0,0,0,1,3,3,3,3,3,3,3,3,0,
-0,3,3,3,3,3,3,3,3,1,0,0,0,0,1,3,3,3,3,3,3,3,3,0,
-0,3,3,3,3,3,3,3,3,1,0,0,0,0,1,3,3,3,3,3,3,3,3,0,
-0,3,3,3,3,3,3,3,3,1,0,0,0,0,1,3,3,3,3,3,3,3,3,0,
-0,3,3,3,3,1,1,1,1,1,0,0,0,0,1,1,1,1,1,3,3,3,3,0,
-0,3,3,3,3,1,0,0,0,0,0,0,0,0,0,0,0,0,1,3,3,3,3,0,
-0,3,3,3,3,1,0,3,0,0,0,0,0,0,0,0,3,0,1,3,3,3,3,0,
-0,3,3,3,3,1,0,4,0,0,0,0,0,0,0,0,4,0,1,3,3,3,3,0,
-0,3,3,3,3,1,0,3,0,0,0,0,0,0,0,0,3,0,1,3,3,3,3,0,
-0,3,3,3,3,1,0,0,0,0,0,0,0,0,0,0,0,0,1,3,3,3,3,0,
-0,3,3,3,3,1,0,4,0,4,0,0,0,0,4,0,4,0,1,3,3,3,3,0,
-0,3,3,3,3,1,4,4,0,0,0,0,0,0,0,0,4,4,1,3,3,3,3,0,
-0,3,3,3,3,1,0,0,0,0,0,0,0,0,0,0,0,0,1,3,3,3,3,0,
-0,3,3,3,3,1,1,1,1,1,0,0,0,0,1,1,1,1,1,3,3,3,3,0,
-0,3,3,3,3,3,3,3,3,1,0,0,0,0,1,3,3,3,3,3,3,3,3,0,
-0,3,3,3,3,3,3,3,3,1,0,0,0,0,1,3,3,3,3,3,3,3,3,0,
-0,3,3,3,3,3,3,3,3,1,0,0,0,0,1,3,3,3,3,3,3,3,3,0,
-0,3,3,3,3,3,3,3,3,1,0,0,0,0,1,3,3,3,3,3,3,3,3,0,
-0,3,3,3,3,3,3,3,3,1,0,0,0,0,1,3,3,3,3,3,3,3,3,0,
-0,3,3,3,3,3,3,3,3,1,0,0,0,0,1,3,3,3,3,3,3,3,3,0,
-0,3,3,3,3,1,1,1,1,1,0,0,0,0,1,1,1,1,1,3,3,3,3,0,
-0,3,3,3,3,1,0,0,0,0,0,0,0,0,0,0,0,0,1,3,3,3,3,0,
-0,3,3,3,3,1,0,3,0,0,0,0,0,0,0,0,3,0,1,3,3,3,3,0,
-0,3,3,3,3,1,0,4,0,0,0,0,0,0,0,0,4,0,1,3,3,3,3,0,
-0,3,3,3,3,1,0,3,0,0,0,0,0,0,0,0,3,0,1,3,3,3,3,0,
-0,3,3,3,3,1,0,0,0,0,0,0,0,0,0,0,0,0,1,3,3,3,3,0,
-0,3,3,3,3,1,0,4,0,4,0,0,0,0,4,0,4,0,1,3,3,3,3,0,
-0,3,3,3,3,1,4,4,0,0,0,0,0,0,0,0,4,4,1,3,3,3,3,0,
-0,3,3,3,3,1,0,0,0,0,0,0,0,0,0,0,0,0,1,3,3,3,3,0,
-0,3,3,3,3,1,1,1,1,1,0,0,0,0,1,1,1,1,1,3,3,3,3,0,
-0,3,3,3,3,3,3,3,3,1,0,0,0,0,1,3,3,3,3,3,3,3,3,0,
-0,3,3,3,3,3,3,3,3,1,0,0,0,0,1,3,3,3,3,3,3,3,3,0,
-0,3,3,3,3,3,3,3,3,1,0,0,0,0,1,3,3,3,3,3,3,3,3,0,
-0,3,3,3,3,3,3,3,3,1,0,0,0,0,1,3,3,3,3,3,3,3,3,0,
-0,3,3,3,3,3,3,3,3,1,0,0,0,0,1,3,3,3,3,3,3,3,3,0,
-0,3,3,3,3,3,3,3,3,1,0,0,0,0,1,3,3,3,3,3,3,3,3,0,
-0,3,3,3,3,3,3,3,3,1,0,0,0,0,1,3,3,3,3,3,3,3,3,0,
-0,3,3,3,3,3,3,3,3,1,1,1,1,1,1,3,3,3,3,3,3,3,3,0,
-0,0,0,0,0,0,0,0,0,0,0,0,0,0,0,0,0,0,0,0,0,0,0,0
+3,3,3,3,3,3,3,3,3,3,3,3,3,3,3,3,3,3,3,3,3,3,3,3,
+3,1,1,1,1,1,1,1,1,1,1,1,1,1,1,1,1,1,1,1,1,1,1,3,
+3,1,0,0,0,0,0,0,0,0,0,0,0,0,0,0,0,0,0,0,0,0,1,3,
+3,1,0,2,2,0,0,0,0,1,4,4,4,4,1,0,0,0,0,2,2,0,1,3,
+3,1,0,2,2,0,0,0,0,0,0,0,0,0,0,0,0,0,0,2,2,0,1,3,
+3,1,0,0,0,4,0,0,0,0,0,0,0,0,0,0,0,0,4,0,0,0,1,3,
+3,1,0,0,0,0,2,2,2,2,2,2,2,2,2,2,2,2,0,0,0,0,1,3,
+3,1,0,0,0,0,2,4,4,4,4,4,4,4,4,4,4,2,0,0,0,0,1,3,
+3,1,0,0,0,0,2,4,4,4,4,4,4,4,4,4,4,2,0,0,0,0,1,3,
+3,1,0,0,0,0,2,4,4,2,2,2,2,2,2,4,4,2,0,0,0,0,1,3,
+3,1,0,0,0,0,2,4,4,2,3,0,0,3,2,4,4,2,0,0,0,0,1,3,
+3,1,0,0,0,0,2,4,4,2,0,0,0,0,2,4,4,2,0,0,0,0,1,3,
+3,1,0,0,0,0,2,4,4,2,0,0,0,0,2,4,4,2,0,0,0,0,1,3,
+3,1,0,0,0,0,2,2,2,2,0,0,0,0,2,2,2,2,0,0,0,0,1,3,
+3,1,0,0,0,4,0,0,0,0,0,0,0,0,0,0,0,0,4,0,0,0,1,3,
+3,1,0,2,2,0,0,0,0,0,0,0,0,0,0,0,0,0,0,2,2,0,1,3,
+3,1,0,2,2,0,0,0,0,0,0,0,0,0,0,0,0,0,0,2,2,0,1,3,
+3,1,0,0,0,0,0,0,0,0,0,0,0,0,0,0,0,0,0,0,0,0,1,3,
+3,1,1,1,1,1,1,1,1,1,0,0,0,0,1,1,1,1,1,1,1,1,1,3,
+3,3,3,3,3,3,3,3,3,1,0,0,0,0,1,3,3,3,3,3,3,3,3,3,
+3,3,3,3,3,3,3,3,3,1,0,0,0,0,1,3,3,3,3,3,3,3,3,3,
+3,3,3,3,3,3,3,3,3,1,0,0,0,0,1,3,3,3,3,3,3,3,3,3,
+3,3,3,3,3,3,3,3,3,1,0,0,0,0,1,3,3,3,3,3,3,3,3,3,
+3,3,3,3,3,3,3,3,3,1,0,0,0,0,1,3,3,3,3,3,3,3,3,3,
+3,3,3,3,3,3,3,3,3,1,0,0,0,0,1,3,3,3,3,3,3,3,3,3,
+3,3,3,3,3,1,1,1,1,1,0,0,0,0,1,1,1,1,1,3,3,3,3,3,
+3,3,3,3,3,1,0,0,0,0,0,0,0,0,0,0,0,0,1,3,3,3,3,3,
+3,3,3,3,3,1,0,3,0,0,0,0,0,0,0,0,3,0,1,3,3,3,3,3,
+3,3,3,3,3,1,0,4,0,0,0,0,0,0,0,0,4,0,1,3,3,3,3,3,
+3,3,3,3,3,1,0,3,0,0,0,0,0,0,0,0,3,0,1,3,3,3,3,3,
+3,3,3,3,3,1,0,0,0,0,0,0,0,0,0,0,0,0,1,3,3,3,3,3,
+3,3,3,3,3,1,0,4,0,4,0,0,0,0,4,0,4,0,1,3,3,3,3,3,
+3,3,3,3,3,1,4,4,0,0,0,0,0,0,0,0,4,4,1,3,3,3,3,3,
+3,3,3,3,3,1,0,0,0,0,0,0,0,0,0,0,0,0,1,3,3,3,3,3,
+3,3,3,3,3,1,1,1,1,1,0,0,0,0,1,1,1,1,1,3,3,3,3,3,
+3,3,3,3,3,3,3,3,3,1,0,0,0,0,1,3,3,3,3,3,3,3,3,3,
+3,3,3,3,3,3,3,3,3,1,0,0,0,0,1,3,3,3,3,3,3,3,3,3,
+3,3,3,3,3,3,3,3,3,1,0,0,0,0,1,3,3,3,3,3,3,3,3,3,
+3,3,3,3,3,3,3,3,3,1,0,0,0,0,1,3,3,3,3,3,3,3,3,3,
+3,3,3,3,3,3,3,3,3,1,0,0,0,0,1,3,3,3,3,3,3,3,3,3,
+3,3,3,3,3,3,3,3,3,1,0,0,0,0,1,3,3,3,3,3,3,3,3,3,
+3,3,3,3,3,1,1,1,1,1,0,0,0,0,1,1,1,1,1,3,3,3,3,3,
+3,3,3,3,3,1,0,0,0,0,0,0,0,0,0,0,0,0,1,3,3,3,3,3,
+3,3,3,3,3,1,0,3,0,0,0,0,0,0,0,0,3,0,1,3,3,3,3,3,
+3,3,3,3,3,1,0,4,0,0,0,0,0,0,0,0,4,0,1,3,3,3,3,3,
+3,3,3,3,3,1,0,3,0,0,0,0,0,0,0,0,3,0,1,3,3,3,3,3,
+3,3,3,3,3,1,0,0,0,0,0,0,0,0,0,0,0,0,1,3,3,3,3,3,
+3,3,3,3,3,1,0,4,0,4,0,0,0,0,4,0,4,0,1,3,3,3,3,3,
+3,3,3,3,3,1,4,4,0,0,0,0,0,0,0,0,4,4,1,3,3,3,3,3,
+3,3,3,3,3,1,0,0,0,0,0,0,0,0,0,0,0,0,1,3,3,3,3,3,
+3,3,3,3,3,1,1,1,1,1,0,0,0,0,1,1,1,1,1,3,3,3,3,3,
+3,3,3,3,3,3,3,3,3,1,0,0,0,0,1,3,3,3,3,3,3,3,3,3,
+3,3,3,3,3,3,3,3,3,1,0,0,0,0,1,3,3,3,3,3,3,3,3,3,
+3,3,3,3,3,3,3,3,3,1,0,0,0,0,1,3,3,3,3,3,3,3,3,3,
+3,3,3,3,3,3,3,3,3,1,0,0,0,0,1,3,3,3,3,3,3,3,3,3,
+3,3,3,3,3,3,3,3,3,1,0,0,0,0,1,3,3,3,3,3,3,3,3,3,
+3,3,3,3,3,3,3,3,3,1,0,0,0,0,1,3,3,3,3,3,3,3,3,3,
+3,3,3,3,3,3,3,3,3,1,0,0,0,0,1,3,3,3,3,3,3,3,3,3,
+3,3,3,3,3,3,3,3,3,1,1,1,1,1,1,3,3,3,3,3,3,3,3,3,
+3,3,3,3,3,3,3,3,3,3,3,3,3,3,3,3,3,3,3,3,3,3,3,3
 
 [event]
 # to Underworld Stronghold: Barracks
diff --git a/tiled/empyrean_campaign/halls_of_infinity.tmx b/tiled/empyrean_campaign/halls_of_infinity.tmx
index 25e40bd557137c32b07416e19e81583871242eeb..a32bbe60934227cbfd139241e4b3fbf652b2070e 100644
--- a/tiled/empyrean_campaign/halls_of_infinity.tmx
+++ b/tiled/empyrean_campaign/halls_of_infinity.tmx
@@ -161,66 +161,66 @@
  </layer>
  <layer name="collision" width="24" height="60">
   <data encoding="csv">
-0,0,0,0,0,0,0,0,0,0,0,0,0,0,0,0,0,0,0,0,0,0,0,0,
-0,1,1,1,1,1,1,1,1,1,1,1,1,1,1,1,1,1,1,1,1,1,1,0,
-0,1,0,0,0,0,0,0,0,0,0,0,0,0,0,0,0,0,0,0,0,0,1,0,
-0,1,0,2,2,0,0,0,0,1,4,4,4,4,1,0,0,0,0,2,2,0,1,0,
-0,1,0,2,2,0,0,0,0,0,0,0,0,0,0,0,0,0,0,2,2,0,1,0,
-0,1,0,0,0,4,0,0,0,0,0,0,0,0,0,0,0,0,4,0,0,0,1,0,
-0,1,0,0,0,0,2,2,2,2,2,2,2,2,2,2,2,2,0,0,0,0,1,0,
-0,1,0,0,0,0,2,4,4,4,4,4,4,4,4,4,4,2,0,0,0,0,1,0,
-0,1,0,0,0,0,2,4,4,4,4,4,4,4,4,4,4,2,0,0,0,0,1,0,
-0,1,0,0,0,0,2,4,4,2,2,2,2,2,2,4,4,2,0,0,0,0,1,0,
-0,1,0,0,0,0,2,4,4,2,3,0,0,3,2,4,4,2,0,0,0,0,1,0,
-0,1,0,0,0,0,2,4,4,2,0,0,0,0,2,4,4,2,0,0,0,0,1,0,
-0,1,0,0,0,0,2,4,4,2,0,0,0,0,2,4,4,2,0,0,0,0,1,0,
-0,1,0,0,0,0,2,2,2,2,0,0,0,0,2,2,2,2,0,0,0,0,1,0,
-0,1,0,0,0,4,0,0,0,0,0,0,0,0,0,0,0,0,4,0,0,0,1,0,
-0,1,0,2,2,0,0,0,0,0,0,0,0,0,0,0,0,0,0,2,2,0,1,0,
-0,1,0,2,2,0,0,0,0,0,0,0,0,0,0,0,0,0,0,2,2,0,1,0,
-0,1,0,0,0,0,0,0,0,0,0,0,0,0,0,0,0,0,0,0,0,0,1,0,
-0,1,1,1,1,1,1,1,1,1,0,0,0,0,1,1,1,1,1,1,1,1,1,0,
-0,3,3,3,3,3,3,3,3,1,0,0,0,0,1,3,3,3,3,3,3,3,3,0,
-0,3,3,3,3,3,3,3,3,1,0,0,0,0,1,3,3,3,3,3,3,3,3,0,
-0,3,3,3,3,3,3,3,3,1,0,0,0,0,1,3,3,3,3,3,3,3,3,0,
-0,3,3,3,3,3,3,3,3,1,0,0,0,0,1,3,3,3,3,3,3,3,3,0,
-0,3,3,3,3,3,3,3,3,1,0,0,0,0,1,3,3,3,3,3,3,3,3,0,
-0,3,3,3,3,3,3,3,3,1,0,0,0,0,1,3,3,3,3,3,3,3,3,0,
-0,3,3,3,3,1,1,1,1,1,0,0,0,0,1,1,1,1,1,3,3,3,3,0,
-0,3,3,3,3,1,0,0,0,0,0,0,0,0,0,0,0,0,1,3,3,3,3,0,
-0,3,3,3,3,1,0,3,0,0,0,0,0,0,0,0,3,0,1,3,3,3,3,0,
-0,3,3,3,3,1,0,4,0,0,0,0,0,0,0,0,4,0,1,3,3,3,3,0,
-0,3,3,3,3,1,0,3,0,0,0,0,0,0,0,0,3,0,1,3,3,3,3,0,
-0,3,3,3,3,1,0,0,0,0,0,0,0,0,0,0,0,0,1,3,3,3,3,0,
-0,3,3,3,3,1,0,4,0,4,0,0,0,0,4,0,4,0,1,3,3,3,3,0,
-0,3,3,3,3,1,4,4,0,0,0,0,0,0,0,0,4,4,1,3,3,3,3,0,
-0,3,3,3,3,1,0,0,0,0,0,0,0,0,0,0,0,0,1,3,3,3,3,0,
-0,3,3,3,3,1,1,1,1,1,0,0,0,0,1,1,1,1,1,3,3,3,3,0,
-0,3,3,3,3,3,3,3,3,1,0,0,0,0,1,3,3,3,3,3,3,3,3,0,
-0,3,3,3,3,3,3,3,3,1,0,0,0,0,1,3,3,3,3,3,3,3,3,0,
-0,3,3,3,3,3,3,3,3,1,0,0,0,0,1,3,3,3,3,3,3,3,3,0,
-0,3,3,3,3,3,3,3,3,1,0,0,0,0,1,3,3,3,3,3,3,3,3,0,
-0,3,3,3,3,3,3,3,3,1,0,0,0,0,1,3,3,3,3,3,3,3,3,0,
-0,3,3,3,3,3,3,3,3,1,0,0,0,0,1,3,3,3,3,3,3,3,3,0,
-0,3,3,3,3,1,1,1,1,1,0,0,0,0,1,1,1,1,1,3,3,3,3,0,
-0,3,3,3,3,1,0,0,0,0,0,0,0,0,0,0,0,0,1,3,3,3,3,0,
-0,3,3,3,3,1,0,3,0,0,0,0,0,0,0,0,3,0,1,3,3,3,3,0,
-0,3,3,3,3,1,0,4,0,0,0,0,0,0,0,0,4,0,1,3,3,3,3,0,
-0,3,3,3,3,1,0,3,0,0,0,0,0,0,0,0,3,0,1,3,3,3,3,0,
-0,3,3,3,3,1,0,0,0,0,0,0,0,0,0,0,0,0,1,3,3,3,3,0,
-0,3,3,3,3,1,0,4,0,4,0,0,0,0,4,0,4,0,1,3,3,3,3,0,
-0,3,3,3,3,1,4,4,0,0,0,0,0,0,0,0,4,4,1,3,3,3,3,0,
-0,3,3,3,3,1,0,0,0,0,0,0,0,0,0,0,0,0,1,3,3,3,3,0,
-0,3,3,3,3,1,1,1,1,1,0,0,0,0,1,1,1,1,1,3,3,3,3,0,
-0,3,3,3,3,3,3,3,3,1,0,0,0,0,1,3,3,3,3,3,3,3,3,0,
-0,3,3,3,3,3,3,3,3,1,0,0,0,0,1,3,3,3,3,3,3,3,3,0,
-0,3,3,3,3,3,3,3,3,1,0,0,0,0,1,3,3,3,3,3,3,3,3,0,
-0,3,3,3,3,3,3,3,3,1,0,0,0,0,1,3,3,3,3,3,3,3,3,0,
-0,3,3,3,3,3,3,3,3,1,0,0,0,0,1,3,3,3,3,3,3,3,3,0,
-0,3,3,3,3,3,3,3,3,1,0,0,0,0,1,3,3,3,3,3,3,3,3,0,
-0,3,3,3,3,3,3,3,3,1,0,0,0,0,1,3,3,3,3,3,3,3,3,0,
-0,3,3,3,3,3,3,3,3,1,1,1,1,1,1,3,3,3,3,3,3,3,3,0,
-0,0,0,0,0,0,0,0,0,0,0,0,0,0,0,0,0,0,0,0,0,0,0,0
+3,3,3,3,3,3,3,3,3,3,3,3,3,3,3,3,3,3,3,3,3,3,3,3,
+3,1,1,1,1,1,1,1,1,1,1,1,1,1,1,1,1,1,1,1,1,1,1,3,
+3,1,0,0,0,0,0,0,0,0,0,0,0,0,0,0,0,0,0,0,0,0,1,3,
+3,1,0,2,2,0,0,0,0,1,4,4,4,4,1,0,0,0,0,2,2,0,1,3,
+3,1,0,2,2,0,0,0,0,0,0,0,0,0,0,0,0,0,0,2,2,0,1,3,
+3,1,0,0,0,4,0,0,0,0,0,0,0,0,0,0,0,0,4,0,0,0,1,3,
+3,1,0,0,0,0,2,2,2,2,2,2,2,2,2,2,2,2,0,0,0,0,1,3,
+3,1,0,0,0,0,2,4,4,4,4,4,4,4,4,4,4,2,0,0,0,0,1,3,
+3,1,0,0,0,0,2,4,4,4,4,4,4,4,4,4,4,2,0,0,0,0,1,3,
+3,1,0,0,0,0,2,4,4,2,2,2,2,2,2,4,4,2,0,0,0,0,1,3,
+3,1,0,0,0,0,2,4,4,2,3,0,0,3,2,4,4,2,0,0,0,0,1,3,
+3,1,0,0,0,0,2,4,4,2,0,0,0,0,2,4,4,2,0,0,0,0,1,3,
+3,1,0,0,0,0,2,4,4,2,0,0,0,0,2,4,4,2,0,0,0,0,1,3,
+3,1,0,0,0,0,2,2,2,2,0,0,0,0,2,2,2,2,0,0,0,0,1,3,
+3,1,0,0,0,4,0,0,0,0,0,0,0,0,0,0,0,0,4,0,0,0,1,3,
+3,1,0,2,2,0,0,0,0,0,0,0,0,0,0,0,0,0,0,2,2,0,1,3,
+3,1,0,2,2,0,0,0,0,0,0,0,0,0,0,0,0,0,0,2,2,0,1,3,
+3,1,0,0,0,0,0,0,0,0,0,0,0,0,0,0,0,0,0,0,0,0,1,3,
+3,1,1,1,1,1,1,1,1,1,0,0,0,0,1,1,1,1,1,1,1,1,1,3,
+3,3,3,3,3,3,3,3,3,1,0,0,0,0,1,3,3,3,3,3,3,3,3,3,
+3,3,3,3,3,3,3,3,3,1,0,0,0,0,1,3,3,3,3,3,3,3,3,3,
+3,3,3,3,3,3,3,3,3,1,0,0,0,0,1,3,3,3,3,3,3,3,3,3,
+3,3,3,3,3,3,3,3,3,1,0,0,0,0,1,3,3,3,3,3,3,3,3,3,
+3,3,3,3,3,3,3,3,3,1,0,0,0,0,1,3,3,3,3,3,3,3,3,3,
+3,3,3,3,3,3,3,3,3,1,0,0,0,0,1,3,3,3,3,3,3,3,3,3,
+3,3,3,3,3,1,1,1,1,1,0,0,0,0,1,1,1,1,1,3,3,3,3,3,
+3,3,3,3,3,1,0,0,0,0,0,0,0,0,0,0,0,0,1,3,3,3,3,3,
+3,3,3,3,3,1,0,3,0,0,0,0,0,0,0,0,3,0,1,3,3,3,3,3,
+3,3,3,3,3,1,0,4,0,0,0,0,0,0,0,0,4,0,1,3,3,3,3,3,
+3,3,3,3,3,1,0,3,0,0,0,0,0,0,0,0,3,0,1,3,3,3,3,3,
+3,3,3,3,3,1,0,0,0,0,0,0,0,0,0,0,0,0,1,3,3,3,3,3,
+3,3,3,3,3,1,0,4,0,4,0,0,0,0,4,0,4,0,1,3,3,3,3,3,
+3,3,3,3,3,1,4,4,0,0,0,0,0,0,0,0,4,4,1,3,3,3,3,3,
+3,3,3,3,3,1,0,0,0,0,0,0,0,0,0,0,0,0,1,3,3,3,3,3,
+3,3,3,3,3,1,1,1,1,1,0,0,0,0,1,1,1,1,1,3,3,3,3,3,
+3,3,3,3,3,3,3,3,3,1,0,0,0,0,1,3,3,3,3,3,3,3,3,3,
+3,3,3,3,3,3,3,3,3,1,0,0,0,0,1,3,3,3,3,3,3,3,3,3,
+3,3,3,3,3,3,3,3,3,1,0,0,0,0,1,3,3,3,3,3,3,3,3,3,
+3,3,3,3,3,3,3,3,3,1,0,0,0,0,1,3,3,3,3,3,3,3,3,3,
+3,3,3,3,3,3,3,3,3,1,0,0,0,0,1,3,3,3,3,3,3,3,3,3,
+3,3,3,3,3,3,3,3,3,1,0,0,0,0,1,3,3,3,3,3,3,3,3,3,
+3,3,3,3,3,1,1,1,1,1,0,0,0,0,1,1,1,1,1,3,3,3,3,3,
+3,3,3,3,3,1,0,0,0,0,0,0,0,0,0,0,0,0,1,3,3,3,3,3,
+3,3,3,3,3,1,0,3,0,0,0,0,0,0,0,0,3,0,1,3,3,3,3,3,
+3,3,3,3,3,1,0,4,0,0,0,0,0,0,0,0,4,0,1,3,3,3,3,3,
+3,3,3,3,3,1,0,3,0,0,0,0,0,0,0,0,3,0,1,3,3,3,3,3,
+3,3,3,3,3,1,0,0,0,0,0,0,0,0,0,0,0,0,1,3,3,3,3,3,
+3,3,3,3,3,1,0,4,0,4,0,0,0,0,4,0,4,0,1,3,3,3,3,3,
+3,3,3,3,3,1,4,4,0,0,0,0,0,0,0,0,4,4,1,3,3,3,3,3,
+3,3,3,3,3,1,0,0,0,0,0,0,0,0,0,0,0,0,1,3,3,3,3,3,
+3,3,3,3,3,1,1,1,1,1,0,0,0,0,1,1,1,1,1,3,3,3,3,3,
+3,3,3,3,3,3,3,3,3,1,0,0,0,0,1,3,3,3,3,3,3,3,3,3,
+3,3,3,3,3,3,3,3,3,1,0,0,0,0,1,3,3,3,3,3,3,3,3,3,
+3,3,3,3,3,3,3,3,3,1,0,0,0,0,1,3,3,3,3,3,3,3,3,3,
+3,3,3,3,3,3,3,3,3,1,0,0,0,0,1,3,3,3,3,3,3,3,3,3,
+3,3,3,3,3,3,3,3,3,1,0,0,0,0,1,3,3,3,3,3,3,3,3,3,
+3,3,3,3,3,3,3,3,3,1,0,0,0,0,1,3,3,3,3,3,3,3,3,3,
+3,3,3,3,3,3,3,3,3,1,0,0,0,0,1,3,3,3,3,3,3,3,3,3,
+3,3,3,3,3,3,3,3,3,1,1,1,1,1,1,3,3,3,3,3,3,3,3,3,
+3,3,3,3,3,3,3,3,3,3,3,3,3,3,3,3,3,3,3,3,3,3,3,3
 </data>
  </layer>
  <objectgroup name="event">
