diff --git a/mods/empyrean_campaign/enemies/lvl11_sentry_fire.txt b/mods/empyrean_campaign/enemies/lvl11_sentry_fire.txt
new file mode 100644
index 0000000000000000000000000000000000000000..48889d0e7d944a9fa8b35f08fc171ee1d199dfdd
--- /dev/null
+++ b/mods/empyrean_campaign/enemies/lvl11_sentry_fire.txt
@@ -0,0 +1,22 @@
+INCLUDE enemies/base/grave.txt
+
+name=Fire Sentry
+level=11
+xp=4096
+categories=fire_sentry,sentry
+
+# combat stats
+stat=hp,600
+stat=accuracy,140
+stat=dmg_ment_min,165
+stat=dmg_ment_max,170
+
+power=melee,206,100
+power=ranged,206,100
+passive_powers=170
+
+cooldown=2500ms
+
+# loot
+loot=loot/level_11.txt
+
diff --git a/mods/empyrean_campaign/enemies/lvl11_sentry_ice.txt b/mods/empyrean_campaign/enemies/lvl11_sentry_ice.txt
new file mode 100644
index 0000000000000000000000000000000000000000..14f8cb4a3ebca947a8904cb0781cd3810a631cec
--- /dev/null
+++ b/mods/empyrean_campaign/enemies/lvl11_sentry_ice.txt
@@ -0,0 +1,22 @@
+INCLUDE enemies/base/grave.txt
+
+name=Ice Sentry
+level=11
+xp=4096
+categories=ice_sentry,sentry
+
+# combat stats
+stat=hp,600
+stat=accuracy,140
+stat=dmg_ment_min,165
+stat=dmg_ment_max,170
+
+power=melee,205,100
+power=ranged,205,100
+passive_powers=170
+
+cooldown=2500ms
+
+# loot
+loot=loot/level_11.txt
+
diff --git a/mods/empyrean_campaign/enemies/lvl11_skeleton_frost.txt b/mods/empyrean_campaign/enemies/lvl11_skeleton_frost.txt
new file mode 100644
index 0000000000000000000000000000000000000000..4c104e5901ed8cc0f5f5637fd768933db2debad5
--- /dev/null
+++ b/mods/empyrean_campaign/enemies/lvl11_skeleton_frost.txt
@@ -0,0 +1,45 @@
+INCLUDE enemies/base/skeleton_mage.txt
+
+name=Frost Skeleton
+level=11
+categories=skeleton_mage,skeleton,undead,dungeon,ice
+rarity=uncommon
+xp=4096
+
+# combat stats
+stat=hp,290
+speed=5
+turn_delay=200ms
+
+passive_powers=185
+
+stat=accuracy,140
+stat=avoidance,65
+stat=poise,40
+
+stat=absorb_min,10
+stat=absorb_max,10
+
+stat=dmg_melee_min,155
+stat=dmg_melee_max,160
+stat=dmg_ment_min,165
+stat=dmg_ment_max,170
+
+vulnerable=ice,50
+vulnerable=fire,125
+
+cooldown=1350ms
+
+# loot
+loot=loot/level_11.txt
+
+# Ranged units behaviour, see docs/ranged_behavior.txt
+chance_pursue=3
+chance_flee=20
+flee_duration=3s
+flee_cooldown=1s
+flee_range=8
+threat_range=10,20
+power=melee,164,1
+power=ranged,172,50
+power=ranged,204,100
diff --git a/mods/empyrean_campaign/maps/wizards_tower_1.txt b/mods/empyrean_campaign/maps/wizards_tower_1.txt
index ca526d4d4675faf1cad874e45189308b5b50d7cb..4ab02b8210f86204c1ff3a2cfec9be77f4378ab4 100644
--- a/mods/empyrean_campaign/maps/wizards_tower_1.txt
+++ b/mods/empyrean_campaign/maps/wizards_tower_1.txt
@@ -163,26 +163,26 @@ data=
 0,0,0,0,0,0,0,0,0,0,0,0,0,0,0,0,0,0,0,0,0,0,0,0,0,0,0,0,0,0,0,0,0,0,0,0,0,64,0,0,0,0,82,0,0,0,0,0,0,0,0,0,0,0,0,0,0,0,80,0,0,82,0,0,0,0,0,0,0,0,0,0,0,0,0,0,0,102,0,0,0,0,0,0,0,0,0,0,0,0,0,0,0,0,82,0,0,0,0,0,
 0,0,0,0,0,0,0,0,0,0,0,0,0,0,0,0,0,0,0,0,0,0,0,0,0,0,0,0,0,0,0,0,0,0,0,0,0,76,72,0,0,91,95,0,0,0,0,0,0,0,0,0,0,0,0,0,0,0,64,282,283,82,0,0,0,0,0,0,0,0,0,0,0,0,0,0,0,106,0,0,0,0,0,0,0,0,0,0,0,0,0,0,0,0,82,0,0,0,0,0,
 0,0,0,0,0,0,0,0,0,0,0,0,0,0,0,0,0,0,0,0,0,0,0,0,0,0,0,0,0,0,0,0,0,0,0,0,0,0,64,0,0,82,0,0,0,0,0,0,0,77,65,103,69,107,69,65,107,65,73,0,0,90,81,107,65,69,107,65,103,69,65,69,105,65,78,0,0,64,0,0,0,0,0,0,0,0,0,0,0,0,0,0,0,0,82,0,0,0,0,0,
-0,0,0,0,0,0,0,0,0,0,0,0,0,0,0,0,0,0,0,0,0,0,0,0,0,0,0,0,0,0,0,0,0,0,0,0,0,0,64,282,283,82,0,0,0,0,0,0,0,68,0,0,0,0,0,0,0,0,0,0,0,0,0,0,0,0,0,0,0,0,0,0,0,0,70,0,0,76,71,83,83,88,0,0,0,0,91,83,83,83,83,83,83,83,95,0,0,0,0,0,
-0,0,0,0,0,0,0,0,0,0,0,0,0,0,0,0,0,0,0,0,0,0,0,0,0,0,0,0,0,0,0,0,0,0,0,0,0,77,73,0,0,90,94,0,0,0,0,0,0,98,0,0,0,0,0,0,0,0,0,0,0,0,0,0,0,0,0,0,0,0,0,0,0,0,82,0,0,0,0,0,0,80,0,0,0,0,82,0,0,0,0,0,0,0,0,0,0,0,0,0,
-0,0,0,0,0,0,0,0,0,0,0,0,0,0,0,0,0,0,0,0,0,0,0,0,0,0,0,0,0,0,0,0,0,0,0,0,0,64,0,0,0,0,82,0,0,0,0,0,0,68,0,0,0,0,0,0,0,0,0,0,0,0,0,0,0,0,0,0,0,0,0,0,0,0,82,0,0,0,0,0,0,68,0,0,0,0,82,0,0,0,0,0,0,0,0,0,0,0,0,0,
-0,0,0,0,0,0,0,0,0,0,0,0,0,0,0,0,0,0,0,0,0,0,0,0,0,0,0,0,0,0,0,0,0,77,65,107,65,73,167,0,0,0,90,81,107,65,99,69,107,73,0,0,0,0,0,0,0,130,118,0,0,0,0,0,0,0,0,0,0,120,128,0,0,0,82,0,0,0,0,0,0,96,0,0,0,0,82,0,0,0,0,0,0,0,0,0,0,0,0,0,
-0,0,0,0,0,0,0,0,0,0,0,0,0,0,0,0,0,0,0,0,0,0,0,0,0,0,0,0,0,0,0,0,0,68,0,0,0,0,0,0,0,0,0,0,0,0,0,0,0,0,0,0,0,0,0,0,0,119,151,0,0,0,0,0,0,0,0,0,0,151,119,0,0,0,82,0,0,0,0,0,0,102,0,0,0,0,82,0,0,0,0,0,0,0,0,0,0,0,0,0,
-0,0,0,0,0,0,0,0,0,0,0,0,0,0,0,0,0,0,0,0,0,0,0,0,0,0,0,0,0,0,0,0,0,102,0,150,0,0,0,0,0,0,0,0,0,195,0,195,0,0,0,0,0,0,0,0,0,0,0,0,0,0,0,0,0,0,0,0,0,0,0,0,0,0,82,0,0,0,0,0,0,108,0,0,0,0,82,0,0,0,0,0,0,0,0,0,0,0,0,0,
-0,0,0,0,0,0,0,0,0,0,0,0,0,0,0,0,0,0,0,0,0,0,0,0,0,0,0,0,0,0,0,0,0,68,0,0,0,0,0,0,0,0,0,0,0,194,0,194,0,0,0,0,0,0,0,0,0,0,0,0,0,0,0,0,0,0,0,0,0,0,0,0,0,0,82,0,0,0,0,0,0,68,0,0,0,0,82,0,0,0,0,0,0,0,0,0,0,0,0,0,
-0,77,69,103,65,101,107,101,101,107,101,69,103,69,78,0,0,0,0,0,0,0,0,0,0,0,0,0,0,77,65,69,65,73,0,0,0,0,0,0,0,0,0,0,0,0,0,0,0,0,0,0,0,0,0,0,0,0,0,0,0,0,0,0,0,0,0,0,0,0,0,0,0,0,90,81,78,0,0,77,69,73,0,0,0,0,90,81,65,65,78,0,0,0,0,0,0,0,0,0,
+0,0,0,0,0,0,0,0,0,0,0,0,0,0,0,0,0,0,0,0,0,0,0,0,0,0,0,0,0,0,0,0,0,0,0,0,0,0,64,282,283,82,0,0,0,0,0,0,0,68,0,0,0,0,121,0,0,0,0,0,0,0,0,0,0,0,0,0,0,0,0,0,0,0,70,0,0,76,71,83,83,88,0,0,0,0,91,83,83,83,83,83,83,83,95,0,0,0,0,0,
+0,0,0,0,0,0,0,0,0,0,0,0,0,0,0,0,0,0,0,0,0,0,0,0,0,0,0,0,0,0,0,0,0,0,0,0,0,77,73,0,0,90,94,0,0,0,0,0,0,98,0,0,0,0,122,0,0,0,0,0,0,0,0,0,0,0,0,0,0,0,0,0,0,0,82,0,0,0,0,0,0,80,0,0,0,0,82,0,0,0,0,0,0,0,0,0,0,0,0,0,
+0,0,0,0,0,0,0,0,0,0,0,0,0,0,0,0,0,0,0,0,0,0,0,0,0,0,0,0,0,0,0,0,0,0,0,0,0,64,0,0,0,0,82,0,0,0,0,0,0,68,0,0,0,0,122,0,0,0,0,0,0,0,0,0,0,0,0,0,0,0,0,0,0,0,82,0,0,0,0,0,0,68,0,0,0,0,82,0,0,0,0,0,0,0,0,0,0,0,0,0,
+0,0,0,0,0,0,0,0,0,0,0,0,0,0,0,0,0,0,0,0,0,0,0,0,0,0,0,0,0,0,0,0,0,77,65,107,65,73,167,0,0,0,90,81,107,65,99,69,107,73,0,0,0,0,122,0,0,130,118,0,0,0,0,0,0,0,0,0,0,120,128,0,0,0,82,0,0,0,0,0,0,96,0,0,0,0,82,0,0,0,0,0,0,0,0,0,0,0,0,0,
+0,0,0,0,0,0,0,0,0,0,0,0,0,0,0,0,0,0,0,0,0,0,0,0,0,0,0,0,0,0,0,0,0,68,0,0,0,0,0,0,0,0,0,0,0,0,0,0,0,0,0,0,0,0,122,0,0,119,151,0,0,0,0,0,0,0,0,0,0,151,119,0,0,0,82,0,0,0,0,0,0,102,0,0,0,0,82,0,0,0,0,0,0,0,0,0,0,0,0,0,
+0,0,0,0,0,0,0,0,0,0,0,0,0,0,0,0,0,0,0,0,0,0,0,0,0,0,0,0,0,0,0,0,0,102,0,150,0,0,0,0,0,0,0,0,0,195,0,195,0,0,0,0,0,0,122,0,0,0,0,0,0,0,0,0,0,0,0,0,0,0,0,0,0,0,82,0,0,0,0,0,0,108,0,0,0,0,82,0,0,0,0,0,0,0,0,0,0,0,0,0,
+0,0,0,0,0,0,0,0,0,0,0,0,0,0,0,0,0,0,0,0,0,0,0,0,0,0,0,0,0,0,0,0,0,68,0,0,0,0,0,0,0,0,0,0,0,194,0,194,0,0,0,0,0,0,122,0,0,0,0,0,0,0,0,0,0,0,0,0,0,0,0,0,0,0,82,0,0,0,0,0,0,68,0,0,0,0,82,0,0,0,0,0,0,0,0,0,0,0,0,0,
+0,77,69,103,65,101,107,101,101,107,101,69,103,69,78,0,0,0,0,0,0,0,0,0,0,0,0,0,0,77,65,69,65,73,0,0,0,0,0,0,0,0,0,0,0,0,0,0,0,0,0,0,0,0,119,0,0,0,0,0,0,0,0,0,0,0,0,0,0,0,0,0,0,0,90,81,78,0,0,77,69,73,0,0,0,0,90,81,65,65,78,0,0,0,0,0,0,0,0,0,
 0,68,0,0,0,0,0,0,0,0,0,0,0,0,70,0,0,0,0,0,0,0,0,0,0,0,0,0,0,68,0,0,0,0,0,0,0,0,0,0,0,0,0,0,0,0,0,0,0,0,0,0,0,0,0,0,0,0,0,0,0,0,0,0,0,0,0,0,0,0,0,0,0,0,0,0,74,65,69,73,167,150,0,0,0,0,0,0,0,0,70,0,0,0,0,0,0,0,0,0,
 0,106,0,0,0,0,0,0,0,151,135,151,0,0,82,0,0,0,0,0,0,0,0,0,0,0,0,0,0,64,0,0,0,0,0,0,0,0,0,0,0,0,0,0,0,0,0,0,0,0,0,0,0,0,0,0,0,0,0,0,0,0,0,0,0,0,0,0,0,0,0,0,0,0,0,0,0,0,281,0,0,0,0,0,0,0,0,0,0,0,82,0,0,0,0,0,0,0,0,0,
 0,64,0,136,0,0,0,136,0,0,0,0,0,0,82,0,0,0,0,0,0,0,0,0,0,0,0,0,0,64,0,0,0,0,0,0,0,0,0,0,0,0,0,0,0,0,0,0,0,0,0,0,0,0,0,0,0,0,0,0,0,0,0,0,0,0,0,0,0,0,0,0,0,0,0,0,0,0,280,0,0,0,0,0,0,0,0,0,111,0,82,0,0,0,0,0,0,0,0,0,
 0,102,0,0,0,136,0,0,0,0,0,0,0,0,82,0,0,0,0,0,0,0,0,0,0,0,0,0,0,64,285,0,0,0,0,0,0,0,0,0,0,0,0,0,0,0,0,0,0,0,0,0,0,0,0,0,0,0,0,0,0,0,0,0,0,0,0,0,0,0,0,0,0,0,0,0,91,83,83,88,0,0,0,0,0,0,0,0,0,0,82,0,0,0,0,0,0,0,0,0,
-0,68,0,136,0,0,0,136,0,164,0,0,0,0,82,0,0,0,0,0,0,0,0,0,0,0,0,0,0,76,71,83,83,88,0,0,0,0,0,0,0,0,0,0,0,0,0,0,0,0,0,0,0,0,0,0,0,0,0,0,0,0,0,0,0,0,0,0,0,0,0,0,0,0,91,83,95,0,0,92,83,88,0,0,0,0,0,0,0,0,82,0,0,0,0,0,0,0,0,0,
-0,68,0,0,0,136,0,0,0,146,180,0,0,0,82,0,0,0,0,0,0,0,0,0,0,0,0,0,0,0,0,0,0,80,0,0,0,0,0,0,0,0,0,0,0,201,0,201,0,0,0,0,0,0,0,0,0,0,0,0,0,0,0,0,0,0,0,0,0,0,0,0,0,0,82,0,0,0,0,0,0,80,0,0,0,0,0,0,0,0,82,0,0,0,0,0,0,0,0,0,
-0,98,0,0,0,0,0,0,0,0,0,0,0,0,82,0,0,0,0,0,0,0,0,0,0,0,0,0,0,0,0,0,0,102,0,150,0,0,0,0,0,0,0,0,0,200,0,200,0,0,0,0,0,0,0,0,0,0,0,0,0,0,0,0,0,0,0,0,0,0,0,0,0,0,82,0,0,0,0,0,0,104,0,0,111,0,0,0,111,0,82,0,0,0,0,0,0,0,0,0,
-0,68,0,0,0,0,0,0,0,0,0,0,0,0,90,81,109,107,65,107,103,65,78,0,0,0,0,0,0,0,0,0,0,64,0,0,0,0,0,0,0,0,0,0,0,0,0,0,0,0,0,0,0,0,0,0,0,121,151,0,0,0,0,0,0,0,0,0,0,151,121,0,0,0,82,0,0,0,0,0,0,64,0,0,0,0,0,0,0,0,82,0,0,0,0,0,0,0,0,0,
-0,102,0,0,0,0,0,0,0,0,0,0,0,0,0,0,0,0,0,0,0,0,70,0,0,0,0,0,0,0,0,0,0,76,71,83,83,88,167,0,0,0,91,83,83,83,83,83,83,88,0,0,0,0,0,0,0,130,118,0,0,0,0,0,0,0,0,0,0,120,128,0,0,0,82,0,0,0,0,0,0,76,71,83,83,83,83,83,83,83,95,0,0,0,0,0,0,0,0,0,
-0,64,0,0,0,0,0,0,0,0,0,0,0,0,0,0,0,0,0,0,0,0,82,0,0,0,0,0,0,0,0,0,0,0,0,0,0,80,0,0,0,0,82,0,0,0,0,0,0,80,0,0,0,0,0,0,0,0,0,0,0,0,0,0,0,0,0,0,0,0,0,0,0,0,82,0,0,0,0,0,0,0,0,0,0,0,0,0,0,0,0,0,0,0,0,0,0,0,0,0,
-0,106,0,0,0,0,0,0,0,0,0,0,0,0,0,0,0,0,0,0,0,0,82,0,0,0,0,0,0,0,0,0,0,0,0,0,0,76,72,0,0,91,95,0,0,0,0,0,0,64,0,0,0,0,0,0,0,0,0,0,0,0,0,0,0,0,0,0,0,0,0,0,0,0,82,0,0,0,0,0,0,0,0,0,0,0,0,0,0,0,0,0,0,0,0,0,0,0,0,0,
-0,68,0,0,0,0,0,0,0,0,0,0,0,0,0,0,0,0,0,0,0,0,82,0,0,0,0,0,0,0,0,0,0,0,0,0,0,0,64,0,0,82,0,0,0,0,0,0,0,104,0,0,0,0,0,0,0,0,0,0,0,0,0,0,0,0,0,0,0,0,0,0,0,0,82,0,0,0,0,0,0,0,0,0,0,0,0,0,0,0,0,0,0,0,0,0,0,0,0,0,
+0,68,0,136,0,0,0,136,0,164,0,0,0,0,82,0,0,0,0,0,0,0,0,0,0,0,0,0,0,76,71,83,83,88,0,0,0,0,0,0,0,0,0,0,0,0,0,0,0,0,0,0,0,0,121,0,0,0,0,0,0,0,0,0,0,0,0,0,0,0,0,0,0,0,91,83,95,0,0,92,83,88,0,0,0,0,0,0,0,0,82,0,0,0,0,0,0,0,0,0,
+0,68,0,0,0,136,0,0,0,146,180,0,0,0,82,0,0,0,0,0,0,0,0,0,0,0,0,0,0,0,0,0,0,80,0,0,0,0,0,0,0,0,0,0,0,201,0,201,0,0,0,0,0,0,122,0,0,0,0,0,0,0,0,0,0,0,0,0,0,0,0,0,0,0,82,0,0,0,0,0,0,80,0,0,0,0,0,0,0,0,82,0,0,0,0,0,0,0,0,0,
+0,98,0,0,0,0,0,0,0,0,0,0,0,0,82,0,0,0,0,0,0,0,0,0,0,0,0,0,0,0,0,0,0,102,0,150,0,0,0,0,0,0,0,0,0,200,0,200,0,0,0,0,0,0,122,0,0,0,0,0,0,0,0,0,0,0,0,0,0,0,0,0,0,0,82,0,0,0,0,0,0,104,0,0,111,0,0,0,111,0,82,0,0,0,0,0,0,0,0,0,
+0,68,0,0,0,0,0,0,0,0,0,0,0,0,90,81,109,107,65,107,103,65,78,0,0,0,0,0,0,0,0,0,0,64,0,0,0,0,0,0,0,0,0,0,0,0,0,0,0,0,0,0,0,0,122,0,0,121,151,0,0,0,0,0,0,0,0,0,0,151,121,0,0,0,82,0,0,0,0,0,0,64,0,0,0,0,0,0,0,0,82,0,0,0,0,0,0,0,0,0,
+0,102,0,0,0,0,0,0,0,0,0,0,0,0,0,0,0,0,0,0,0,0,70,0,0,0,0,0,0,0,0,0,0,76,71,83,83,88,167,0,0,0,91,83,83,83,83,83,83,88,0,0,0,0,122,0,0,130,118,0,0,0,0,0,0,0,0,0,0,120,128,0,0,0,82,0,0,0,0,0,0,76,71,83,83,83,83,83,83,83,95,0,0,0,0,0,0,0,0,0,
+0,64,0,0,0,0,0,0,0,0,0,0,0,0,0,0,0,0,0,0,0,0,82,0,0,0,0,0,0,0,0,0,0,0,0,0,0,80,0,0,0,0,82,0,0,0,0,0,0,80,0,0,0,0,122,0,0,0,0,0,0,0,0,0,0,0,0,0,0,0,0,0,0,0,82,0,0,0,0,0,0,0,0,0,0,0,0,0,0,0,0,0,0,0,0,0,0,0,0,0,
+0,106,0,0,0,0,0,0,0,0,0,0,0,0,0,0,0,0,0,0,0,0,82,0,0,0,0,0,0,0,0,0,0,0,0,0,0,76,72,0,0,91,95,0,0,0,0,0,0,64,0,0,0,0,122,0,0,0,0,0,0,0,0,0,0,0,0,0,0,0,0,0,0,0,82,0,0,0,0,0,0,0,0,0,0,0,0,0,0,0,0,0,0,0,0,0,0,0,0,0,
+0,68,0,0,0,0,0,0,0,0,0,0,0,0,0,0,0,0,0,0,0,0,82,0,0,0,0,0,0,0,0,0,0,0,0,0,0,0,64,0,0,82,0,0,0,0,0,0,0,104,0,0,0,0,119,0,0,0,0,0,0,0,0,0,0,0,0,0,0,0,0,0,0,0,82,0,0,0,0,0,0,0,0,0,0,0,0,0,0,0,0,0,0,0,0,0,0,0,0,0,
 0,64,0,0,0,0,91,83,83,83,83,83,83,88,0,0,75,67,67,72,0,0,82,0,0,0,0,0,0,0,0,0,0,0,0,0,0,0,64,282,283,82,0,0,0,0,0,0,0,76,71,83,83,83,83,83,83,88,0,0,0,0,91,83,83,83,83,83,83,83,83,83,83,83,95,0,0,0,0,0,0,0,0,0,0,0,0,0,0,0,0,0,0,0,0,0,0,0,0,0,
 0,114,0,0,0,0,82,0,0,0,0,0,0,80,0,0,66,0,0,100,0,0,82,0,0,0,0,0,0,0,0,0,0,0,0,0,0,77,73,0,0,90,94,0,0,0,0,0,0,0,0,0,0,0,0,0,0,80,0,0,0,0,82,0,0,0,0,0,0,0,0,0,0,0,0,0,0,0,0,0,0,0,0,0,0,0,0,0,0,0,0,0,0,0,0,0,0,0,0,0,
 0,68,0,0,0,0,82,0,0,0,0,0,0,104,0,0,66,0,0,104,0,0,82,0,0,0,0,0,0,0,0,0,0,0,0,0,0,68,0,0,0,0,82,0,0,0,0,0,0,0,0,0,0,0,0,0,0,76,72,0,0,91,95,0,0,0,0,0,0,0,0,0,0,0,0,0,0,0,0,0,0,0,0,0,0,0,0,0,0,0,0,0,0,0,0,0,0,0,0,0,
@@ -267,26 +267,26 @@ data=
 3,3,3,3,3,3,3,3,3,3,3,3,3,3,3,3,3,3,3,3,3,3,3,3,3,3,3,3,3,3,3,3,3,3,3,3,3,1,0,0,0,0,1,3,3,3,3,3,3,3,3,3,3,3,3,3,3,3,1,1,1,1,3,3,3,3,3,3,3,3,3,3,3,3,3,3,3,1,0,0,0,0,0,0,0,0,0,0,0,0,0,0,0,0,1,3,3,3,3,3,
 3,3,3,3,3,3,3,3,3,3,3,3,3,3,3,3,3,3,3,3,3,3,3,3,3,3,3,3,3,3,3,3,3,3,3,3,3,1,1,0,0,1,1,3,3,3,3,3,3,3,3,3,3,3,3,3,3,3,1,1,1,1,3,3,3,3,3,3,3,3,3,3,3,3,3,3,3,1,0,0,0,0,0,0,0,0,0,0,0,0,0,0,0,0,1,3,3,3,3,3,
 3,3,3,3,3,3,3,3,3,3,3,3,3,3,3,3,3,3,3,3,3,3,3,3,3,3,3,3,3,3,3,3,3,3,3,3,3,3,1,1,1,1,3,3,3,3,3,3,3,1,1,1,1,1,1,1,1,1,1,0,0,1,1,1,1,1,1,1,1,1,1,1,1,1,1,3,3,1,0,0,0,0,0,0,0,0,0,0,0,0,0,0,0,0,1,3,3,3,3,3,
-3,3,3,3,3,3,3,3,3,3,3,3,3,3,3,3,3,3,3,3,3,3,3,3,3,3,3,3,3,3,3,3,3,3,3,3,3,3,1,1,1,1,3,3,3,3,3,3,3,1,0,0,0,0,0,0,0,0,0,0,0,0,0,0,0,0,0,0,0,0,0,0,0,0,1,3,3,1,1,1,1,1,0,0,0,0,1,1,1,1,1,1,1,1,1,3,3,3,3,3,
-3,3,3,3,3,3,3,3,3,3,3,3,3,3,3,3,3,3,3,3,3,3,3,3,3,3,3,3,3,3,3,3,3,3,3,3,3,1,1,0,0,1,1,3,3,3,3,3,3,1,0,0,0,0,0,0,0,0,0,0,0,0,0,0,0,0,0,0,0,0,0,0,0,0,1,3,3,3,3,3,3,1,0,0,0,0,1,3,3,3,3,3,3,3,3,3,3,3,3,3,
-3,3,3,3,3,3,3,3,3,3,3,3,3,3,3,3,3,3,3,3,3,3,3,3,3,3,3,3,3,3,3,3,3,3,3,3,3,1,0,0,0,0,1,3,3,3,3,3,3,1,0,0,0,0,0,0,0,0,0,0,0,0,0,0,0,0,0,0,0,0,0,0,0,0,1,3,3,3,3,3,3,1,0,0,0,0,1,3,3,3,3,3,3,3,3,3,3,3,3,3,
-3,3,3,3,3,3,3,3,3,3,3,3,3,3,3,3,3,3,3,3,3,3,3,3,3,3,3,3,3,3,3,3,3,1,1,1,1,1,4,0,0,0,1,1,1,1,1,1,1,1,0,0,0,0,0,0,0,3,2,0,0,0,0,0,0,0,0,0,0,2,3,0,0,0,1,3,3,3,3,3,3,1,0,0,0,0,1,3,3,3,3,3,3,3,3,3,3,3,3,3,
-3,3,3,3,3,3,3,3,3,3,3,3,3,3,3,3,3,3,3,3,3,3,3,3,3,3,3,3,3,3,3,3,3,1,0,0,0,0,0,0,0,0,0,0,0,0,0,0,0,0,0,0,0,0,0,0,0,2,4,0,0,0,2,2,2,2,0,0,0,4,2,0,0,0,1,3,3,3,3,3,3,1,0,0,0,0,1,3,3,3,3,3,3,3,3,3,3,3,3,3,
-3,3,3,3,3,3,3,3,3,3,3,3,3,3,3,3,3,3,3,3,3,3,3,3,3,3,3,3,3,3,3,3,3,1,0,4,0,0,0,0,0,0,0,0,0,4,0,4,0,0,0,0,0,0,0,0,0,0,0,0,0,0,2,4,4,2,0,0,0,0,0,0,0,0,1,3,3,3,3,3,3,1,0,0,0,0,1,3,3,3,3,3,3,3,3,3,3,3,3,3,
-3,3,3,3,3,3,3,3,3,3,3,3,3,3,3,3,3,3,3,3,3,3,3,3,3,3,3,3,3,3,3,3,3,1,0,0,0,0,0,0,0,0,0,0,0,4,0,4,0,0,0,0,0,0,0,0,0,0,0,0,0,0,2,4,4,2,0,0,0,0,0,0,0,0,1,3,3,3,3,3,3,1,0,0,0,0,1,3,3,3,3,3,3,3,3,3,3,3,3,3,
-3,1,1,1,1,1,1,1,1,1,1,1,1,1,1,3,3,3,3,3,3,3,3,3,3,3,3,3,3,1,1,1,1,1,0,0,0,0,0,0,0,0,0,0,0,0,0,0,0,0,0,0,0,0,0,0,0,0,0,0,0,0,2,4,4,2,0,0,0,0,0,0,0,0,1,1,1,3,3,1,1,1,0,0,0,0,1,1,1,1,1,3,3,3,3,3,3,3,3,3,
+3,3,3,3,3,3,3,3,3,3,3,3,3,3,3,3,3,3,3,3,3,3,3,3,3,3,3,3,3,3,3,3,3,3,3,3,3,3,1,1,1,1,3,3,3,3,3,3,3,1,0,0,0,0,4,0,0,0,0,0,0,0,0,0,0,0,0,0,0,0,0,0,0,0,1,3,3,1,1,1,1,1,0,0,0,0,1,1,1,1,1,1,1,1,1,3,3,3,3,3,
+3,3,3,3,3,3,3,3,3,3,3,3,3,3,3,3,3,3,3,3,3,3,3,3,3,3,3,3,3,3,3,3,3,3,3,3,3,1,1,0,0,1,1,3,3,3,3,3,3,1,0,0,0,0,4,0,0,0,0,0,0,0,0,0,0,0,0,0,0,0,0,0,0,0,1,3,3,3,3,3,3,1,0,0,0,0,1,3,3,3,3,3,3,3,3,3,3,3,3,3,
+3,3,3,3,3,3,3,3,3,3,3,3,3,3,3,3,3,3,3,3,3,3,3,3,3,3,3,3,3,3,3,3,3,3,3,3,3,1,0,0,0,0,1,3,3,3,3,3,3,1,0,0,0,0,4,0,0,0,0,0,0,0,0,0,0,0,0,0,0,0,0,0,0,0,1,3,3,3,3,3,3,1,0,0,0,0,1,3,3,3,3,3,3,3,3,3,3,3,3,3,
+3,3,3,3,3,3,3,3,3,3,3,3,3,3,3,3,3,3,3,3,3,3,3,3,3,3,3,3,3,3,3,3,3,1,1,1,1,1,4,0,0,0,1,1,1,1,1,1,1,1,0,0,0,0,4,0,0,3,2,0,0,0,0,0,0,0,0,0,0,2,3,0,0,0,1,3,3,3,3,3,3,1,0,0,0,0,1,3,3,3,3,3,3,3,3,3,3,3,3,3,
+3,3,3,3,3,3,3,3,3,3,3,3,3,3,3,3,3,3,3,3,3,3,3,3,3,3,3,3,3,3,3,3,3,1,0,0,0,0,0,0,0,0,0,0,0,0,0,0,0,0,0,0,0,0,4,0,0,2,4,0,0,0,2,2,2,2,0,0,0,4,2,0,0,0,1,3,3,3,3,3,3,1,0,0,0,0,1,3,3,3,3,3,3,3,3,3,3,3,3,3,
+3,3,3,3,3,3,3,3,3,3,3,3,3,3,3,3,3,3,3,3,3,3,3,3,3,3,3,3,3,3,3,3,3,1,0,4,0,0,0,0,0,0,0,0,0,4,0,4,0,0,0,0,0,0,4,0,0,0,0,0,0,0,2,4,4,2,0,0,0,0,0,0,0,0,1,3,3,3,3,3,3,1,0,0,0,0,1,3,3,3,3,3,3,3,3,3,3,3,3,3,
+3,3,3,3,3,3,3,3,3,3,3,3,3,3,3,3,3,3,3,3,3,3,3,3,3,3,3,3,3,3,3,3,3,1,0,0,0,0,0,0,0,0,0,0,0,4,0,4,0,0,0,0,0,0,4,0,0,0,0,0,0,0,2,4,4,2,0,0,0,0,0,0,0,0,1,3,3,3,3,3,3,1,0,0,0,0,1,3,3,3,3,3,3,3,3,3,3,3,3,3,
+3,1,1,1,1,1,1,1,1,1,1,1,1,1,1,3,3,3,3,3,3,3,3,3,3,3,3,3,3,1,1,1,1,1,0,0,0,0,0,0,0,0,0,0,0,0,0,0,0,0,0,0,0,0,4,0,0,0,0,0,0,0,2,4,4,2,0,0,0,0,0,0,0,0,1,1,1,3,3,1,1,1,0,0,0,0,1,1,1,1,1,3,3,3,3,3,3,3,3,3,
 3,1,0,0,0,0,0,0,0,0,0,0,0,0,1,3,3,3,3,3,3,3,3,3,3,3,3,3,3,1,1,1,1,1,0,0,0,0,0,0,0,0,0,0,0,0,0,0,0,0,0,0,0,0,0,0,0,0,2,2,2,2,2,2,2,2,2,2,2,2,0,0,0,0,0,0,1,1,1,1,4,4,0,0,0,0,0,0,0,0,1,3,3,3,3,3,3,3,3,3,
 3,1,0,0,0,0,0,0,0,4,4,4,0,0,1,3,3,3,3,3,3,3,3,3,3,3,3,3,3,1,1,3,3,0,0,0,0,0,0,0,0,0,0,0,0,0,0,0,0,0,0,0,0,0,0,0,0,0,2,4,4,4,2,0,0,2,4,4,4,2,0,0,0,0,0,0,0,1,1,0,0,0,0,0,0,0,0,0,0,0,1,3,3,3,3,3,3,3,3,3,
 3,1,0,4,0,0,0,4,0,0,0,0,0,0,1,3,3,3,3,3,3,3,3,3,3,3,3,3,3,1,1,3,3,0,0,0,0,0,0,0,0,0,0,0,0,0,0,0,0,0,0,0,0,0,0,0,0,0,2,4,4,4,2,0,0,2,4,4,4,2,0,0,0,0,0,0,0,1,1,0,0,0,0,0,0,0,0,0,1,0,1,3,3,3,3,3,3,3,3,3,
 3,1,0,0,0,4,0,0,0,0,0,0,0,0,1,3,3,3,3,3,3,3,3,3,3,3,3,3,3,1,1,1,1,1,0,0,0,0,0,0,0,0,0,0,0,0,0,0,0,0,0,0,0,0,0,0,0,0,2,2,2,2,2,2,2,2,2,2,2,2,0,0,0,0,0,0,1,1,1,1,0,0,0,0,0,0,0,0,0,0,1,3,3,3,3,3,3,3,3,3,
-3,1,0,4,0,0,0,4,0,4,0,0,0,0,1,3,3,3,3,3,3,3,3,3,3,3,3,3,3,1,1,1,1,1,0,0,0,0,0,0,0,0,0,0,0,0,0,0,0,0,0,0,0,0,0,0,0,0,0,0,0,0,2,4,4,2,0,0,0,0,0,0,0,0,1,1,1,3,3,1,1,1,0,0,0,0,0,0,0,0,1,3,3,3,3,3,3,3,3,3,
-3,1,0,0,0,4,0,0,0,4,0,0,0,0,1,3,3,3,3,3,3,3,3,3,3,3,3,3,3,3,3,3,3,1,0,0,0,0,0,0,0,0,0,0,0,4,0,4,0,0,0,0,0,0,0,0,0,0,0,0,0,0,2,4,4,2,0,0,0,0,0,0,0,0,1,3,3,3,3,3,3,1,0,0,0,0,0,0,0,0,1,3,3,3,3,3,3,3,3,3,
-3,1,0,0,0,0,0,0,0,0,0,0,0,0,1,3,3,3,3,3,3,3,3,3,3,3,3,3,3,3,3,3,3,1,0,4,0,0,0,0,0,0,0,0,0,4,0,4,0,0,0,0,0,0,0,0,0,0,0,0,0,0,2,4,4,2,0,0,0,0,0,0,0,0,1,3,3,3,3,3,3,1,0,0,1,0,0,0,1,0,1,3,3,3,3,3,3,3,3,3,
-3,1,0,0,0,0,0,0,0,0,0,0,0,0,1,1,1,1,1,1,1,1,1,3,3,3,3,3,3,3,3,3,3,1,0,0,0,0,0,0,0,0,0,0,0,0,0,0,0,0,0,0,0,0,0,0,0,2,4,0,0,0,2,2,2,2,0,0,0,4,2,0,0,0,1,3,3,3,3,3,3,1,0,0,0,0,0,0,0,0,1,3,3,3,3,3,3,3,3,3,
-3,1,0,0,0,0,0,0,0,0,0,0,0,0,0,0,0,0,0,0,0,0,1,3,3,3,3,3,3,3,3,3,3,1,1,1,1,1,4,0,0,0,1,1,1,1,1,1,1,1,0,0,0,0,0,0,0,3,2,0,0,0,0,0,0,0,0,0,0,2,3,0,0,0,1,3,3,3,3,3,3,1,1,1,1,1,1,1,1,1,1,3,3,3,3,3,3,3,3,3,
-3,1,0,0,0,0,0,0,0,0,0,0,0,0,0,0,0,0,0,0,0,0,1,3,3,3,3,3,3,3,3,3,3,3,3,3,3,1,0,0,0,0,1,3,3,3,3,3,3,1,0,0,0,0,0,0,0,0,0,0,0,0,0,0,0,0,0,0,0,0,0,0,0,0,1,3,3,3,3,3,3,3,3,3,3,3,3,3,3,3,3,3,3,3,3,3,3,3,3,3,
-3,1,0,0,0,0,0,0,0,0,0,0,0,0,0,0,0,0,0,0,0,0,1,3,3,3,3,3,3,3,3,3,3,3,3,3,3,1,1,0,0,1,1,3,3,3,3,3,3,1,0,0,0,0,0,0,0,0,0,0,0,0,0,0,0,0,0,0,0,0,0,0,0,0,1,3,3,3,3,3,3,3,3,3,3,3,3,3,3,3,3,3,3,3,3,3,3,3,3,3,
-3,1,0,0,0,0,0,0,0,0,0,0,0,0,0,0,0,0,0,0,0,0,1,3,3,3,3,3,3,3,3,3,3,3,3,3,3,3,1,1,1,1,3,3,3,3,3,3,3,1,0,0,0,0,0,0,0,0,0,0,0,0,0,0,0,0,0,0,0,0,0,0,0,0,1,3,3,3,3,3,3,3,3,3,3,3,3,3,3,3,3,3,3,3,3,3,3,3,3,3,
+3,1,0,4,0,0,0,4,0,4,0,0,0,0,1,3,3,3,3,3,3,3,3,3,3,3,3,3,3,1,1,1,1,1,0,0,0,0,0,0,0,0,0,0,0,0,0,0,0,0,0,0,0,0,4,0,0,0,0,0,0,0,2,4,4,2,0,0,0,0,0,0,0,0,1,1,1,3,3,1,1,1,0,0,0,0,0,0,0,0,1,3,3,3,3,3,3,3,3,3,
+3,1,0,0,0,4,0,0,0,4,0,0,0,0,1,3,3,3,3,3,3,3,3,3,3,3,3,3,3,3,3,3,3,1,0,0,0,0,0,0,0,0,0,0,0,4,0,4,0,0,0,0,0,0,4,0,0,0,0,0,0,0,2,4,4,2,0,0,0,0,0,0,0,0,1,3,3,3,3,3,3,1,0,0,0,0,0,0,0,0,1,3,3,3,3,3,3,3,3,3,
+3,1,0,0,0,0,0,0,0,0,0,0,0,0,1,3,3,3,3,3,3,3,3,3,3,3,3,3,3,3,3,3,3,1,0,4,0,0,0,0,0,0,0,0,0,4,0,4,0,0,0,0,0,0,4,0,0,0,0,0,0,0,2,4,4,2,0,0,0,0,0,0,0,0,1,3,3,3,3,3,3,1,0,0,1,0,0,0,1,0,1,3,3,3,3,3,3,3,3,3,
+3,1,0,0,0,0,0,0,0,0,0,0,0,0,1,1,1,1,1,1,1,1,1,3,3,3,3,3,3,3,3,3,3,1,0,0,0,0,0,0,0,0,0,0,0,0,0,0,0,0,0,0,0,0,4,0,0,2,4,0,0,0,2,2,2,2,0,0,0,4,2,0,0,0,1,3,3,3,3,3,3,1,0,0,0,0,0,0,0,0,1,3,3,3,3,3,3,3,3,3,
+3,1,0,0,0,0,0,0,0,0,0,0,0,0,0,0,0,0,0,0,0,0,1,3,3,3,3,3,3,3,3,3,3,1,1,1,1,1,4,0,0,0,1,1,1,1,1,1,1,1,0,0,0,0,4,0,0,3,2,0,0,0,0,0,0,0,0,0,0,2,3,0,0,0,1,3,3,3,3,3,3,1,1,1,1,1,1,1,1,1,1,3,3,3,3,3,3,3,3,3,
+3,1,0,0,0,0,0,0,0,0,0,0,0,0,0,0,0,0,0,0,0,0,1,3,3,3,3,3,3,3,3,3,3,3,3,3,3,1,0,0,0,0,1,3,3,3,3,3,3,1,0,0,0,0,4,0,0,0,0,0,0,0,0,0,0,0,0,0,0,0,0,0,0,0,1,3,3,3,3,3,3,3,3,3,3,3,3,3,3,3,3,3,3,3,3,3,3,3,3,3,
+3,1,0,0,0,0,0,0,0,0,0,0,0,0,0,0,0,0,0,0,0,0,1,3,3,3,3,3,3,3,3,3,3,3,3,3,3,1,1,0,0,1,1,3,3,3,3,3,3,1,0,0,0,0,4,0,0,0,0,0,0,0,0,0,0,0,0,0,0,0,0,0,0,0,1,3,3,3,3,3,3,3,3,3,3,3,3,3,3,3,3,3,3,3,3,3,3,3,3,3,
+3,1,0,0,0,0,0,0,0,0,0,0,0,0,0,0,0,0,0,0,0,0,1,3,3,3,3,3,3,3,3,3,3,3,3,3,3,3,1,1,1,1,3,3,3,3,3,3,3,1,0,0,0,0,4,0,0,0,0,0,0,0,0,0,0,0,0,0,0,0,0,0,0,0,1,3,3,3,3,3,3,3,3,3,3,3,3,3,3,3,3,3,3,3,3,3,3,3,3,3,
 3,1,0,0,0,0,1,1,1,1,1,1,1,1,0,0,1,1,1,1,0,0,1,3,3,3,3,3,3,3,3,3,3,3,3,3,3,3,1,1,1,1,3,3,3,3,3,3,3,1,1,1,1,1,1,1,1,1,0,0,0,0,1,1,1,1,1,1,1,1,1,1,1,1,1,3,3,3,3,3,3,3,3,3,3,3,3,3,3,3,3,3,3,3,3,3,3,3,3,3,
 3,1,0,0,0,0,1,3,3,3,3,3,3,1,0,0,1,0,0,1,0,0,1,3,3,3,3,3,3,3,3,3,3,3,3,3,3,1,1,0,0,1,1,3,3,3,3,3,3,3,3,3,3,3,3,3,3,1,0,0,0,0,1,3,3,3,3,3,3,3,3,3,3,3,3,3,3,3,3,3,3,3,3,3,3,3,3,3,3,3,3,3,3,3,3,3,3,3,3,3,
 3,1,0,0,0,0,1,3,3,3,3,3,3,1,0,0,1,0,0,1,0,0,1,3,3,3,3,3,3,3,3,3,3,3,3,3,3,1,0,0,0,0,1,3,3,3,3,3,3,3,3,3,3,3,3,3,3,1,1,0,0,1,1,3,3,3,3,3,3,3,3,3,3,3,3,3,3,3,3,3,3,3,3,3,3,3,3,3,3,3,3,3,3,3,3,3,3,3,3,3,
@@ -347,6 +347,7 @@ location=35,52,1,1
 activate=on_trigger
 hotspot=location
 mapmod=object,35,52,166;object,35,43,150;collision,39,57,0;collision,40,57,0;collision,39,58,0;collision,40,58,0;object,39,58,0;object,40,58,0;object,38,58,212;object,41,58,218;collision,39,37,1;collision,40,37,1;collision,39,38,1;collision,40,38,1;object,39,38,282;object,40,38,283;object,38,37,64;object,41,37,82
+requires_not_status=emp_wizard1_switch1b,emp_wizard1_switch2b
 soundfx=soundfx/door_open.ogg
 tooltip=Switch
 
@@ -357,6 +358,7 @@ location=35,43,1,1
 activate=on_trigger
 hotspot=location
 mapmod=object,35,52,150;object,35,43,166;collision,39,37,0;collision,40,37,0;collision,39,38,0;collision,40,38,0;object,39,38,0;object,40,38,0;object,38,37,208;object,41,37,222;collision,39,57,1;collision,40,57,1;collision,39,58,1;collision,40,58,1;object,39,58,282;object,40,58,283;object,38,58,64;object,41,58,82
+requires_not_status=emp_wizard1_switch1b,emp_wizard1_switch2b
 soundfx=soundfx/door_open.ogg
 tooltip=Switch
 
@@ -368,6 +370,7 @@ activate=on_trigger
 hotspot=location
 mapmod=object,58,65,150;collision,59,61,0;collision,60,61,0;collision,59,62,0;collision,60,62,0;object,59,62,0;object,60,62,0;object,58,61,208;object,61,61,222;collision,39,37,0;collision,40,37,0;collision,39,38,0;collision,40,38,0;object,39,38,0;object,40,38,0;object,38,37,208;object,41,37,222;
 repeat=false
+set_status=emp_wizard1_switch1b
 soundfx=soundfx/door_open.ogg
 tooltip=Switch
 
@@ -379,6 +382,7 @@ activate=on_trigger
 hotspot=location
 mapmod=object,81,46,150;collision,77,47,0;collision,78,47,0;collision,77,48,0;collision,78,48,0;object,78,47,0;object,78,48,0;object,77,46,213;object,77,49,219;collision,39,57,0;collision,40,57,0;collision,39,58,0;collision,40,58,0;object,39,58,0;object,40,58,0;object,38,58,212;object,41,58,218
 repeat=false
+set_status=emp_wizard1_switch2b
 soundfx=soundfx/door_open.ogg
 tooltip=Switch
 
@@ -434,10 +438,331 @@ repeat=false
 soundfx=soundfx/wood_open.ogg
 tooltip=Treasure Chest
 
+[event]
+# Reset statuses
+type=event
+location=28,39,1,1
+activate=on_load
+repeat=false
+unset_status=emp_wizard1_switch1b,emp_wizard1_switch2b
+
+[event]
+# floor spikes
+type=event
+location=31,80,1,1
+activate=on_trigger
+cooldown=3s
+power=178
+power_damage=190,200
+
+[event]
+# floor spikes
+type=event
+location=37,79,1,1
+activate=on_trigger
+cooldown=3s
+power=178
+power_damage=190,200
+
+[event]
+# floor spikes
+type=event
+location=37,78,1,1
+activate=on_trigger
+cooldown=3s
+power=178
+power_damage=190,200
+
+[event]
+# floor spikes
+type=event
+location=40,82,1,1
+activate=on_trigger
+cooldown=3s
+power=178
+power_damage=190,200
+
+[event]
+# floor spikes
+type=event
+location=48,88,1,1
+activate=on_trigger
+cooldown=3s
+power=178
+power_damage=190,200
+
+[event]
+# floor spikes
+type=event
+location=48,86,1,1
+activate=on_trigger
+cooldown=3s
+power=178
+power_damage=190,200
+
+[event]
+# Wind sound
+type=event
+location=0,0,1,1
+activate=on_load
+soundfx=soundfx/environment/cave_wind_loop.ogg
+
+[event]
+# brazier sound effect
+type=event
+location=38,54,1,1
+activate=on_load
+soundfx=soundfx/environment/open_fire_loop.ogg
+
+[event]
+# brazier sound effect
+type=event
+location=38,41,1,1
+activate=on_load
+soundfx=soundfx/environment/open_fire_loop.ogg
+
+[event]
+# brazier sound effect
+type=event
+location=80,46,1,1
+activate=on_load
+soundfx=soundfx/environment/open_fire_loop.ogg
+
+[event]
+# brazier sound effect
+type=event
+location=65,4,1,1
+activate=on_load
+soundfx=soundfx/environment/open_fire_loop.ogg
+
+[event]
+# brazier sound effect
+type=event
+location=48,11,1,1
+activate=on_load
+soundfx=soundfx/environment/open_fire_loop.ogg
+
+[event]
+# brazier sound effect
+type=event
+location=67,81,1,1
+activate=on_load
+soundfx=soundfx/environment/open_fire_loop.ogg
+
+[event]
+# brazier sound effect
+type=event
+location=58,64,1,1
+activate=on_load
+soundfx=soundfx/environment/open_fire_loop.ogg
+
+[enemy]
+type=enemy
+location=28,66,9,4
+category=dungeon
+level=11
+number=2
+
+[enemy]
+type=enemy
+location=52,44,1,1
+category=fire_sentry
+level=11
+number=1
+
 [enemy]
 type=enemy
-location=31,66,6,4
-category=fire
+location=52,52,1,1
+category=ice_sentry
+level=11
+number=1
+
+[enemy]
+type=enemy
+location=14,54,8,8
+category=dungeon
 level=11
 number=2
 
+[enemy]
+type=enemy
+location=2,46,12,12
+category=dungeon
+level=11
+number=4
+
+[enemy]
+type=enemy
+location=6,74,11,12
+category=dungeon
+level=11
+number=3
+
+[enemy]
+type=enemy
+location=29,89,6,6
+category=dungeon
+level=11
+number=2
+
+[enemy]
+type=enemy
+location=39,94,9,4
+category=dungeon
+level=11
+number=2
+
+[enemy]
+type=enemy
+location=62,78,12,16
+category=dungeon
+level=11
+number=4
+
+[enemy]
+type=enemy
+location=54,66,4,12
+category=dungeon
+level=11
+number=3
+
+[enemy]
+type=enemy
+location=50,86,8,4
+category=dungeon
+level=11
+number=2
+
+[enemy]
+type=enemy
+location=39,88,1,1
+category=sentry
+level=11
+number=1
+
+[enemy]
+type=enemy
+location=15,67,1,1
+category=sentry
+level=11
+number=1
+
+[enemy]
+type=enemy
+location=18,64,1,1
+category=sentry
+level=11
+number=1
+
+[enemy]
+type=enemy
+location=22,17,8,12
+category=dungeon
+level=11
+number=3
+
+[enemy]
+type=enemy
+location=14,6,9,7
+category=dungeon
+level=11
+number=4
+
+[enemy]
+type=enemy
+location=10,16,8,12
+category=dungeon
+level=11
+number=3
+
+[enemy]
+type=enemy
+location=38,10,4,12
+category=dungeon
+level=11
+number=2
+
+[enemy]
+type=enemy
+location=19,14,1,1
+category=sentry
+level=11
+number=1
+
+[enemy]
+type=enemy
+location=49,5,1,1
+category=sentry
+level=11
+number=1
+
+[enemy]
+type=enemy
+location=49,10,1,1
+category=sentry
+level=11
+number=1
+
+[enemy]
+type=enemy
+location=66,5,1,1
+category=sentry
+level=11
+number=1
+
+[enemy]
+type=enemy
+location=66,10,1,1
+category=sentry
+level=11
+number=1
+
+[enemy]
+type=enemy
+location=81,29,1,1
+category=sentry
+level=11
+number=1
+
+[enemy]
+type=enemy
+location=81,14,1,1
+category=sentry
+level=11
+number=1
+
+[enemy]
+type=enemy
+location=53,6,10,4
+category=dungeon
+level=11
+number=3
+
+[enemy]
+type=enemy
+location=84,6,10,4
+category=dungeon
+level=11
+number=3
+
+[enemy]
+type=enemy
+location=84,34,10,4
+category=dungeon
+level=11
+number=3
+
+[enemy]
+type=enemy
+location=82,19,12,6
+category=dungeon
+level=11
+number=4
+
+[enemy]
+type=enemy
+location=83,47,7,7
+category=dungeon
+level=11
+number=3
+
diff --git a/mods/empyrean_campaign/powers/categories/enemy.txt b/mods/empyrean_campaign/powers/categories/enemy.txt
index 2482d57c82ffb923ef1bc8d4a18f6c8f80b01ebe..5bf71fcecd42ec0453fc96a168b164382d2a1a77 100644
--- a/mods/empyrean_campaign/powers/categories/enemy.txt
+++ b/mods/empyrean_campaign/powers/categories/enemy.txt
@@ -658,7 +658,80 @@ modifier_damage=absolute,0,0
 modifier_accuracy=multiply,200,0
 post_power=158
 wall_power=158
-post_effect=fire_weakness,-100,10s
-cooldown=5s
+post_effect=fire_weakness,-25,10s
+cooldown=10s
+ignore_zero_damage=true
+
+# apply ice weakness to target
+[power]
+id=204
+type=missile
+new_state=cast
+face=true
+directional=false
+animation=animations/powers/plasmaball.txt
+soundfx=soundfx/powers/shock.ogg
+use_hazard=true
+aim_assist=true
+base_damage=ment
+lifespan=866ms
+radius=1.0
+speed=15
+trait_elemental=dark
+modifier_damage=absolute,0,0
+modifier_accuracy=multiply,200,0
+post_power=158
+wall_power=158
+post_effect=ice_weakness,-25,10s
+cooldown=10s
 ignore_zero_damage=true
 
+# 12-way sentry ice bolt
+[power]
+id=205
+type=missile
+new_state=cast
+face=true
+directional=true
+requires_los=false
+animation=animations/powers/icicle.txt
+soundfx=soundfx/powers/shock.ogg
+use_hazard=true
+aim_assist=true
+base_damage=ment
+lifespan=866ms
+radius=1.0
+speed=15
+trait_elemental=ice
+post_power=159
+wall_power=159
+post_effect=slow,50,2s
+modifier_damage=multiply,75,0
+modifier_accuracy=multiply,75,0
+count=12
+missile_angle=30
+
+# 12-way sentry fireball
+[power]
+id=206
+type=missile
+new_state=cast
+face=true
+directional=true
+requires_los=false
+animation=animations/powers/fireball.txt
+soundfx=soundfx/powers/fireball.ogg
+use_hazard=true
+aim_assist=true
+base_damage=ment
+lifespan=866ms
+radius=1.0
+speed=15
+trait_elemental=fire
+post_power=158
+wall_power=158
+modifier_damage=multiply,80,0
+modifier_accuracy=multiply,75,0
+count=12
+missile_angle=30
+
diff --git a/tiled/dungeon/wizards_tower_1.tmx b/tiled/dungeon/wizards_tower_1.tmx
index fb486ca7d1c790d44918be835e91e70a5e4198af..32be4e76384d689f36dccf1436f065059eec34c9 100644
--- a/tiled/dungeon/wizards_tower_1.tmx
+++ b/tiled/dungeon/wizards_tower_1.tmx
@@ -1,5 +1,5 @@
 <?xml version="1.0" encoding="UTF-8"?>
-<map version="1.0" orientation="isometric" renderorder="right-down" width="100" height="100" tilewidth="64" tileheight="32" backgroundcolor="#000000" nextobjectid="12">
+<map version="1.0" orientation="isometric" renderorder="right-down" width="100" height="100" tilewidth="64" tileheight="32" backgroundcolor="#000000" nextobjectid="60">
  <properties>
   <property name="hero_pos" value="35,48"/>
   <property name="music" value="music/dungeon_theme.ogg"/>
@@ -175,26 +175,26 @@
 0,0,0,0,0,0,0,0,0,0,0,0,0,0,0,0,0,0,0,0,0,0,0,0,0,0,0,0,0,0,0,0,0,0,0,0,0,64,0,0,0,0,82,0,0,0,0,0,0,0,0,0,0,0,0,0,0,0,80,0,0,82,0,0,0,0,0,0,0,0,0,0,0,0,0,0,0,102,0,0,0,0,0,0,0,0,0,0,0,0,0,0,0,0,82,0,0,0,0,0,
 0,0,0,0,0,0,0,0,0,0,0,0,0,0,0,0,0,0,0,0,0,0,0,0,0,0,0,0,0,0,0,0,0,0,0,0,0,76,72,0,0,91,95,0,0,0,0,0,0,0,0,0,0,0,0,0,0,0,64,282,283,82,0,0,0,0,0,0,0,0,0,0,0,0,0,0,0,106,0,0,0,0,0,0,0,0,0,0,0,0,0,0,0,0,82,0,0,0,0,0,
 0,0,0,0,0,0,0,0,0,0,0,0,0,0,0,0,0,0,0,0,0,0,0,0,0,0,0,0,0,0,0,0,0,0,0,0,0,0,64,0,0,82,0,0,0,0,0,0,0,77,65,103,69,107,69,65,107,65,73,0,0,90,81,107,65,69,107,65,103,69,65,69,105,65,78,0,0,64,0,0,0,0,0,0,0,0,0,0,0,0,0,0,0,0,82,0,0,0,0,0,
-0,0,0,0,0,0,0,0,0,0,0,0,0,0,0,0,0,0,0,0,0,0,0,0,0,0,0,0,0,0,0,0,0,0,0,0,0,0,64,282,283,82,0,0,0,0,0,0,0,68,0,0,0,0,0,0,0,0,0,0,0,0,0,0,0,0,0,0,0,0,0,0,0,0,70,0,0,76,71,83,83,88,0,0,0,0,91,83,83,83,83,83,83,83,95,0,0,0,0,0,
-0,0,0,0,0,0,0,0,0,0,0,0,0,0,0,0,0,0,0,0,0,0,0,0,0,0,0,0,0,0,0,0,0,0,0,0,0,77,73,0,0,90,94,0,0,0,0,0,0,98,0,0,0,0,0,0,0,0,0,0,0,0,0,0,0,0,0,0,0,0,0,0,0,0,82,0,0,0,0,0,0,80,0,0,0,0,82,0,0,0,0,0,0,0,0,0,0,0,0,0,
-0,0,0,0,0,0,0,0,0,0,0,0,0,0,0,0,0,0,0,0,0,0,0,0,0,0,0,0,0,0,0,0,0,0,0,0,0,64,0,0,0,0,82,0,0,0,0,0,0,68,0,0,0,0,0,0,0,0,0,0,0,0,0,0,0,0,0,0,0,0,0,0,0,0,82,0,0,0,0,0,0,68,0,0,0,0,82,0,0,0,0,0,0,0,0,0,0,0,0,0,
-0,0,0,0,0,0,0,0,0,0,0,0,0,0,0,0,0,0,0,0,0,0,0,0,0,0,0,0,0,0,0,0,0,77,65,107,65,73,167,0,0,0,90,81,107,65,99,69,107,73,0,0,0,0,0,0,0,130,118,0,0,0,0,0,0,0,0,0,0,120,128,0,0,0,82,0,0,0,0,0,0,96,0,0,0,0,82,0,0,0,0,0,0,0,0,0,0,0,0,0,
-0,0,0,0,0,0,0,0,0,0,0,0,0,0,0,0,0,0,0,0,0,0,0,0,0,0,0,0,0,0,0,0,0,68,0,0,0,0,0,0,0,0,0,0,0,0,0,0,0,0,0,0,0,0,0,0,0,119,151,0,0,0,0,0,0,0,0,0,0,151,119,0,0,0,82,0,0,0,0,0,0,102,0,0,0,0,82,0,0,0,0,0,0,0,0,0,0,0,0,0,
-0,0,0,0,0,0,0,0,0,0,0,0,0,0,0,0,0,0,0,0,0,0,0,0,0,0,0,0,0,0,0,0,0,102,0,150,0,0,0,0,0,0,0,0,0,195,0,195,0,0,0,0,0,0,0,0,0,0,0,0,0,0,0,0,0,0,0,0,0,0,0,0,0,0,82,0,0,0,0,0,0,108,0,0,0,0,82,0,0,0,0,0,0,0,0,0,0,0,0,0,
-0,0,0,0,0,0,0,0,0,0,0,0,0,0,0,0,0,0,0,0,0,0,0,0,0,0,0,0,0,0,0,0,0,68,0,0,0,0,0,0,0,0,0,0,0,194,0,194,0,0,0,0,0,0,0,0,0,0,0,0,0,0,0,0,0,0,0,0,0,0,0,0,0,0,82,0,0,0,0,0,0,68,0,0,0,0,82,0,0,0,0,0,0,0,0,0,0,0,0,0,
-0,77,69,103,65,101,107,101,101,107,101,69,103,69,78,0,0,0,0,0,0,0,0,0,0,0,0,0,0,77,65,69,65,73,0,0,0,0,0,0,0,0,0,0,0,0,0,0,0,0,0,0,0,0,0,0,0,0,0,0,0,0,0,0,0,0,0,0,0,0,0,0,0,0,90,81,78,0,0,77,69,73,0,0,0,0,90,81,65,65,78,0,0,0,0,0,0,0,0,0,
+0,0,0,0,0,0,0,0,0,0,0,0,0,0,0,0,0,0,0,0,0,0,0,0,0,0,0,0,0,0,0,0,0,0,0,0,0,0,64,282,283,82,0,0,0,0,0,0,0,68,0,0,0,0,121,0,0,0,0,0,0,0,0,0,0,0,0,0,0,0,0,0,0,0,70,0,0,76,71,83,83,88,0,0,0,0,91,83,83,83,83,83,83,83,95,0,0,0,0,0,
+0,0,0,0,0,0,0,0,0,0,0,0,0,0,0,0,0,0,0,0,0,0,0,0,0,0,0,0,0,0,0,0,0,0,0,0,0,77,73,0,0,90,94,0,0,0,0,0,0,98,0,0,0,0,122,0,0,0,0,0,0,0,0,0,0,0,0,0,0,0,0,0,0,0,82,0,0,0,0,0,0,80,0,0,0,0,82,0,0,0,0,0,0,0,0,0,0,0,0,0,
+0,0,0,0,0,0,0,0,0,0,0,0,0,0,0,0,0,0,0,0,0,0,0,0,0,0,0,0,0,0,0,0,0,0,0,0,0,64,0,0,0,0,82,0,0,0,0,0,0,68,0,0,0,0,122,0,0,0,0,0,0,0,0,0,0,0,0,0,0,0,0,0,0,0,82,0,0,0,0,0,0,68,0,0,0,0,82,0,0,0,0,0,0,0,0,0,0,0,0,0,
+0,0,0,0,0,0,0,0,0,0,0,0,0,0,0,0,0,0,0,0,0,0,0,0,0,0,0,0,0,0,0,0,0,77,65,107,65,73,167,0,0,0,90,81,107,65,99,69,107,73,0,0,0,0,122,0,0,130,118,0,0,0,0,0,0,0,0,0,0,120,128,0,0,0,82,0,0,0,0,0,0,96,0,0,0,0,82,0,0,0,0,0,0,0,0,0,0,0,0,0,
+0,0,0,0,0,0,0,0,0,0,0,0,0,0,0,0,0,0,0,0,0,0,0,0,0,0,0,0,0,0,0,0,0,68,0,0,0,0,0,0,0,0,0,0,0,0,0,0,0,0,0,0,0,0,122,0,0,119,151,0,0,0,0,0,0,0,0,0,0,151,119,0,0,0,82,0,0,0,0,0,0,102,0,0,0,0,82,0,0,0,0,0,0,0,0,0,0,0,0,0,
+0,0,0,0,0,0,0,0,0,0,0,0,0,0,0,0,0,0,0,0,0,0,0,0,0,0,0,0,0,0,0,0,0,102,0,150,0,0,0,0,0,0,0,0,0,195,0,195,0,0,0,0,0,0,122,0,0,0,0,0,0,0,0,0,0,0,0,0,0,0,0,0,0,0,82,0,0,0,0,0,0,108,0,0,0,0,82,0,0,0,0,0,0,0,0,0,0,0,0,0,
+0,0,0,0,0,0,0,0,0,0,0,0,0,0,0,0,0,0,0,0,0,0,0,0,0,0,0,0,0,0,0,0,0,68,0,0,0,0,0,0,0,0,0,0,0,194,0,194,0,0,0,0,0,0,122,0,0,0,0,0,0,0,0,0,0,0,0,0,0,0,0,0,0,0,82,0,0,0,0,0,0,68,0,0,0,0,82,0,0,0,0,0,0,0,0,0,0,0,0,0,
+0,77,69,103,65,101,107,101,101,107,101,69,103,69,78,0,0,0,0,0,0,0,0,0,0,0,0,0,0,77,65,69,65,73,0,0,0,0,0,0,0,0,0,0,0,0,0,0,0,0,0,0,0,0,119,0,0,0,0,0,0,0,0,0,0,0,0,0,0,0,0,0,0,0,90,81,78,0,0,77,69,73,0,0,0,0,90,81,65,65,78,0,0,0,0,0,0,0,0,0,
 0,68,0,0,0,0,0,0,0,0,0,0,0,0,70,0,0,0,0,0,0,0,0,0,0,0,0,0,0,68,0,0,0,0,0,0,0,0,0,0,0,0,0,0,0,0,0,0,0,0,0,0,0,0,0,0,0,0,0,0,0,0,0,0,0,0,0,0,0,0,0,0,0,0,0,0,74,65,69,73,167,150,0,0,0,0,0,0,0,0,70,0,0,0,0,0,0,0,0,0,
 0,106,0,0,0,0,0,0,0,151,135,151,0,0,82,0,0,0,0,0,0,0,0,0,0,0,0,0,0,64,0,0,0,0,0,0,0,0,0,0,0,0,0,0,0,0,0,0,0,0,0,0,0,0,0,0,0,0,0,0,0,0,0,0,0,0,0,0,0,0,0,0,0,0,0,0,0,0,281,0,0,0,0,0,0,0,0,0,0,0,82,0,0,0,0,0,0,0,0,0,
 0,64,0,136,0,0,0,136,0,0,0,0,0,0,82,0,0,0,0,0,0,0,0,0,0,0,0,0,0,64,0,0,0,0,0,0,0,0,0,0,0,0,0,0,0,0,0,0,0,0,0,0,0,0,0,0,0,0,0,0,0,0,0,0,0,0,0,0,0,0,0,0,0,0,0,0,0,0,280,0,0,0,0,0,0,0,0,0,111,0,82,0,0,0,0,0,0,0,0,0,
 0,102,0,0,0,136,0,0,0,0,0,0,0,0,82,0,0,0,0,0,0,0,0,0,0,0,0,0,0,64,285,0,0,0,0,0,0,0,0,0,0,0,0,0,0,0,0,0,0,0,0,0,0,0,0,0,0,0,0,0,0,0,0,0,0,0,0,0,0,0,0,0,0,0,0,0,91,83,83,88,0,0,0,0,0,0,0,0,0,0,82,0,0,0,0,0,0,0,0,0,
-0,68,0,136,0,0,0,136,0,164,0,0,0,0,82,0,0,0,0,0,0,0,0,0,0,0,0,0,0,76,71,83,83,88,0,0,0,0,0,0,0,0,0,0,0,0,0,0,0,0,0,0,0,0,0,0,0,0,0,0,0,0,0,0,0,0,0,0,0,0,0,0,0,0,91,83,95,0,0,92,83,88,0,0,0,0,0,0,0,0,82,0,0,0,0,0,0,0,0,0,
-0,68,0,0,0,136,0,0,0,146,180,0,0,0,82,0,0,0,0,0,0,0,0,0,0,0,0,0,0,0,0,0,0,80,0,0,0,0,0,0,0,0,0,0,0,201,0,201,0,0,0,0,0,0,0,0,0,0,0,0,0,0,0,0,0,0,0,0,0,0,0,0,0,0,82,0,0,0,0,0,0,80,0,0,0,0,0,0,0,0,82,0,0,0,0,0,0,0,0,0,
-0,98,0,0,0,0,0,0,0,0,0,0,0,0,82,0,0,0,0,0,0,0,0,0,0,0,0,0,0,0,0,0,0,102,0,150,0,0,0,0,0,0,0,0,0,200,0,200,0,0,0,0,0,0,0,0,0,0,0,0,0,0,0,0,0,0,0,0,0,0,0,0,0,0,82,0,0,0,0,0,0,104,0,0,111,0,0,0,111,0,82,0,0,0,0,0,0,0,0,0,
-0,68,0,0,0,0,0,0,0,0,0,0,0,0,90,81,109,107,65,107,103,65,78,0,0,0,0,0,0,0,0,0,0,64,0,0,0,0,0,0,0,0,0,0,0,0,0,0,0,0,0,0,0,0,0,0,0,121,151,0,0,0,0,0,0,0,0,0,0,151,121,0,0,0,82,0,0,0,0,0,0,64,0,0,0,0,0,0,0,0,82,0,0,0,0,0,0,0,0,0,
-0,102,0,0,0,0,0,0,0,0,0,0,0,0,0,0,0,0,0,0,0,0,70,0,0,0,0,0,0,0,0,0,0,76,71,83,83,88,167,0,0,0,91,83,83,83,83,83,83,88,0,0,0,0,0,0,0,130,118,0,0,0,0,0,0,0,0,0,0,120,128,0,0,0,82,0,0,0,0,0,0,76,71,83,83,83,83,83,83,83,95,0,0,0,0,0,0,0,0,0,
-0,64,0,0,0,0,0,0,0,0,0,0,0,0,0,0,0,0,0,0,0,0,82,0,0,0,0,0,0,0,0,0,0,0,0,0,0,80,0,0,0,0,82,0,0,0,0,0,0,80,0,0,0,0,0,0,0,0,0,0,0,0,0,0,0,0,0,0,0,0,0,0,0,0,82,0,0,0,0,0,0,0,0,0,0,0,0,0,0,0,0,0,0,0,0,0,0,0,0,0,
-0,106,0,0,0,0,0,0,0,0,0,0,0,0,0,0,0,0,0,0,0,0,82,0,0,0,0,0,0,0,0,0,0,0,0,0,0,76,72,0,0,91,95,0,0,0,0,0,0,64,0,0,0,0,0,0,0,0,0,0,0,0,0,0,0,0,0,0,0,0,0,0,0,0,82,0,0,0,0,0,0,0,0,0,0,0,0,0,0,0,0,0,0,0,0,0,0,0,0,0,
-0,68,0,0,0,0,0,0,0,0,0,0,0,0,0,0,0,0,0,0,0,0,82,0,0,0,0,0,0,0,0,0,0,0,0,0,0,0,64,0,0,82,0,0,0,0,0,0,0,104,0,0,0,0,0,0,0,0,0,0,0,0,0,0,0,0,0,0,0,0,0,0,0,0,82,0,0,0,0,0,0,0,0,0,0,0,0,0,0,0,0,0,0,0,0,0,0,0,0,0,
+0,68,0,136,0,0,0,136,0,164,0,0,0,0,82,0,0,0,0,0,0,0,0,0,0,0,0,0,0,76,71,83,83,88,0,0,0,0,0,0,0,0,0,0,0,0,0,0,0,0,0,0,0,0,121,0,0,0,0,0,0,0,0,0,0,0,0,0,0,0,0,0,0,0,91,83,95,0,0,92,83,88,0,0,0,0,0,0,0,0,82,0,0,0,0,0,0,0,0,0,
+0,68,0,0,0,136,0,0,0,146,180,0,0,0,82,0,0,0,0,0,0,0,0,0,0,0,0,0,0,0,0,0,0,80,0,0,0,0,0,0,0,0,0,0,0,201,0,201,0,0,0,0,0,0,122,0,0,0,0,0,0,0,0,0,0,0,0,0,0,0,0,0,0,0,82,0,0,0,0,0,0,80,0,0,0,0,0,0,0,0,82,0,0,0,0,0,0,0,0,0,
+0,98,0,0,0,0,0,0,0,0,0,0,0,0,82,0,0,0,0,0,0,0,0,0,0,0,0,0,0,0,0,0,0,102,0,150,0,0,0,0,0,0,0,0,0,200,0,200,0,0,0,0,0,0,122,0,0,0,0,0,0,0,0,0,0,0,0,0,0,0,0,0,0,0,82,0,0,0,0,0,0,104,0,0,111,0,0,0,111,0,82,0,0,0,0,0,0,0,0,0,
+0,68,0,0,0,0,0,0,0,0,0,0,0,0,90,81,109,107,65,107,103,65,78,0,0,0,0,0,0,0,0,0,0,64,0,0,0,0,0,0,0,0,0,0,0,0,0,0,0,0,0,0,0,0,122,0,0,121,151,0,0,0,0,0,0,0,0,0,0,151,121,0,0,0,82,0,0,0,0,0,0,64,0,0,0,0,0,0,0,0,82,0,0,0,0,0,0,0,0,0,
+0,102,0,0,0,0,0,0,0,0,0,0,0,0,0,0,0,0,0,0,0,0,70,0,0,0,0,0,0,0,0,0,0,76,71,83,83,88,167,0,0,0,91,83,83,83,83,83,83,88,0,0,0,0,122,0,0,130,118,0,0,0,0,0,0,0,0,0,0,120,128,0,0,0,82,0,0,0,0,0,0,76,71,83,83,83,83,83,83,83,95,0,0,0,0,0,0,0,0,0,
+0,64,0,0,0,0,0,0,0,0,0,0,0,0,0,0,0,0,0,0,0,0,82,0,0,0,0,0,0,0,0,0,0,0,0,0,0,80,0,0,0,0,82,0,0,0,0,0,0,80,0,0,0,0,122,0,0,0,0,0,0,0,0,0,0,0,0,0,0,0,0,0,0,0,82,0,0,0,0,0,0,0,0,0,0,0,0,0,0,0,0,0,0,0,0,0,0,0,0,0,
+0,106,0,0,0,0,0,0,0,0,0,0,0,0,0,0,0,0,0,0,0,0,82,0,0,0,0,0,0,0,0,0,0,0,0,0,0,76,72,0,0,91,95,0,0,0,0,0,0,64,0,0,0,0,122,0,0,0,0,0,0,0,0,0,0,0,0,0,0,0,0,0,0,0,82,0,0,0,0,0,0,0,0,0,0,0,0,0,0,0,0,0,0,0,0,0,0,0,0,0,
+0,68,0,0,0,0,0,0,0,0,0,0,0,0,0,0,0,0,0,0,0,0,82,0,0,0,0,0,0,0,0,0,0,0,0,0,0,0,64,0,0,82,0,0,0,0,0,0,0,104,0,0,0,0,119,0,0,0,0,0,0,0,0,0,0,0,0,0,0,0,0,0,0,0,82,0,0,0,0,0,0,0,0,0,0,0,0,0,0,0,0,0,0,0,0,0,0,0,0,0,
 0,64,0,0,0,0,91,83,83,83,83,83,83,88,0,0,75,67,67,72,0,0,82,0,0,0,0,0,0,0,0,0,0,0,0,0,0,0,64,282,283,82,0,0,0,0,0,0,0,76,71,83,83,83,83,83,83,88,0,0,0,0,91,83,83,83,83,83,83,83,83,83,83,83,95,0,0,0,0,0,0,0,0,0,0,0,0,0,0,0,0,0,0,0,0,0,0,0,0,0,
 0,114,0,0,0,0,82,0,0,0,0,0,0,80,0,0,66,0,0,100,0,0,82,0,0,0,0,0,0,0,0,0,0,0,0,0,0,77,73,0,0,90,94,0,0,0,0,0,0,0,0,0,0,0,0,0,0,80,0,0,0,0,82,0,0,0,0,0,0,0,0,0,0,0,0,0,0,0,0,0,0,0,0,0,0,0,0,0,0,0,0,0,0,0,0,0,0,0,0,0,
 0,68,0,0,0,0,82,0,0,0,0,0,0,104,0,0,66,0,0,104,0,0,82,0,0,0,0,0,0,0,0,0,0,0,0,0,0,68,0,0,0,0,82,0,0,0,0,0,0,0,0,0,0,0,0,0,0,76,72,0,0,91,95,0,0,0,0,0,0,0,0,0,0,0,0,0,0,0,0,0,0,0,0,0,0,0,0,0,0,0,0,0,0,0,0,0,0,0,0,0,
@@ -279,26 +279,26 @@
 3,3,3,3,3,3,3,3,3,3,3,3,3,3,3,3,3,3,3,3,3,3,3,3,3,3,3,3,3,3,3,3,3,3,3,3,3,1,0,0,0,0,1,3,3,3,3,3,3,3,3,3,3,3,3,3,3,3,1,1,1,1,3,3,3,3,3,3,3,3,3,3,3,3,3,3,3,1,0,0,0,0,0,0,0,0,0,0,0,0,0,0,0,0,1,3,3,3,3,3,
 3,3,3,3,3,3,3,3,3,3,3,3,3,3,3,3,3,3,3,3,3,3,3,3,3,3,3,3,3,3,3,3,3,3,3,3,3,1,1,0,0,1,1,3,3,3,3,3,3,3,3,3,3,3,3,3,3,3,1,1,1,1,3,3,3,3,3,3,3,3,3,3,3,3,3,3,3,1,0,0,0,0,0,0,0,0,0,0,0,0,0,0,0,0,1,3,3,3,3,3,
 3,3,3,3,3,3,3,3,3,3,3,3,3,3,3,3,3,3,3,3,3,3,3,3,3,3,3,3,3,3,3,3,3,3,3,3,3,3,1,1,1,1,3,3,3,3,3,3,3,1,1,1,1,1,1,1,1,1,1,0,0,1,1,1,1,1,1,1,1,1,1,1,1,1,1,3,3,1,0,0,0,0,0,0,0,0,0,0,0,0,0,0,0,0,1,3,3,3,3,3,
-3,3,3,3,3,3,3,3,3,3,3,3,3,3,3,3,3,3,3,3,3,3,3,3,3,3,3,3,3,3,3,3,3,3,3,3,3,3,1,1,1,1,3,3,3,3,3,3,3,1,0,0,0,0,0,0,0,0,0,0,0,0,0,0,0,0,0,0,0,0,0,0,0,0,1,3,3,1,1,1,1,1,0,0,0,0,1,1,1,1,1,1,1,1,1,3,3,3,3,3,
-3,3,3,3,3,3,3,3,3,3,3,3,3,3,3,3,3,3,3,3,3,3,3,3,3,3,3,3,3,3,3,3,3,3,3,3,3,1,1,0,0,1,1,3,3,3,3,3,3,1,0,0,0,0,0,0,0,0,0,0,0,0,0,0,0,0,0,0,0,0,0,0,0,0,1,3,3,3,3,3,3,1,0,0,0,0,1,3,3,3,3,3,3,3,3,3,3,3,3,3,
-3,3,3,3,3,3,3,3,3,3,3,3,3,3,3,3,3,3,3,3,3,3,3,3,3,3,3,3,3,3,3,3,3,3,3,3,3,1,0,0,0,0,1,3,3,3,3,3,3,1,0,0,0,0,0,0,0,0,0,0,0,0,0,0,0,0,0,0,0,0,0,0,0,0,1,3,3,3,3,3,3,1,0,0,0,0,1,3,3,3,3,3,3,3,3,3,3,3,3,3,
-3,3,3,3,3,3,3,3,3,3,3,3,3,3,3,3,3,3,3,3,3,3,3,3,3,3,3,3,3,3,3,3,3,1,1,1,1,1,4,0,0,0,1,1,1,1,1,1,1,1,0,0,0,0,0,0,0,3,2,0,0,0,0,0,0,0,0,0,0,2,3,0,0,0,1,3,3,3,3,3,3,1,0,0,0,0,1,3,3,3,3,3,3,3,3,3,3,3,3,3,
-3,3,3,3,3,3,3,3,3,3,3,3,3,3,3,3,3,3,3,3,3,3,3,3,3,3,3,3,3,3,3,3,3,1,0,0,0,0,0,0,0,0,0,0,0,0,0,0,0,0,0,0,0,0,0,0,0,2,4,0,0,0,2,2,2,2,0,0,0,4,2,0,0,0,1,3,3,3,3,3,3,1,0,0,0,0,1,3,3,3,3,3,3,3,3,3,3,3,3,3,
-3,3,3,3,3,3,3,3,3,3,3,3,3,3,3,3,3,3,3,3,3,3,3,3,3,3,3,3,3,3,3,3,3,1,0,4,0,0,0,0,0,0,0,0,0,4,0,4,0,0,0,0,0,0,0,0,0,0,0,0,0,0,2,4,4,2,0,0,0,0,0,0,0,0,1,3,3,3,3,3,3,1,0,0,0,0,1,3,3,3,3,3,3,3,3,3,3,3,3,3,
-3,3,3,3,3,3,3,3,3,3,3,3,3,3,3,3,3,3,3,3,3,3,3,3,3,3,3,3,3,3,3,3,3,1,0,0,0,0,0,0,0,0,0,0,0,4,0,4,0,0,0,0,0,0,0,0,0,0,0,0,0,0,2,4,4,2,0,0,0,0,0,0,0,0,1,3,3,3,3,3,3,1,0,0,0,0,1,3,3,3,3,3,3,3,3,3,3,3,3,3,
-3,1,1,1,1,1,1,1,1,1,1,1,1,1,1,3,3,3,3,3,3,3,3,3,3,3,3,3,3,1,1,1,1,1,0,0,0,0,0,0,0,0,0,0,0,0,0,0,0,0,0,0,0,0,0,0,0,0,0,0,0,0,2,4,4,2,0,0,0,0,0,0,0,0,1,1,1,3,3,1,1,1,0,0,0,0,1,1,1,1,1,3,3,3,3,3,3,3,3,3,
+3,3,3,3,3,3,3,3,3,3,3,3,3,3,3,3,3,3,3,3,3,3,3,3,3,3,3,3,3,3,3,3,3,3,3,3,3,3,1,1,1,1,3,3,3,3,3,3,3,1,0,0,0,0,4,0,0,0,0,0,0,0,0,0,0,0,0,0,0,0,0,0,0,0,1,3,3,1,1,1,1,1,0,0,0,0,1,1,1,1,1,1,1,1,1,3,3,3,3,3,
+3,3,3,3,3,3,3,3,3,3,3,3,3,3,3,3,3,3,3,3,3,3,3,3,3,3,3,3,3,3,3,3,3,3,3,3,3,1,1,0,0,1,1,3,3,3,3,3,3,1,0,0,0,0,4,0,0,0,0,0,0,0,0,0,0,0,0,0,0,0,0,0,0,0,1,3,3,3,3,3,3,1,0,0,0,0,1,3,3,3,3,3,3,3,3,3,3,3,3,3,
+3,3,3,3,3,3,3,3,3,3,3,3,3,3,3,3,3,3,3,3,3,3,3,3,3,3,3,3,3,3,3,3,3,3,3,3,3,1,0,0,0,0,1,3,3,3,3,3,3,1,0,0,0,0,4,0,0,0,0,0,0,0,0,0,0,0,0,0,0,0,0,0,0,0,1,3,3,3,3,3,3,1,0,0,0,0,1,3,3,3,3,3,3,3,3,3,3,3,3,3,
+3,3,3,3,3,3,3,3,3,3,3,3,3,3,3,3,3,3,3,3,3,3,3,3,3,3,3,3,3,3,3,3,3,1,1,1,1,1,4,0,0,0,1,1,1,1,1,1,1,1,0,0,0,0,4,0,0,3,2,0,0,0,0,0,0,0,0,0,0,2,3,0,0,0,1,3,3,3,3,3,3,1,0,0,0,0,1,3,3,3,3,3,3,3,3,3,3,3,3,3,
+3,3,3,3,3,3,3,3,3,3,3,3,3,3,3,3,3,3,3,3,3,3,3,3,3,3,3,3,3,3,3,3,3,1,0,0,0,0,0,0,0,0,0,0,0,0,0,0,0,0,0,0,0,0,4,0,0,2,4,0,0,0,2,2,2,2,0,0,0,4,2,0,0,0,1,3,3,3,3,3,3,1,0,0,0,0,1,3,3,3,3,3,3,3,3,3,3,3,3,3,
+3,3,3,3,3,3,3,3,3,3,3,3,3,3,3,3,3,3,3,3,3,3,3,3,3,3,3,3,3,3,3,3,3,1,0,4,0,0,0,0,0,0,0,0,0,4,0,4,0,0,0,0,0,0,4,0,0,0,0,0,0,0,2,4,4,2,0,0,0,0,0,0,0,0,1,3,3,3,3,3,3,1,0,0,0,0,1,3,3,3,3,3,3,3,3,3,3,3,3,3,
+3,3,3,3,3,3,3,3,3,3,3,3,3,3,3,3,3,3,3,3,3,3,3,3,3,3,3,3,3,3,3,3,3,1,0,0,0,0,0,0,0,0,0,0,0,4,0,4,0,0,0,0,0,0,4,0,0,0,0,0,0,0,2,4,4,2,0,0,0,0,0,0,0,0,1,3,3,3,3,3,3,1,0,0,0,0,1,3,3,3,3,3,3,3,3,3,3,3,3,3,
+3,1,1,1,1,1,1,1,1,1,1,1,1,1,1,3,3,3,3,3,3,3,3,3,3,3,3,3,3,1,1,1,1,1,0,0,0,0,0,0,0,0,0,0,0,0,0,0,0,0,0,0,0,0,4,0,0,0,0,0,0,0,2,4,4,2,0,0,0,0,0,0,0,0,1,1,1,3,3,1,1,1,0,0,0,0,1,1,1,1,1,3,3,3,3,3,3,3,3,3,
 3,1,0,0,0,0,0,0,0,0,0,0,0,0,1,3,3,3,3,3,3,3,3,3,3,3,3,3,3,1,1,1,1,1,0,0,0,0,0,0,0,0,0,0,0,0,0,0,0,0,0,0,0,0,0,0,0,0,2,2,2,2,2,2,2,2,2,2,2,2,0,0,0,0,0,0,1,1,1,1,4,4,0,0,0,0,0,0,0,0,1,3,3,3,3,3,3,3,3,3,
 3,1,0,0,0,0,0,0,0,4,4,4,0,0,1,3,3,3,3,3,3,3,3,3,3,3,3,3,3,1,1,3,3,0,0,0,0,0,0,0,0,0,0,0,0,0,0,0,0,0,0,0,0,0,0,0,0,0,2,4,4,4,2,0,0,2,4,4,4,2,0,0,0,0,0,0,0,1,1,0,0,0,0,0,0,0,0,0,0,0,1,3,3,3,3,3,3,3,3,3,
 3,1,0,4,0,0,0,4,0,0,0,0,0,0,1,3,3,3,3,3,3,3,3,3,3,3,3,3,3,1,1,3,3,0,0,0,0,0,0,0,0,0,0,0,0,0,0,0,0,0,0,0,0,0,0,0,0,0,2,4,4,4,2,0,0,2,4,4,4,2,0,0,0,0,0,0,0,1,1,0,0,0,0,0,0,0,0,0,1,0,1,3,3,3,3,3,3,3,3,3,
 3,1,0,0,0,4,0,0,0,0,0,0,0,0,1,3,3,3,3,3,3,3,3,3,3,3,3,3,3,1,1,1,1,1,0,0,0,0,0,0,0,0,0,0,0,0,0,0,0,0,0,0,0,0,0,0,0,0,2,2,2,2,2,2,2,2,2,2,2,2,0,0,0,0,0,0,1,1,1,1,0,0,0,0,0,0,0,0,0,0,1,3,3,3,3,3,3,3,3,3,
-3,1,0,4,0,0,0,4,0,4,0,0,0,0,1,3,3,3,3,3,3,3,3,3,3,3,3,3,3,1,1,1,1,1,0,0,0,0,0,0,0,0,0,0,0,0,0,0,0,0,0,0,0,0,0,0,0,0,0,0,0,0,2,4,4,2,0,0,0,0,0,0,0,0,1,1,1,3,3,1,1,1,0,0,0,0,0,0,0,0,1,3,3,3,3,3,3,3,3,3,
-3,1,0,0,0,4,0,0,0,4,0,0,0,0,1,3,3,3,3,3,3,3,3,3,3,3,3,3,3,3,3,3,3,1,0,0,0,0,0,0,0,0,0,0,0,4,0,4,0,0,0,0,0,0,0,0,0,0,0,0,0,0,2,4,4,2,0,0,0,0,0,0,0,0,1,3,3,3,3,3,3,1,0,0,0,0,0,0,0,0,1,3,3,3,3,3,3,3,3,3,
-3,1,0,0,0,0,0,0,0,0,0,0,0,0,1,3,3,3,3,3,3,3,3,3,3,3,3,3,3,3,3,3,3,1,0,4,0,0,0,0,0,0,0,0,0,4,0,4,0,0,0,0,0,0,0,0,0,0,0,0,0,0,2,4,4,2,0,0,0,0,0,0,0,0,1,3,3,3,3,3,3,1,0,0,1,0,0,0,1,0,1,3,3,3,3,3,3,3,3,3,
-3,1,0,0,0,0,0,0,0,0,0,0,0,0,1,1,1,1,1,1,1,1,1,3,3,3,3,3,3,3,3,3,3,1,0,0,0,0,0,0,0,0,0,0,0,0,0,0,0,0,0,0,0,0,0,0,0,2,4,0,0,0,2,2,2,2,0,0,0,4,2,0,0,0,1,3,3,3,3,3,3,1,0,0,0,0,0,0,0,0,1,3,3,3,3,3,3,3,3,3,
-3,1,0,0,0,0,0,0,0,0,0,0,0,0,0,0,0,0,0,0,0,0,1,3,3,3,3,3,3,3,3,3,3,1,1,1,1,1,4,0,0,0,1,1,1,1,1,1,1,1,0,0,0,0,0,0,0,3,2,0,0,0,0,0,0,0,0,0,0,2,3,0,0,0,1,3,3,3,3,3,3,1,1,1,1,1,1,1,1,1,1,3,3,3,3,3,3,3,3,3,
-3,1,0,0,0,0,0,0,0,0,0,0,0,0,0,0,0,0,0,0,0,0,1,3,3,3,3,3,3,3,3,3,3,3,3,3,3,1,0,0,0,0,1,3,3,3,3,3,3,1,0,0,0,0,0,0,0,0,0,0,0,0,0,0,0,0,0,0,0,0,0,0,0,0,1,3,3,3,3,3,3,3,3,3,3,3,3,3,3,3,3,3,3,3,3,3,3,3,3,3,
-3,1,0,0,0,0,0,0,0,0,0,0,0,0,0,0,0,0,0,0,0,0,1,3,3,3,3,3,3,3,3,3,3,3,3,3,3,1,1,0,0,1,1,3,3,3,3,3,3,1,0,0,0,0,0,0,0,0,0,0,0,0,0,0,0,0,0,0,0,0,0,0,0,0,1,3,3,3,3,3,3,3,3,3,3,3,3,3,3,3,3,3,3,3,3,3,3,3,3,3,
-3,1,0,0,0,0,0,0,0,0,0,0,0,0,0,0,0,0,0,0,0,0,1,3,3,3,3,3,3,3,3,3,3,3,3,3,3,3,1,1,1,1,3,3,3,3,3,3,3,1,0,0,0,0,0,0,0,0,0,0,0,0,0,0,0,0,0,0,0,0,0,0,0,0,1,3,3,3,3,3,3,3,3,3,3,3,3,3,3,3,3,3,3,3,3,3,3,3,3,3,
+3,1,0,4,0,0,0,4,0,4,0,0,0,0,1,3,3,3,3,3,3,3,3,3,3,3,3,3,3,1,1,1,1,1,0,0,0,0,0,0,0,0,0,0,0,0,0,0,0,0,0,0,0,0,4,0,0,0,0,0,0,0,2,4,4,2,0,0,0,0,0,0,0,0,1,1,1,3,3,1,1,1,0,0,0,0,0,0,0,0,1,3,3,3,3,3,3,3,3,3,
+3,1,0,0,0,4,0,0,0,4,0,0,0,0,1,3,3,3,3,3,3,3,3,3,3,3,3,3,3,3,3,3,3,1,0,0,0,0,0,0,0,0,0,0,0,4,0,4,0,0,0,0,0,0,4,0,0,0,0,0,0,0,2,4,4,2,0,0,0,0,0,0,0,0,1,3,3,3,3,3,3,1,0,0,0,0,0,0,0,0,1,3,3,3,3,3,3,3,3,3,
+3,1,0,0,0,0,0,0,0,0,0,0,0,0,1,3,3,3,3,3,3,3,3,3,3,3,3,3,3,3,3,3,3,1,0,4,0,0,0,0,0,0,0,0,0,4,0,4,0,0,0,0,0,0,4,0,0,0,0,0,0,0,2,4,4,2,0,0,0,0,0,0,0,0,1,3,3,3,3,3,3,1,0,0,1,0,0,0,1,0,1,3,3,3,3,3,3,3,3,3,
+3,1,0,0,0,0,0,0,0,0,0,0,0,0,1,1,1,1,1,1,1,1,1,3,3,3,3,3,3,3,3,3,3,1,0,0,0,0,0,0,0,0,0,0,0,0,0,0,0,0,0,0,0,0,4,0,0,2,4,0,0,0,2,2,2,2,0,0,0,4,2,0,0,0,1,3,3,3,3,3,3,1,0,0,0,0,0,0,0,0,1,3,3,3,3,3,3,3,3,3,
+3,1,0,0,0,0,0,0,0,0,0,0,0,0,0,0,0,0,0,0,0,0,1,3,3,3,3,3,3,3,3,3,3,1,1,1,1,1,4,0,0,0,1,1,1,1,1,1,1,1,0,0,0,0,4,0,0,3,2,0,0,0,0,0,0,0,0,0,0,2,3,0,0,0,1,3,3,3,3,3,3,1,1,1,1,1,1,1,1,1,1,3,3,3,3,3,3,3,3,3,
+3,1,0,0,0,0,0,0,0,0,0,0,0,0,0,0,0,0,0,0,0,0,1,3,3,3,3,3,3,3,3,3,3,3,3,3,3,1,0,0,0,0,1,3,3,3,3,3,3,1,0,0,0,0,4,0,0,0,0,0,0,0,0,0,0,0,0,0,0,0,0,0,0,0,1,3,3,3,3,3,3,3,3,3,3,3,3,3,3,3,3,3,3,3,3,3,3,3,3,3,
+3,1,0,0,0,0,0,0,0,0,0,0,0,0,0,0,0,0,0,0,0,0,1,3,3,3,3,3,3,3,3,3,3,3,3,3,3,1,1,0,0,1,1,3,3,3,3,3,3,1,0,0,0,0,4,0,0,0,0,0,0,0,0,0,0,0,0,0,0,0,0,0,0,0,1,3,3,3,3,3,3,3,3,3,3,3,3,3,3,3,3,3,3,3,3,3,3,3,3,3,
+3,1,0,0,0,0,0,0,0,0,0,0,0,0,0,0,0,0,0,0,0,0,1,3,3,3,3,3,3,3,3,3,3,3,3,3,3,3,1,1,1,1,3,3,3,3,3,3,3,1,0,0,0,0,4,0,0,0,0,0,0,0,0,0,0,0,0,0,0,0,0,0,0,0,1,3,3,3,3,3,3,3,3,3,3,3,3,3,3,3,3,3,3,3,3,3,3,3,3,3,
 3,1,0,0,0,0,1,1,1,1,1,1,1,1,0,0,1,1,1,1,0,0,1,3,3,3,3,3,3,3,3,3,3,3,3,3,3,3,1,1,1,1,3,3,3,3,3,3,3,1,1,1,1,1,1,1,1,1,0,0,0,0,1,1,1,1,1,1,1,1,1,1,1,1,1,3,3,3,3,3,3,3,3,3,3,3,3,3,3,3,3,3,3,3,3,3,3,3,3,3,
 3,1,0,0,0,0,1,3,3,3,3,3,3,1,0,0,1,0,0,1,0,0,1,3,3,3,3,3,3,3,3,3,3,3,3,3,3,1,1,0,0,1,1,3,3,3,3,3,3,3,3,3,3,3,3,3,3,1,0,0,0,0,1,3,3,3,3,3,3,3,3,3,3,3,3,3,3,3,3,3,3,3,3,3,3,3,3,3,3,3,3,3,3,3,3,3,3,3,3,3,
 3,1,0,0,0,0,1,3,3,3,3,3,3,1,0,0,1,0,0,1,0,0,1,3,3,3,3,3,3,3,3,3,3,3,3,3,3,1,0,0,0,0,1,3,3,3,3,3,3,3,3,3,3,3,3,3,3,1,1,0,0,1,1,3,3,3,3,3,3,3,3,3,3,3,3,3,3,3,3,3,3,3,3,3,3,3,3,3,3,3,3,3,3,3,3,3,3,3,3,3,
@@ -358,6 +358,7 @@
     <property name="activate" value="on_trigger"/>
     <property name="hotspot" value="location"/>
     <property name="mapmod" value="object,35,52,166;object,35,43,150;collision,39,57,0;collision,40,57,0;collision,39,58,0;collision,40,58,0;object,39,58,0;object,40,58,0;object,38,58,212;object,41,58,218;collision,39,37,1;collision,40,37,1;collision,39,38,1;collision,40,38,1;object,39,38,282;object,40,38,283;object,38,37,64;object,41,37,82"/>
+    <property name="requires_not_status" value="emp_wizard1_switch1b,emp_wizard1_switch2b"/>
     <property name="soundfx" value="soundfx/door_open.ogg"/>
     <property name="tooltip" value="Switch"/>
    </properties>
@@ -367,6 +368,7 @@
     <property name="activate" value="on_trigger"/>
     <property name="hotspot" value="location"/>
     <property name="mapmod" value="object,35,52,150;object,35,43,166;collision,39,37,0;collision,40,37,0;collision,39,38,0;collision,40,38,0;object,39,38,0;object,40,38,0;object,38,37,208;object,41,37,222;collision,39,57,1;collision,40,57,1;collision,39,58,1;collision,40,58,1;object,39,58,282;object,40,58,283;object,38,58,64;object,41,58,82"/>
+    <property name="requires_not_status" value="emp_wizard1_switch1b,emp_wizard1_switch2b"/>
     <property name="soundfx" value="soundfx/door_open.ogg"/>
     <property name="tooltip" value="Switch"/>
    </properties>
@@ -377,6 +379,7 @@
     <property name="hotspot" value="location"/>
     <property name="mapmod" value="object,58,65,150;collision,59,61,0;collision,60,61,0;collision,59,62,0;collision,60,62,0;object,59,62,0;object,60,62,0;object,58,61,208;object,61,61,222;collision,39,37,0;collision,40,37,0;collision,39,38,0;collision,40,38,0;object,39,38,0;object,40,38,0;object,38,37,208;object,41,37,222;"/>
     <property name="repeat" value="false"/>
+    <property name="set_status" value="emp_wizard1_switch1b"/>
     <property name="soundfx" value="soundfx/door_open.ogg"/>
     <property name="tooltip" value="Switch"/>
    </properties>
@@ -387,6 +390,7 @@
     <property name="hotspot" value="location"/>
     <property name="mapmod" value="object,81,46,150;collision,77,47,0;collision,78,47,0;collision,77,48,0;collision,78,48,0;object,78,47,0;object,78,48,0;object,77,46,213;object,77,49,219;collision,39,57,0;collision,40,57,0;collision,39,58,0;collision,40,58,0;object,39,58,0;object,40,58,0;object,38,58,212;object,41,58,218"/>
     <property name="repeat" value="false"/>
+    <property name="set_status" value="emp_wizard1_switch2b"/>
     <property name="soundfx" value="soundfx/door_open.ogg"/>
     <property name="tooltip" value="Switch"/>
    </properties>
@@ -439,14 +443,320 @@
     <property name="tooltip" value="Treasure Chest"/>
    </properties>
   </object>
+  <object id="44" name="Reset statuses" type="event" x="896" y="1248" width="32" height="32">
+   <properties>
+    <property name="activate" value="on_load"/>
+    <property name="repeat" value="false"/>
+    <property name="unset_status" value="emp_wizard1_switch1b,emp_wizard1_switch2b"/>
+   </properties>
+  </object>
+  <object id="45" name="floor spikes" type="event" x="992" y="2560" width="32" height="32">
+   <properties>
+    <property name="activate" value="on_trigger"/>
+    <property name="cooldown" value="3s"/>
+    <property name="power" value="178"/>
+    <property name="power_damage" value="190,200"/>
+   </properties>
+  </object>
+  <object id="47" name="floor spikes" type="event" x="1184" y="2528" width="32" height="32">
+   <properties>
+    <property name="activate" value="on_trigger"/>
+    <property name="cooldown" value="3s"/>
+    <property name="power" value="178"/>
+    <property name="power_damage" value="190,200"/>
+   </properties>
+  </object>
+  <object id="48" name="floor spikes" type="event" x="1184" y="2496" width="32" height="32">
+   <properties>
+    <property name="activate" value="on_trigger"/>
+    <property name="cooldown" value="3s"/>
+    <property name="power" value="178"/>
+    <property name="power_damage" value="190,200"/>
+   </properties>
+  </object>
+  <object id="49" name="floor spikes" type="event" x="1280" y="2624" width="32" height="32">
+   <properties>
+    <property name="activate" value="on_trigger"/>
+    <property name="cooldown" value="3s"/>
+    <property name="power" value="178"/>
+    <property name="power_damage" value="190,200"/>
+   </properties>
+  </object>
+  <object id="50" name="floor spikes" type="event" x="1536" y="2816" width="32" height="32">
+   <properties>
+    <property name="activate" value="on_trigger"/>
+    <property name="cooldown" value="3s"/>
+    <property name="power" value="178"/>
+    <property name="power_damage" value="190,200"/>
+   </properties>
+  </object>
+  <object id="51" name="floor spikes" type="event" x="1536" y="2752" width="32" height="32">
+   <properties>
+    <property name="activate" value="on_trigger"/>
+    <property name="cooldown" value="3s"/>
+    <property name="power" value="178"/>
+    <property name="power_damage" value="190,200"/>
+   </properties>
+  </object>
+  <object id="52" name="Wind sound" type="event" x="0" y="0" width="32" height="32">
+   <properties>
+    <property name="activate" value="on_load"/>
+    <property name="soundfx" value="soundfx/environment/cave_wind_loop.ogg"/>
+   </properties>
+  </object>
+  <object id="53" name="brazier sound effect" type="event" x="1216" y="1728" width="32" height="32">
+   <properties>
+    <property name="activate" value="on_load"/>
+    <property name="soundfx" value="soundfx/environment/open_fire_loop.ogg"/>
+   </properties>
+  </object>
+  <object id="54" name="brazier sound effect" type="event" x="1216" y="1312" width="32" height="32">
+   <properties>
+    <property name="activate" value="on_load"/>
+    <property name="soundfx" value="soundfx/environment/open_fire_loop.ogg"/>
+   </properties>
+  </object>
+  <object id="55" name="brazier sound effect" type="event" x="2560" y="1472" width="32" height="32">
+   <properties>
+    <property name="activate" value="on_load"/>
+    <property name="soundfx" value="soundfx/environment/open_fire_loop.ogg"/>
+   </properties>
+  </object>
+  <object id="56" name="brazier sound effect" type="event" x="2080" y="128" width="32" height="32">
+   <properties>
+    <property name="activate" value="on_load"/>
+    <property name="soundfx" value="soundfx/environment/open_fire_loop.ogg"/>
+   </properties>
+  </object>
+  <object id="57" name="brazier sound effect" type="event" x="1536" y="352" width="32" height="32">
+   <properties>
+    <property name="activate" value="on_load"/>
+    <property name="soundfx" value="soundfx/environment/open_fire_loop.ogg"/>
+   </properties>
+  </object>
+  <object id="58" name="brazier sound effect" type="event" x="2144" y="2592" width="32" height="32">
+   <properties>
+    <property name="activate" value="on_load"/>
+    <property name="soundfx" value="soundfx/environment/open_fire_loop.ogg"/>
+   </properties>
+  </object>
+  <object id="59" name="brazier sound effect" type="event" x="1856" y="2048" width="32" height="32">
+   <properties>
+    <property name="activate" value="on_load"/>
+    <property name="soundfx" value="soundfx/environment/open_fire_loop.ogg"/>
+   </properties>
+  </object>
  </objectgroup>
  <objectgroup name="enemy">
-  <object id="10" type="enemy" x="992" y="2112" width="192" height="128">
+  <object id="10" type="enemy" x="896" y="2112" width="288" height="128">
+   <properties>
+    <property name="category" value="dungeon"/>
+    <property name="level" value="11"/>
+    <property name="number" value="2"/>
+   </properties>
+  </object>
+  <object id="12" type="enemy" x="1664" y="1408" width="32" height="32">
+   <properties>
+    <property name="category" value="fire_sentry"/>
+    <property name="level" value="11"/>
+    <property name="number" value="1"/>
+   </properties>
+  </object>
+  <object id="13" type="enemy" x="1664" y="1664" width="32" height="32">
    <properties>
-    <property name="category" value="fire"/>
+    <property name="category" value="ice_sentry"/>
+    <property name="level" value="11"/>
+    <property name="number" value="1"/>
+   </properties>
+  </object>
+  <object id="14" type="enemy" x="448" y="1728" width="256" height="256">
+   <properties>
+    <property name="category" value="dungeon"/>
     <property name="level" value="11"/>
     <property name="number" value="2"/>
    </properties>
   </object>
+  <object id="15" type="enemy" x="64" y="1472" width="384" height="384">
+   <properties>
+    <property name="category" value="dungeon"/>
+    <property name="level" value="11"/>
+    <property name="number" value="4"/>
+   </properties>
+  </object>
+  <object id="16" type="enemy" x="192" y="2368" width="352" height="384">
+   <properties>
+    <property name="category" value="dungeon"/>
+    <property name="level" value="11"/>
+    <property name="number" value="3"/>
+   </properties>
+  </object>
+  <object id="17" type="enemy" x="928" y="2848" width="192" height="192">
+   <properties>
+    <property name="category" value="dungeon"/>
+    <property name="level" value="11"/>
+    <property name="number" value="2"/>
+   </properties>
+  </object>
+  <object id="18" type="enemy" x="1248" y="3008" width="288" height="128">
+   <properties>
+    <property name="category" value="dungeon"/>
+    <property name="level" value="11"/>
+    <property name="number" value="2"/>
+   </properties>
+  </object>
+  <object id="19" type="enemy" x="1984" y="2496" width="384" height="512">
+   <properties>
+    <property name="category" value="dungeon"/>
+    <property name="level" value="11"/>
+    <property name="number" value="4"/>
+   </properties>
+  </object>
+  <object id="20" type="enemy" x="1728" y="2112" width="128" height="384">
+   <properties>
+    <property name="category" value="dungeon"/>
+    <property name="level" value="11"/>
+    <property name="number" value="3"/>
+   </properties>
+  </object>
+  <object id="21" type="enemy" x="1600" y="2752" width="256" height="128">
+   <properties>
+    <property name="category" value="dungeon"/>
+    <property name="level" value="11"/>
+    <property name="number" value="2"/>
+   </properties>
+  </object>
+  <object id="22" type="enemy" x="1248" y="2816" width="32" height="32">
+   <properties>
+    <property name="category" value="sentry"/>
+    <property name="level" value="11"/>
+    <property name="number" value="1"/>
+   </properties>
+  </object>
+  <object id="24" type="enemy" x="480" y="2144" width="32" height="32">
+   <properties>
+    <property name="category" value="sentry"/>
+    <property name="level" value="11"/>
+    <property name="number" value="1"/>
+   </properties>
+  </object>
+  <object id="25" type="enemy" x="576" y="2048" width="32" height="32">
+   <properties>
+    <property name="category" value="sentry"/>
+    <property name="level" value="11"/>
+    <property name="number" value="1"/>
+   </properties>
+  </object>
+  <object id="26" type="enemy" x="704" y="544" width="256" height="384">
+   <properties>
+    <property name="category" value="dungeon"/>
+    <property name="level" value="11"/>
+    <property name="number" value="3"/>
+   </properties>
+  </object>
+  <object id="27" type="enemy" x="448" y="192" width="288" height="224">
+   <properties>
+    <property name="category" value="dungeon"/>
+    <property name="level" value="11"/>
+    <property name="number" value="4"/>
+   </properties>
+  </object>
+  <object id="28" type="enemy" x="320" y="512" width="256" height="384">
+   <properties>
+    <property name="category" value="dungeon"/>
+    <property name="level" value="11"/>
+    <property name="number" value="3"/>
+   </properties>
+  </object>
+  <object id="29" type="enemy" x="1216" y="320" width="128" height="384">
+   <properties>
+    <property name="category" value="dungeon"/>
+    <property name="level" value="11"/>
+    <property name="number" value="2"/>
+   </properties>
+  </object>
+  <object id="30" type="enemy" x="608" y="448" width="32" height="32">
+   <properties>
+    <property name="category" value="sentry"/>
+    <property name="level" value="11"/>
+    <property name="number" value="1"/>
+   </properties>
+  </object>
+  <object id="31" type="enemy" x="1568" y="160" width="32" height="32">
+   <properties>
+    <property name="category" value="sentry"/>
+    <property name="level" value="11"/>
+    <property name="number" value="1"/>
+   </properties>
+  </object>
+  <object id="34" type="enemy" x="1568" y="320" width="32" height="32">
+   <properties>
+    <property name="category" value="sentry"/>
+    <property name="level" value="11"/>
+    <property name="number" value="1"/>
+   </properties>
+  </object>
+  <object id="35" type="enemy" x="2112" y="160" width="32" height="32">
+   <properties>
+    <property name="category" value="sentry"/>
+    <property name="level" value="11"/>
+    <property name="number" value="1"/>
+   </properties>
+  </object>
+  <object id="36" type="enemy" x="2112" y="320" width="32" height="32">
+   <properties>
+    <property name="category" value="sentry"/>
+    <property name="level" value="11"/>
+    <property name="number" value="1"/>
+   </properties>
+  </object>
+  <object id="37" type="enemy" x="2592" y="928" width="32" height="32">
+   <properties>
+    <property name="category" value="sentry"/>
+    <property name="level" value="11"/>
+    <property name="number" value="1"/>
+   </properties>
+  </object>
+  <object id="38" type="enemy" x="2592" y="448" width="32" height="32">
+   <properties>
+    <property name="category" value="sentry"/>
+    <property name="level" value="11"/>
+    <property name="number" value="1"/>
+   </properties>
+  </object>
+  <object id="39" type="enemy" x="1696" y="192" width="320" height="128">
+   <properties>
+    <property name="category" value="dungeon"/>
+    <property name="level" value="11"/>
+    <property name="number" value="3"/>
+   </properties>
+  </object>
+  <object id="40" type="enemy" x="2688" y="192" width="320" height="128">
+   <properties>
+    <property name="category" value="dungeon"/>
+    <property name="level" value="11"/>
+    <property name="number" value="3"/>
+   </properties>
+  </object>
+  <object id="41" type="enemy" x="2688" y="1088" width="320" height="128">
+   <properties>
+    <property name="category" value="dungeon"/>
+    <property name="level" value="11"/>
+    <property name="number" value="3"/>
+   </properties>
+  </object>
+  <object id="42" type="enemy" x="2624" y="608" width="384" height="192">
+   <properties>
+    <property name="category" value="dungeon"/>
+    <property name="level" value="11"/>
+    <property name="number" value="4"/>
+   </properties>
+  </object>
+  <object id="43" type="enemy" x="2656" y="1504" width="224" height="224">
+   <properties>
+    <property name="category" value="dungeon"/>
+    <property name="level" value="11"/>
+    <property name="number" value="3"/>
+   </properties>
+  </object>
  </objectgroup>
 </map>
