diff --git a/mods/empyrean_campaign/maps/wizards_tower_3.txt b/mods/empyrean_campaign/maps/wizards_tower_3.txt
index ca3be729542fd9c13432f0102db241417f7033b8..df7c7a4a8ca3e3220123e7c94204fff52201b222 100644
--- a/mods/empyrean_campaign/maps/wizards_tower_3.txt
+++ b/mods/empyrean_campaign/maps/wizards_tower_3.txt
@@ -163,27 +163,27 @@ data=
 0,0,0,0,0,0,0,0,0,0,0,0,0,0,0,0,0,0,0,0,0,0,0,0,0,0,0,0,0,0,0,0,0,0,0,0,0,0,0,0,0,0,0,136,0,0,0,0,0,0,0,0,0,0,0,0,0,0,0,0,0,0,0,0,0,0,0,0,0,0,0,0,0,0,0,0,0,0,0,0,0,0,0,0,
 0,0,0,0,0,0,0,0,0,0,0,0,0,0,0,0,0,0,0,0,0,0,0,0,0,0,0,0,0,0,0,0,0,0,0,0,0,0,0,0,0,0,0,128,0,0,0,0,0,0,0,0,0,0,0,0,0,0,0,0,0,0,0,0,0,0,0,0,0,0,0,0,0,0,0,0,0,0,0,0,0,0,0,0,
 0,0,0,0,0,0,0,0,0,0,0,110,0,0,0,0,0,0,0,0,0,0,0,0,0,0,0,110,0,0,0,0,110,0,0,0,0,0,0,0,0,0,120,123,123,123,118,0,0,0,0,0,0,0,0,0,0,0,0,0,0,0,0,0,0,0,0,0,0,0,0,0,0,0,0,0,0,0,0,0,0,0,0,0,
-0,0,0,0,0,0,0,0,0,0,0,0,0,0,0,0,0,0,0,0,0,0,0,0,0,0,0,0,0,0,0,0,0,0,0,0,0,0,0,0,0,0,0,0,0,0,0,0,0,0,0,0,0,0,0,0,0,0,0,0,0,0,0,0,0,0,0,0,0,0,0,0,0,0,0,0,0,0,0,0,0,0,0,0,
-0,0,0,0,0,0,0,0,0,0,0,0,0,0,0,0,0,0,0,0,0,0,0,0,0,0,0,0,0,0,0,0,0,0,0,0,0,0,0,0,0,0,0,0,0,0,0,0,0,0,0,0,0,0,0,0,0,0,0,0,0,0,0,0,0,0,0,0,0,0,0,0,0,0,0,0,0,0,0,0,0,0,0,0,
-0,0,0,0,0,0,0,0,0,0,0,0,0,0,0,0,0,0,0,0,0,0,0,0,0,0,0,0,0,0,0,0,0,0,0,0,0,0,0,0,0,0,0,0,0,0,0,0,0,0,0,0,0,0,0,0,0,0,0,0,0,0,0,0,0,0,0,0,0,111,0,0,0,0,0,0,0,0,0,0,0,0,0,0,
-0,0,0,0,0,0,0,0,0,0,0,0,0,0,0,0,0,0,0,0,0,0,0,0,0,0,0,0,0,0,0,0,0,0,0,0,0,0,0,0,0,0,0,0,0,0,0,0,0,0,0,0,0,0,0,0,0,0,0,0,0,0,0,0,0,0,0,0,0,0,0,0,0,0,0,0,0,0,0,0,0,0,0,0,
-0,0,0,0,0,0,0,0,0,0,0,110,0,0,0,0,0,0,0,0,0,0,0,0,0,0,0,0,0,0,0,0,0,0,0,0,0,0,0,0,0,0,0,0,0,0,0,0,0,0,0,0,0,0,0,0,0,0,0,0,0,0,0,0,0,0,0,0,0,0,0,0,0,0,0,0,0,0,0,0,0,0,0,0,
-0,0,0,0,0,0,0,0,0,0,0,0,0,0,0,0,0,0,0,0,0,0,0,0,0,0,0,0,0,0,0,0,0,0,0,0,0,0,0,0,0,0,0,0,0,0,0,0,0,0,0,0,0,0,0,0,0,0,0,0,0,0,0,0,0,0,111,0,0,0,0,0,0,0,0,0,0,0,0,0,0,0,0,0,
-0,0,0,0,0,0,0,0,0,0,0,0,0,0,0,0,0,0,0,0,0,0,0,0,0,0,0,0,0,0,0,0,0,0,0,0,0,0,0,0,0,0,0,0,0,0,0,0,0,0,0,0,0,0,0,0,0,0,0,0,0,0,0,0,0,0,121,0,0,0,0,0,0,0,0,0,0,0,0,0,0,0,0,0,
-0,0,0,0,0,0,0,0,0,0,0,0,0,0,0,0,0,0,0,0,0,0,0,0,0,0,0,0,0,0,0,0,0,0,0,0,0,0,0,0,0,0,0,0,0,0,0,0,0,0,0,0,0,0,120,123,123,118,0,0,0,0,0,0,0,0,122,0,0,0,0,0,0,0,0,0,0,0,0,0,0,0,0,0,
-0,0,0,0,0,0,0,0,0,0,0,0,0,0,0,0,0,0,0,0,0,0,0,0,0,0,0,0,0,0,0,0,0,0,0,0,0,0,0,0,0,0,0,0,0,0,151,0,0,0,0,198,199,121,0,0,0,0,0,0,0,0,0,0,0,0,122,0,0,0,0,0,0,0,0,0,0,0,0,0,0,0,0,0,
-0,0,0,0,0,0,0,0,0,0,0,0,0,0,0,0,0,0,0,0,0,91,88,0,0,0,0,0,0,0,0,0,0,0,0,0,0,0,0,0,0,0,0,0,0,0,0,0,0,0,0,0,0,122,0,0,0,0,0,0,0,0,0,0,0,0,122,0,0,0,0,0,0,0,0,0,0,0,0,0,0,0,0,0,
-0,0,0,0,0,0,0,0,0,0,0,0,0,0,0,0,0,0,0,0,0,90,73,0,0,0,0,0,0,0,0,0,0,0,0,0,0,0,0,0,0,0,0,0,0,0,0,0,0,0,0,0,0,122,0,0,0,0,0,0,0,0,0,0,0,0,122,0,0,0,0,0,0,0,0,0,0,0,0,0,0,0,0,0,
-0,0,0,0,0,0,0,0,0,0,0,0,0,0,0,0,0,0,0,0,0,0,0,0,0,0,0,0,0,0,0,0,0,0,0,0,0,0,0,0,0,0,0,0,0,0,167,0,0,0,0,198,199,119,0,0,0,0,0,0,0,0,0,0,0,0,122,0,0,0,0,0,0,0,0,0,0,0,0,0,0,0,0,0,
-0,0,0,0,0,0,0,0,0,0,0,0,0,0,0,0,0,0,0,0,0,0,0,0,0,0,0,0,0,0,0,0,0,0,0,0,0,0,0,0,0,0,0,0,0,0,0,0,0,0,0,0,0,0,0,0,0,0,0,0,0,0,0,0,0,0,122,0,0,0,0,0,0,0,0,0,0,0,0,0,0,0,0,0,
-0,0,0,0,0,0,0,0,0,0,0,0,0,0,0,0,0,0,0,0,0,0,0,0,0,0,0,0,0,0,0,0,0,0,0,0,0,0,0,0,0,0,0,0,0,0,0,0,0,0,0,0,0,0,110,243,243,110,0,0,0,0,0,0,0,0,119,0,0,0,0,0,0,0,0,0,0,0,0,0,0,0,0,0,
-0,0,0,0,0,0,0,0,0,0,0,0,0,0,0,0,0,0,0,0,0,0,0,0,0,0,0,0,0,0,0,0,0,0,0,0,0,0,0,0,0,0,0,0,0,0,0,0,0,0,0,0,0,0,0,0,0,0,0,0,0,0,0,0,0,0,111,0,0,0,0,0,0,0,0,0,0,0,0,0,0,0,0,0,
-0,0,0,0,0,0,0,0,0,0,0,110,0,0,0,0,0,0,0,0,0,0,0,0,0,0,0,0,0,0,0,0,110,0,0,0,0,0,0,0,0,0,0,0,0,0,0,0,0,0,0,0,0,0,0,0,0,0,0,0,0,0,0,0,0,0,0,0,0,0,0,0,0,0,0,0,0,0,0,0,0,0,0,0,
-0,0,0,0,0,0,0,0,0,0,0,0,0,0,0,0,0,0,0,0,0,0,0,0,0,0,0,0,0,0,0,0,0,0,0,0,0,0,0,0,0,0,0,0,0,0,0,0,0,0,0,0,0,0,0,0,0,0,0,0,0,0,0,0,0,0,0,0,0,0,0,0,0,0,0,0,0,0,0,0,0,0,0,0,
-0,0,0,0,0,0,0,0,0,0,0,0,0,0,0,0,0,0,0,0,0,0,0,0,0,0,0,0,0,0,0,0,0,0,0,0,0,0,0,0,0,0,0,0,0,0,0,0,0,0,0,0,0,0,0,0,0,0,0,0,0,0,0,0,0,0,0,0,0,111,0,0,0,0,0,0,0,0,0,0,0,0,0,0,
-0,0,0,0,0,0,0,0,0,0,0,0,0,0,0,0,0,0,0,0,0,0,0,0,0,0,0,0,0,0,0,0,0,0,0,0,0,0,0,0,0,0,0,0,0,0,0,0,0,0,0,0,0,0,0,0,0,0,0,0,0,0,0,0,0,0,0,0,0,0,0,0,0,0,0,0,0,0,0,0,0,0,0,0,
-0,0,0,0,0,0,0,0,0,0,0,0,0,0,0,0,0,0,0,0,0,0,0,0,0,0,0,0,0,0,0,0,0,0,0,0,0,0,0,0,0,0,0,0,0,0,0,0,0,0,0,0,0,0,0,0,0,0,0,0,0,0,0,0,0,0,0,0,0,0,0,0,0,0,0,0,0,0,0,0,0,0,0,0,
-0,0,0,0,0,0,0,0,0,0,0,110,0,0,0,0,110,0,0,0,0,0,0,0,0,0,0,110,0,0,0,0,110,0,0,0,0,0,0,0,0,0,0,0,0,0,0,0,0,0,0,0,0,0,0,0,0,0,0,0,0,0,0,0,0,0,0,0,0,0,0,0,0,0,0,0,0,0,0,0,0,0,0,0,
+0,0,0,0,0,0,0,0,0,0,0,0,0,0,0,0,0,0,0,0,0,0,0,0,0,0,0,0,0,0,0,0,0,0,0,0,0,0,0,0,0,0,77,115,103,73,0,0,0,0,0,0,0,0,0,0,0,0,0,0,0,0,0,0,0,0,0,0,0,0,0,0,0,0,0,0,0,0,0,0,0,0,0,0,
+0,0,0,0,0,0,0,0,0,0,0,0,0,0,0,0,0,0,0,0,0,0,0,0,0,0,0,0,0,0,0,0,0,0,0,0,0,0,0,0,0,0,96,0,0,151,0,0,0,0,0,0,0,0,0,0,0,0,0,0,0,0,0,0,0,0,0,0,0,0,0,0,0,0,0,0,0,0,0,0,0,0,0,0,
+0,0,0,0,0,0,0,0,0,0,0,0,0,0,0,0,0,0,0,0,0,0,0,0,0,0,0,0,0,0,0,0,0,0,0,0,0,0,0,0,0,0,108,0,0,0,0,0,0,0,0,0,0,0,0,0,0,0,0,0,0,0,0,0,0,0,0,0,0,111,0,0,0,0,0,0,0,0,0,0,0,0,0,0,
+0,0,0,0,0,0,0,0,0,0,0,0,0,0,0,0,0,0,0,0,0,0,0,0,0,0,0,0,0,0,0,0,0,0,0,0,0,0,0,0,0,0,102,136,0,0,0,0,0,0,0,0,0,0,0,0,0,0,0,0,0,0,0,0,0,0,0,0,0,0,0,0,0,0,0,0,0,0,0,0,0,0,0,0,
+0,0,0,0,0,0,0,0,0,0,0,110,0,0,0,0,0,0,0,0,0,0,0,0,0,0,0,0,0,0,0,0,0,0,0,0,0,0,0,0,0,0,68,132,0,0,0,0,0,0,0,0,0,0,0,0,0,0,0,0,0,0,0,0,0,0,0,0,0,0,0,0,0,0,0,0,0,0,0,0,0,0,0,0,
+0,0,0,0,0,0,0,0,0,0,0,0,0,0,0,0,0,0,0,0,0,0,0,0,0,0,0,0,0,0,0,0,0,0,0,0,0,0,0,0,0,0,100,128,0,0,0,0,0,0,0,0,0,0,0,0,0,0,0,0,0,0,0,0,0,0,111,0,0,0,0,0,0,0,0,0,0,0,0,0,0,0,0,0,
+0,0,0,0,0,0,0,0,0,0,0,0,0,0,0,0,0,0,0,0,0,0,0,0,0,0,0,0,0,0,0,0,0,0,0,0,0,0,0,0,0,0,64,0,0,0,0,0,0,0,0,0,0,0,0,0,0,0,0,0,0,0,0,0,0,0,121,0,0,0,0,0,0,0,0,0,0,0,0,0,0,0,0,0,
+0,0,0,0,0,0,0,0,0,0,0,0,0,0,0,0,0,0,0,0,0,0,0,0,0,0,0,0,0,0,0,0,0,0,0,0,0,0,0,0,0,0,104,0,0,0,0,0,0,0,0,0,0,0,120,123,123,118,0,0,0,0,0,0,0,0,122,0,0,0,0,0,0,0,0,0,0,0,0,0,0,0,0,0,
+0,0,0,0,0,0,0,0,0,0,0,0,0,0,0,0,0,0,0,0,0,0,0,0,0,0,0,0,0,0,0,0,0,0,0,0,0,0,0,0,0,0,106,0,0,0,151,0,0,0,0,198,199,121,0,0,0,0,0,0,0,0,0,0,0,0,122,0,0,0,0,0,0,0,0,0,0,0,0,0,0,0,0,0,
+0,0,0,0,0,0,0,0,0,0,0,0,0,0,0,0,0,0,0,0,0,91,88,0,0,0,0,0,0,0,0,0,0,0,0,0,0,0,0,0,0,0,64,0,0,0,0,0,0,0,0,0,0,122,0,0,0,0,0,0,0,0,0,0,0,0,122,0,0,0,0,0,0,0,0,0,0,0,0,0,0,0,0,0,
+0,0,0,0,0,0,0,0,0,0,0,0,0,0,0,0,0,0,0,0,0,90,73,0,0,0,0,0,0,0,0,0,0,0,0,0,0,0,0,0,0,0,64,0,0,0,0,0,0,0,0,0,0,122,0,0,0,0,0,0,0,0,0,0,0,0,122,0,0,0,0,0,0,0,0,0,0,0,0,0,0,0,0,0,
+0,0,0,0,0,0,0,0,0,0,0,0,0,0,0,0,0,0,0,0,0,0,0,0,0,0,0,0,0,0,0,0,0,0,0,0,0,0,0,0,0,0,106,0,0,0,167,0,0,0,0,198,199,119,0,0,0,0,0,0,0,0,0,0,0,0,122,0,0,0,0,0,0,0,0,0,0,0,0,0,0,0,0,0,
+0,0,0,0,0,0,0,0,0,0,0,0,0,0,0,0,0,0,0,0,0,0,0,0,0,0,0,0,0,0,0,0,0,0,0,0,0,0,0,0,0,0,64,0,0,0,0,0,0,0,0,0,0,0,0,0,0,0,0,0,0,0,0,0,0,0,122,0,0,0,0,0,0,0,0,0,0,0,0,0,0,0,0,0,
+0,0,0,0,0,0,0,0,0,0,0,0,0,0,0,0,0,0,0,0,0,0,0,0,0,0,0,0,0,0,0,0,0,0,0,0,0,0,0,0,0,0,102,0,0,0,0,0,0,0,0,0,0,0,110,243,243,110,0,0,0,0,0,0,0,0,119,0,0,0,0,0,0,0,0,0,0,0,0,0,0,0,0,0,
+0,0,0,0,0,0,0,0,0,0,0,0,0,0,0,0,0,0,0,0,0,0,0,0,0,0,0,0,0,0,0,0,0,0,0,0,0,0,0,0,0,0,68,0,0,0,0,0,0,0,0,0,0,0,0,0,0,0,0,0,0,0,0,0,0,0,111,0,0,0,0,0,0,0,0,0,0,0,0,0,0,0,0,0,
+0,0,0,0,0,0,0,0,0,0,0,110,0,0,0,0,0,0,0,0,0,0,0,0,0,0,0,0,0,0,0,0,110,0,0,0,0,0,0,0,0,0,96,0,0,0,0,0,0,0,0,0,0,0,0,0,0,0,0,0,0,0,0,0,0,0,0,0,0,0,0,0,0,0,0,0,0,0,0,0,0,0,0,0,
+0,0,0,0,0,0,0,0,0,0,0,0,0,0,0,0,0,0,0,0,0,0,0,0,0,0,0,0,0,0,0,0,0,0,0,0,0,0,0,0,0,0,98,0,0,0,0,0,0,0,0,0,0,0,0,0,0,0,0,0,0,0,0,0,0,0,0,0,0,0,0,0,0,0,0,0,0,0,0,0,0,0,0,0,
+0,0,0,0,0,0,0,0,0,0,0,0,0,0,0,0,0,0,0,0,0,0,0,0,0,0,0,0,0,0,0,0,0,0,0,0,0,0,0,0,0,0,64,0,0,0,0,0,0,0,0,0,0,0,0,0,0,0,0,0,0,0,0,0,0,0,0,0,0,111,0,0,0,0,0,0,0,0,0,0,0,0,0,0,
+0,0,0,0,0,0,0,0,0,0,0,0,0,0,0,0,0,0,0,0,0,0,0,0,0,0,0,0,0,0,0,0,0,0,0,0,0,0,0,0,0,0,102,0,0,0,0,0,0,0,0,0,0,0,0,0,0,0,0,0,0,0,0,0,0,0,0,0,0,0,0,0,0,0,0,0,0,0,0,0,0,0,0,0,
+0,0,0,0,0,0,0,0,0,0,0,0,0,0,0,0,0,0,0,0,0,0,0,0,0,0,0,0,0,0,0,0,0,0,0,0,0,0,0,0,0,0,68,0,0,0,0,0,0,0,0,0,0,0,0,0,0,0,0,0,0,0,0,0,0,0,0,0,0,0,0,0,0,0,0,0,0,0,0,0,0,0,0,0,
+0,0,0,0,0,0,0,0,0,0,0,110,0,0,0,0,110,0,0,0,0,0,0,0,0,0,0,110,0,0,0,0,110,0,0,0,0,0,0,0,0,0,73,0,0,0,0,0,0,0,0,0,0,0,0,0,0,0,0,0,0,0,0,0,0,0,0,0,0,0,0,0,0,0,0,0,0,0,0,0,0,0,0,0,
 0,0,0,0,0,0,0,0,0,0,0,0,0,0,0,0,0,0,0,0,0,0,0,0,0,0,0,0,0,0,0,0,0,0,0,0,0,0,0,0,0,0,121,0,0,0,0,0,0,0,0,0,0,0,0,0,0,121,0,0,0,0,0,0,0,0,0,0,0,0,0,0,0,0,0,0,0,0,0,0,0,0,0,0,
 0,0,0,0,0,0,0,0,0,0,0,0,0,0,0,0,0,0,0,0,0,0,0,0,0,0,0,0,0,0,0,0,0,0,0,0,0,0,0,0,0,0,122,0,0,0,0,0,0,0,0,0,0,0,0,0,0,122,0,0,0,0,0,0,0,0,0,0,0,0,0,0,0,0,0,0,0,0,0,0,0,0,0,0,
 0,0,0,0,0,0,0,0,0,0,0,0,0,0,0,0,0,0,0,0,0,0,0,0,0,0,0,0,0,0,0,0,0,0,0,0,0,0,0,0,0,0,126,123,118,131,0,0,0,0,0,0,0,0,131,120,123,125,0,0,0,0,0,0,0,0,0,0,0,0,0,0,0,0,0,0,0,0,0,0,0,0,0,0,
@@ -259,27 +259,27 @@ data=
 4,4,4,4,4,4,4,4,4,2,2,2,2,2,2,2,2,2,2,4,4,4,4,4,4,2,2,2,2,2,2,2,2,2,2,4,4,4,4,4,4,2,0,4,0,0,0,0,0,0,0,0,0,0,0,0,0,0,2,4,4,4,4,4,4,4,4,4,4,4,4,4,4,4,4,4,4,4,4,4,4,4,4,4,
 4,4,4,4,4,4,4,4,4,2,0,0,0,0,0,0,0,0,2,4,4,4,4,4,4,2,0,0,0,0,0,0,0,0,2,4,4,4,4,4,4,2,0,3,0,0,0,0,0,0,0,0,0,0,0,0,0,0,2,4,4,4,4,4,4,4,4,4,4,4,4,4,4,4,4,4,4,4,4,4,4,4,4,4,
 4,4,4,4,4,4,4,4,4,2,0,1,0,0,0,0,0,0,2,4,4,4,4,4,4,2,0,1,0,0,0,0,1,0,2,4,4,4,4,4,4,2,2,2,2,2,2,0,0,0,0,0,0,0,0,0,0,0,2,4,4,4,4,4,4,4,4,4,4,4,4,4,4,4,4,4,4,4,4,4,4,4,4,4,
-4,4,4,4,4,4,4,4,4,2,0,0,0,0,0,0,0,0,2,4,4,4,4,4,4,2,0,0,0,0,0,0,0,0,2,4,4,4,4,4,4,2,0,0,0,0,2,2,2,2,2,2,2,2,0,0,0,0,2,4,4,4,4,4,4,4,4,4,4,4,4,4,4,4,4,4,4,4,4,4,4,4,4,4,
-4,4,4,4,4,4,4,4,4,2,0,0,0,0,0,0,0,0,2,4,4,4,4,4,4,2,0,0,0,0,0,0,0,0,2,4,4,4,4,4,4,2,0,0,0,0,2,4,4,4,4,4,4,2,0,0,0,0,2,2,2,2,2,2,2,2,2,2,2,2,2,4,4,4,4,4,4,4,4,4,4,4,4,4,
-4,4,4,4,4,4,4,4,4,2,0,0,0,0,0,0,0,0,2,4,4,4,4,4,4,2,0,0,0,0,0,0,0,0,2,4,4,4,4,4,4,2,0,0,0,0,2,4,4,4,4,4,4,2,0,0,0,0,0,0,0,0,0,0,0,0,0,0,0,1,2,4,4,4,4,4,4,4,4,4,4,4,4,4,
-4,4,4,4,4,4,4,4,4,2,0,0,0,0,0,0,0,0,2,4,4,4,4,4,4,2,0,0,0,0,0,0,0,0,2,4,4,4,4,4,4,2,0,0,0,0,2,4,4,4,4,4,4,2,0,0,0,0,0,0,0,0,0,0,0,0,0,0,0,0,2,4,4,4,4,4,4,4,4,4,4,4,4,4,
-4,4,4,4,4,4,4,4,4,2,0,1,0,0,0,0,0,0,2,4,4,4,4,4,4,2,0,0,0,0,0,0,0,0,2,4,4,4,4,4,4,2,0,0,0,0,2,4,4,4,4,4,4,2,0,0,0,0,0,0,0,0,0,0,0,0,0,0,0,0,2,4,4,4,4,4,4,4,4,4,4,4,4,4,
-4,4,4,4,4,4,4,4,4,2,0,0,0,0,0,0,0,0,2,4,4,4,4,4,4,2,0,0,0,0,0,0,0,0,2,4,4,4,4,4,4,2,0,0,0,0,2,4,4,4,4,4,4,2,0,0,0,0,0,0,0,0,0,0,0,0,1,0,0,0,2,4,4,4,4,4,4,4,4,4,4,4,4,4,
-4,4,4,4,4,4,4,4,4,2,2,2,2,2,2,2,2,2,2,4,4,4,4,4,4,2,2,2,2,2,2,2,2,2,2,4,4,4,4,4,4,2,0,0,0,0,2,4,4,4,4,4,4,2,0,0,0,0,2,2,2,2,2,2,2,2,2,0,0,0,2,4,4,4,4,4,4,4,4,4,4,4,4,4,
-4,4,4,4,4,4,4,4,4,4,4,4,4,4,4,4,4,4,4,2,2,2,2,2,2,4,4,4,4,4,4,4,4,4,4,4,4,4,4,4,4,2,0,0,0,0,2,2,2,2,2,2,2,2,2,2,2,2,2,4,4,4,4,4,4,2,2,0,0,0,2,4,4,4,4,4,4,4,4,4,4,4,4,4,
-4,4,4,4,4,4,4,4,4,4,4,4,4,4,4,4,4,4,4,2,0,0,0,0,2,4,4,4,4,4,4,4,4,4,4,4,4,4,4,4,4,2,0,0,0,0,4,0,0,0,0,4,4,2,0,0,0,0,2,4,4,4,4,4,4,2,2,0,0,0,2,4,4,4,4,4,4,4,4,4,4,4,4,4,
-4,4,4,4,4,4,4,4,4,4,4,4,4,4,4,4,4,4,4,2,0,1,1,0,2,4,4,4,4,4,4,4,4,4,4,4,4,4,4,4,4,2,0,0,0,0,0,0,0,0,0,0,0,2,0,0,0,0,2,4,4,4,4,4,4,2,2,0,0,0,2,4,4,4,4,4,4,4,4,4,4,4,4,4,
-4,4,4,4,4,4,4,4,4,4,4,4,4,4,4,4,4,4,4,2,0,1,1,0,2,4,4,4,4,4,4,4,4,4,4,4,4,4,4,4,4,2,0,0,0,0,0,0,0,0,0,0,0,2,0,0,0,0,2,4,4,4,4,4,4,2,2,0,0,0,2,4,4,4,4,4,4,4,4,4,4,4,4,4,
-4,4,4,4,4,4,4,4,4,4,4,4,4,4,4,4,4,4,4,2,0,0,0,0,2,4,4,4,4,4,4,4,4,4,4,4,4,4,4,4,4,2,0,0,0,0,4,0,0,0,0,4,4,2,0,0,0,0,2,4,4,4,4,4,4,2,2,0,0,0,2,4,4,4,4,4,4,4,4,4,4,4,4,4,
-4,4,4,4,4,4,4,4,4,4,4,4,4,4,4,4,4,4,4,2,2,2,2,2,2,4,4,4,4,4,4,4,4,4,4,4,4,4,4,4,4,2,0,0,0,0,2,2,2,2,2,2,2,2,0,0,0,0,2,4,4,4,4,4,4,2,2,0,0,0,2,4,4,4,4,4,4,4,4,4,4,4,4,4,
-4,4,4,4,4,4,4,4,4,2,2,2,2,2,2,2,2,2,2,4,4,4,4,4,4,2,2,2,2,2,2,2,2,2,2,4,4,4,4,4,4,2,0,0,0,0,2,4,4,4,4,4,4,2,1,1,1,1,2,2,2,2,2,2,2,2,2,0,0,0,2,4,4,4,4,4,4,4,4,4,4,4,4,4,
-4,4,4,4,4,4,4,4,4,2,0,0,0,0,0,0,0,0,2,4,4,4,4,4,4,2,0,0,0,0,0,0,0,0,2,4,4,4,4,4,4,2,0,0,0,0,2,4,4,4,4,4,4,2,0,0,0,0,0,0,0,0,0,0,0,0,1,0,0,0,2,4,4,4,4,4,4,4,4,4,4,4,4,4,
-4,4,4,4,4,4,4,4,4,2,0,1,0,0,0,0,0,0,2,4,4,4,4,4,4,2,0,0,0,0,0,0,1,0,2,4,4,4,4,4,4,2,0,0,0,0,2,4,4,4,4,4,4,2,0,0,0,0,0,0,0,0,0,0,0,0,0,0,0,0,2,4,4,4,4,4,4,4,4,4,4,4,4,4,
-4,4,4,4,4,4,4,4,4,2,0,0,0,0,0,0,0,0,2,4,4,4,4,4,4,2,0,0,0,0,0,0,0,0,2,4,4,4,4,4,4,2,0,0,0,0,2,4,4,4,4,4,4,2,0,0,0,0,0,0,0,0,0,0,0,0,0,0,0,0,2,4,4,4,4,4,4,4,4,4,4,4,4,4,
-4,4,4,4,4,4,4,4,4,2,0,0,0,0,0,0,0,0,2,4,4,4,4,4,4,2,0,0,0,0,0,0,0,0,2,4,4,4,4,4,4,2,0,0,0,0,2,4,4,4,4,4,4,2,0,0,0,0,0,0,0,0,0,0,0,0,0,0,0,1,2,4,4,4,4,4,4,4,4,4,4,4,4,4,
-4,4,4,4,4,4,4,4,4,2,0,0,0,0,0,0,0,0,2,4,4,4,4,4,4,2,0,0,0,0,0,0,0,0,2,4,4,4,4,4,4,2,0,0,0,0,2,4,4,4,4,4,4,2,0,0,0,0,2,2,2,2,2,2,2,2,2,2,2,2,2,4,4,4,4,4,4,4,4,4,4,4,4,4,
-4,4,4,4,4,4,4,4,4,2,0,0,0,0,0,0,0,0,2,4,4,4,4,4,4,2,0,0,0,0,0,0,0,0,2,4,4,4,4,4,4,2,0,0,0,0,2,2,2,2,2,2,2,2,0,0,0,0,2,4,4,4,4,4,4,4,4,4,4,4,4,4,4,4,4,4,4,4,4,4,4,4,4,4,
-4,4,4,4,4,4,4,4,4,2,0,1,0,0,0,0,1,0,2,4,4,4,4,4,4,2,0,1,0,0,0,0,1,0,2,4,4,4,4,4,4,2,0,0,0,0,0,0,0,0,0,0,0,0,0,0,0,0,2,4,4,4,4,4,4,4,4,4,4,4,4,4,4,4,4,4,4,4,4,4,4,4,4,4,
+4,4,4,4,4,4,4,4,4,2,0,0,0,0,0,0,0,0,2,4,4,4,4,4,4,2,0,0,0,0,0,0,0,0,2,4,4,4,4,4,4,2,1,1,1,1,2,2,2,2,2,2,2,2,0,0,0,0,2,4,4,4,4,4,4,4,4,4,4,4,4,4,4,4,4,4,4,4,4,4,4,4,4,4,
+4,4,4,4,4,4,4,4,4,2,0,0,0,0,0,0,0,0,2,4,4,4,4,4,4,2,0,0,0,0,0,0,0,0,2,4,4,4,4,4,4,2,1,0,0,4,2,4,4,4,4,4,4,2,0,0,0,0,2,2,2,2,2,2,2,2,2,2,2,2,2,4,4,4,4,4,4,4,4,4,4,4,4,4,
+4,4,4,4,4,4,4,4,4,2,0,0,0,0,0,0,0,0,2,4,4,4,4,4,4,2,0,0,0,0,0,0,0,0,2,4,4,4,4,4,4,2,1,0,0,0,2,4,4,4,4,4,4,2,0,0,0,0,0,0,0,0,0,0,0,0,0,0,0,1,2,4,4,4,4,4,4,4,4,4,4,4,4,4,
+4,4,4,4,4,4,4,4,4,2,0,0,0,0,0,0,0,0,2,4,4,4,4,4,4,2,0,0,0,0,0,0,0,0,2,4,4,4,4,4,4,2,1,4,0,0,2,4,4,4,4,4,4,2,0,0,0,0,0,0,0,0,0,0,0,0,0,0,0,0,2,4,4,4,4,4,4,4,4,4,4,4,4,4,
+4,4,4,4,4,4,4,4,4,2,0,1,0,0,0,0,0,0,2,4,4,4,4,4,4,2,0,0,0,0,0,0,0,0,2,4,4,4,4,4,4,2,1,4,0,0,2,4,4,4,4,4,4,2,0,0,0,0,0,0,0,0,0,0,0,0,0,0,0,0,2,4,4,4,4,4,4,4,4,4,4,4,4,4,
+4,4,4,4,4,4,4,4,4,2,0,0,0,0,0,0,0,0,2,4,4,4,4,4,4,2,0,0,0,0,0,0,0,0,2,4,4,4,4,4,4,2,1,3,0,0,2,4,4,4,4,4,4,2,0,0,0,0,0,0,0,0,0,0,0,0,1,0,0,0,2,4,4,4,4,4,4,4,4,4,4,4,4,4,
+4,4,4,4,4,4,4,4,4,2,2,2,2,2,2,2,2,2,2,4,4,4,4,4,4,2,2,2,2,2,2,2,2,2,2,4,4,4,4,4,4,2,1,0,0,0,2,4,4,4,4,4,4,2,0,0,0,0,2,2,2,2,2,2,2,2,2,0,0,0,2,4,4,4,4,4,4,4,4,4,4,4,4,4,
+4,4,4,4,4,4,4,4,4,4,4,4,4,4,4,4,4,4,4,2,2,2,2,2,2,4,4,4,4,4,4,4,4,4,4,4,4,4,4,4,4,2,1,0,0,0,2,2,2,2,2,2,2,2,2,2,2,2,2,4,4,4,4,4,4,2,2,0,0,0,2,4,4,4,4,4,4,4,4,4,4,4,4,4,
+4,4,4,4,4,4,4,4,4,4,4,4,4,4,4,4,4,4,4,2,0,0,0,0,2,4,4,4,4,4,4,4,4,4,4,4,4,4,4,4,4,2,1,0,0,0,4,0,0,0,0,4,4,2,0,0,0,0,2,4,4,4,4,4,4,2,2,0,0,0,2,4,4,4,4,4,4,4,4,4,4,4,4,4,
+4,4,4,4,4,4,4,4,4,4,4,4,4,4,4,4,4,4,4,2,0,1,1,0,2,4,4,4,4,4,4,4,4,4,4,4,4,4,4,4,4,2,1,0,0,0,0,0,0,0,0,0,0,2,0,0,0,0,2,4,4,4,4,4,4,2,2,0,0,0,2,4,4,4,4,4,4,4,4,4,4,4,4,4,
+4,4,4,4,4,4,4,4,4,4,4,4,4,4,4,4,4,4,4,2,0,1,1,0,2,4,4,4,4,4,4,4,4,4,4,4,4,4,4,4,4,2,1,0,0,0,0,0,0,0,0,0,0,2,0,0,0,0,2,4,4,4,4,4,4,2,2,0,0,0,2,4,4,4,4,4,4,4,4,4,4,4,4,4,
+4,4,4,4,4,4,4,4,4,4,4,4,4,4,4,4,4,4,4,2,0,0,0,0,2,4,4,4,4,4,4,4,4,4,4,4,4,4,4,4,4,2,1,0,0,0,4,0,0,0,0,4,4,2,0,0,0,0,2,4,4,4,4,4,4,2,2,0,0,0,2,4,4,4,4,4,4,4,4,4,4,4,4,4,
+4,4,4,4,4,4,4,4,4,4,4,4,4,4,4,4,4,4,4,2,2,2,2,2,2,4,4,4,4,4,4,4,4,4,4,4,4,4,4,4,4,2,1,0,0,0,2,2,2,2,2,2,2,2,0,0,0,0,2,4,4,4,4,4,4,2,2,0,0,0,2,4,4,4,4,4,4,4,4,4,4,4,4,4,
+4,4,4,4,4,4,4,4,4,2,2,2,2,2,2,2,2,2,2,4,4,4,4,4,4,2,2,2,2,2,2,2,2,2,2,4,4,4,4,4,4,2,1,0,0,0,2,4,4,4,4,4,4,2,1,1,1,1,2,2,2,2,2,2,2,2,2,0,0,0,2,4,4,4,4,4,4,4,4,4,4,4,4,4,
+4,4,4,4,4,4,4,4,4,2,0,0,0,0,0,0,0,0,2,4,4,4,4,4,4,2,0,0,0,0,0,0,0,0,2,4,4,4,4,4,4,2,1,0,0,0,2,4,4,4,4,4,4,2,0,0,0,0,0,0,0,0,0,0,0,0,1,0,0,0,2,4,4,4,4,4,4,4,4,4,4,4,4,4,
+4,4,4,4,4,4,4,4,4,2,0,1,0,0,0,0,0,0,2,4,4,4,4,4,4,2,0,0,0,0,0,0,1,0,2,4,4,4,4,4,4,2,1,0,0,0,2,4,4,4,4,4,4,2,0,0,0,0,0,0,0,0,0,0,0,0,0,0,0,0,2,4,4,4,4,4,4,4,4,4,4,4,4,4,
+4,4,4,4,4,4,4,4,4,2,0,0,0,0,0,0,0,0,2,4,4,4,4,4,4,2,0,0,0,0,0,0,0,0,2,4,4,4,4,4,4,2,1,0,0,0,2,4,4,4,4,4,4,2,0,0,0,0,0,0,0,0,0,0,0,0,0,0,0,0,2,4,4,4,4,4,4,4,4,4,4,4,4,4,
+4,4,4,4,4,4,4,4,4,2,0,0,0,0,0,0,0,0,2,4,4,4,4,4,4,2,0,0,0,0,0,0,0,0,2,4,4,4,4,4,4,2,1,0,0,0,2,4,4,4,4,4,4,2,0,0,0,0,0,0,0,0,0,0,0,0,0,0,0,1,2,4,4,4,4,4,4,4,4,4,4,4,4,4,
+4,4,4,4,4,4,4,4,4,2,0,0,0,0,0,0,0,0,2,4,4,4,4,4,4,2,0,0,0,0,0,0,0,0,2,4,4,4,4,4,4,2,1,0,0,0,2,4,4,4,4,4,4,2,0,0,0,0,2,2,2,2,2,2,2,2,2,2,2,2,2,4,4,4,4,4,4,4,4,4,4,4,4,4,
+4,4,4,4,4,4,4,4,4,2,0,0,0,0,0,0,0,0,2,4,4,4,4,4,4,2,0,0,0,0,0,0,0,0,2,4,4,4,4,4,4,2,1,0,0,0,2,2,2,2,2,2,2,2,0,0,0,0,2,4,4,4,4,4,4,4,4,4,4,4,4,4,4,4,4,4,4,4,4,4,4,4,4,4,
+4,4,4,4,4,4,4,4,4,2,0,1,0,0,0,0,1,0,2,4,4,4,4,4,4,2,0,1,0,0,0,0,1,0,2,4,4,4,4,4,4,2,1,0,0,0,0,0,0,0,0,0,0,0,0,0,0,0,2,4,4,4,4,4,4,4,4,4,4,4,4,4,4,4,4,4,4,4,4,4,4,4,4,4,
 4,4,4,4,4,4,4,4,4,2,0,0,0,0,0,0,0,0,2,4,4,4,4,4,4,2,0,0,0,0,0,0,0,0,2,4,4,4,4,4,4,2,2,0,0,0,0,0,0,0,0,0,0,0,0,0,0,2,2,4,4,4,4,4,4,4,4,4,4,4,4,4,4,4,4,4,4,4,4,4,4,4,4,4,
 4,4,4,4,4,4,4,4,4,2,2,2,2,2,2,2,2,2,2,4,4,4,4,4,4,2,2,2,2,2,2,2,2,2,2,4,4,4,4,4,4,2,2,0,0,0,0,0,0,0,0,0,0,0,0,0,0,2,2,4,4,4,4,4,4,4,4,4,4,4,4,4,4,4,4,4,4,4,4,4,4,4,4,4,
 4,4,4,4,4,4,4,4,4,4,4,4,4,4,4,4,4,4,4,4,4,4,4,4,4,4,4,4,4,4,4,4,4,4,4,4,4,4,4,4,4,2,2,2,2,3,0,0,0,0,0,0,0,0,3,2,2,2,2,4,4,4,4,4,4,4,4,4,4,4,4,4,4,4,4,4,4,4,4,4,4,4,4,4,
@@ -725,7 +725,7 @@ wander_radius=1
 
 [enemy]
 type=enemy
-location=42,63,1,1
+location=43,63,1,1
 category=skeleton_mage
 direction=3
 level=11
diff --git a/mods/empyrean_campaign/settings.txt b/mods/empyrean_campaign/settings.txt
index 49e8b3ea363c12d598216c49f30fca803f7413ec..bc4df7dc8bf922b7246b3de1b2a115638f09f11b 100644
--- a/mods/empyrean_campaign/settings.txt
+++ b/mods/empyrean_campaign/settings.txt
@@ -1,5 +1,5 @@
 description=The new Flare 1.0 campaign
 requires=fantasycore:1.06.03:0
 game=flare-game
-version=1.08.03
+version=1.08.04
 engine_version_min=1.06.41
diff --git a/tiled/empyrean_campaign/wizards_tower_3.tmx b/tiled/empyrean_campaign/wizards_tower_3.tmx
index 9d9c4f0f82db5000bd563963c0fd108550e86d11..6ae40f7cc8d8a361b8dae0fd61af45e013147f39 100644
--- a/tiled/empyrean_campaign/wizards_tower_3.tmx
+++ b/tiled/empyrean_campaign/wizards_tower_3.tmx
@@ -1,5 +1,5 @@
 <?xml version="1.0" encoding="UTF-8"?>
-<map version="1.0" tiledversion="1.1.3" orientation="isometric" renderorder="right-down" width="84" height="92" tilewidth="64" tileheight="32" infinite="0" backgroundcolor="#000000" nextobjectid="71">
+<map version="1.2" tiledversion="1.2.1" orientation="isometric" renderorder="right-down" width="84" height="92" tilewidth="64" tileheight="32" infinite="0" backgroundcolor="#000000" nextlayerid="7" nextobjectid="71">
  <properties>
   <property name="hero_pos" value="4,7"/>
   <property name="music" value="music/boss_theme.ogg"/>
@@ -34,7 +34,7 @@
  <tileset firstgid="288" name="boss_chest" tilewidth="64" tileheight="64" tilecount="4" columns="4">
   <image source="../common/boss_chest.png" width="256" height="64"/>
  </tileset>
- <layer name="background" width="84" height="92">
+ <layer id="1" name="background" width="84" height="92">
   <data encoding="csv">
 0,0,0,0,0,0,0,0,0,0,0,0,0,0,0,0,0,0,0,0,0,0,0,0,0,0,0,0,0,0,0,0,0,0,0,0,0,0,0,0,0,0,0,0,0,0,0,0,0,0,0,0,0,0,0,0,0,0,0,0,0,0,0,0,0,0,0,0,0,0,0,0,0,0,0,0,0,0,0,0,0,0,0,0,
 0,46,38,42,17,44,18,45,16,36,45,17,16,41,38,46,40,44,44,19,36,17,0,0,0,0,0,0,0,0,0,0,0,0,0,0,0,0,0,0,0,0,0,0,0,0,0,0,0,0,0,0,0,0,0,0,0,0,0,0,0,0,0,0,0,0,0,0,0,0,0,0,0,0,0,0,0,0,0,0,0,0,0,0,
@@ -130,7 +130,7 @@
 0,0,0,0,0,0,0,0,0,0,0,0,0,0,0,0,0,0,0,0,0,0,0,0,0,0,0,0,0,0,0,0,0,0,0,0,0,0,0,0,0,0,0,0,0,0,0,0,0,0,0,0,0,0,0,0,0,0,0,0,0,0,0,0,0,0,0,0,0,0,0,0,0,0,0,0,0,0,0,0,0,0,0,0
 </data>
  </layer>
- <layer name="object" width="84" height="92">
+ <layer id="2" name="object" width="84" height="92">
   <data encoding="csv">
 0,0,0,0,0,0,0,0,0,0,0,0,0,0,0,0,0,0,0,0,0,0,0,0,0,0,0,0,0,0,0,0,0,0,0,0,0,0,0,0,0,0,0,0,0,0,0,0,0,0,0,0,0,0,0,0,0,0,0,0,0,0,0,0,0,0,0,0,0,0,0,0,0,0,0,0,0,0,0,0,0,0,0,0,
 0,77,65,65,65,65,107,103,65,99,65,101,101,65,99,69,103,107,65,65,65,69,78,0,0,0,0,0,0,0,0,0,0,0,0,0,0,0,0,0,0,0,0,0,0,0,0,0,0,0,0,0,0,0,0,0,0,0,0,0,0,0,0,0,0,0,0,0,0,0,0,0,0,0,0,0,0,0,0,0,0,0,0,0,
@@ -176,27 +176,27 @@
 0,0,0,0,0,0,0,0,0,0,0,0,0,0,0,0,0,0,0,0,0,0,0,0,0,0,0,0,0,0,0,0,0,0,0,0,0,0,0,0,0,0,0,136,0,0,0,0,0,0,0,0,0,0,0,0,0,0,0,0,0,0,0,0,0,0,0,0,0,0,0,0,0,0,0,0,0,0,0,0,0,0,0,0,
 0,0,0,0,0,0,0,0,0,0,0,0,0,0,0,0,0,0,0,0,0,0,0,0,0,0,0,0,0,0,0,0,0,0,0,0,0,0,0,0,0,0,0,128,0,0,0,0,0,0,0,0,0,0,0,0,0,0,0,0,0,0,0,0,0,0,0,0,0,0,0,0,0,0,0,0,0,0,0,0,0,0,0,0,
 0,0,0,0,0,0,0,0,0,0,0,110,0,0,0,0,0,0,0,0,0,0,0,0,0,0,0,110,0,0,0,0,110,0,0,0,0,0,0,0,0,0,120,123,123,123,118,0,0,0,0,0,0,0,0,0,0,0,0,0,0,0,0,0,0,0,0,0,0,0,0,0,0,0,0,0,0,0,0,0,0,0,0,0,
-0,0,0,0,0,0,0,0,0,0,0,0,0,0,0,0,0,0,0,0,0,0,0,0,0,0,0,0,0,0,0,0,0,0,0,0,0,0,0,0,0,0,0,0,0,0,0,0,0,0,0,0,0,0,0,0,0,0,0,0,0,0,0,0,0,0,0,0,0,0,0,0,0,0,0,0,0,0,0,0,0,0,0,0,
-0,0,0,0,0,0,0,0,0,0,0,0,0,0,0,0,0,0,0,0,0,0,0,0,0,0,0,0,0,0,0,0,0,0,0,0,0,0,0,0,0,0,0,0,0,0,0,0,0,0,0,0,0,0,0,0,0,0,0,0,0,0,0,0,0,0,0,0,0,0,0,0,0,0,0,0,0,0,0,0,0,0,0,0,
-0,0,0,0,0,0,0,0,0,0,0,0,0,0,0,0,0,0,0,0,0,0,0,0,0,0,0,0,0,0,0,0,0,0,0,0,0,0,0,0,0,0,0,0,0,0,0,0,0,0,0,0,0,0,0,0,0,0,0,0,0,0,0,0,0,0,0,0,0,111,0,0,0,0,0,0,0,0,0,0,0,0,0,0,
-0,0,0,0,0,0,0,0,0,0,0,0,0,0,0,0,0,0,0,0,0,0,0,0,0,0,0,0,0,0,0,0,0,0,0,0,0,0,0,0,0,0,0,0,0,0,0,0,0,0,0,0,0,0,0,0,0,0,0,0,0,0,0,0,0,0,0,0,0,0,0,0,0,0,0,0,0,0,0,0,0,0,0,0,
-0,0,0,0,0,0,0,0,0,0,0,110,0,0,0,0,0,0,0,0,0,0,0,0,0,0,0,0,0,0,0,0,0,0,0,0,0,0,0,0,0,0,0,0,0,0,0,0,0,0,0,0,0,0,0,0,0,0,0,0,0,0,0,0,0,0,0,0,0,0,0,0,0,0,0,0,0,0,0,0,0,0,0,0,
-0,0,0,0,0,0,0,0,0,0,0,0,0,0,0,0,0,0,0,0,0,0,0,0,0,0,0,0,0,0,0,0,0,0,0,0,0,0,0,0,0,0,0,0,0,0,0,0,0,0,0,0,0,0,0,0,0,0,0,0,0,0,0,0,0,0,111,0,0,0,0,0,0,0,0,0,0,0,0,0,0,0,0,0,
-0,0,0,0,0,0,0,0,0,0,0,0,0,0,0,0,0,0,0,0,0,0,0,0,0,0,0,0,0,0,0,0,0,0,0,0,0,0,0,0,0,0,0,0,0,0,0,0,0,0,0,0,0,0,0,0,0,0,0,0,0,0,0,0,0,0,121,0,0,0,0,0,0,0,0,0,0,0,0,0,0,0,0,0,
-0,0,0,0,0,0,0,0,0,0,0,0,0,0,0,0,0,0,0,0,0,0,0,0,0,0,0,0,0,0,0,0,0,0,0,0,0,0,0,0,0,0,0,0,0,0,0,0,0,0,0,0,0,0,120,123,123,118,0,0,0,0,0,0,0,0,122,0,0,0,0,0,0,0,0,0,0,0,0,0,0,0,0,0,
-0,0,0,0,0,0,0,0,0,0,0,0,0,0,0,0,0,0,0,0,0,0,0,0,0,0,0,0,0,0,0,0,0,0,0,0,0,0,0,0,0,0,0,0,0,0,151,0,0,0,0,198,199,121,0,0,0,0,0,0,0,0,0,0,0,0,122,0,0,0,0,0,0,0,0,0,0,0,0,0,0,0,0,0,
-0,0,0,0,0,0,0,0,0,0,0,0,0,0,0,0,0,0,0,0,0,91,88,0,0,0,0,0,0,0,0,0,0,0,0,0,0,0,0,0,0,0,0,0,0,0,0,0,0,0,0,0,0,122,0,0,0,0,0,0,0,0,0,0,0,0,122,0,0,0,0,0,0,0,0,0,0,0,0,0,0,0,0,0,
-0,0,0,0,0,0,0,0,0,0,0,0,0,0,0,0,0,0,0,0,0,90,73,0,0,0,0,0,0,0,0,0,0,0,0,0,0,0,0,0,0,0,0,0,0,0,0,0,0,0,0,0,0,122,0,0,0,0,0,0,0,0,0,0,0,0,122,0,0,0,0,0,0,0,0,0,0,0,0,0,0,0,0,0,
-0,0,0,0,0,0,0,0,0,0,0,0,0,0,0,0,0,0,0,0,0,0,0,0,0,0,0,0,0,0,0,0,0,0,0,0,0,0,0,0,0,0,0,0,0,0,167,0,0,0,0,198,199,119,0,0,0,0,0,0,0,0,0,0,0,0,122,0,0,0,0,0,0,0,0,0,0,0,0,0,0,0,0,0,
-0,0,0,0,0,0,0,0,0,0,0,0,0,0,0,0,0,0,0,0,0,0,0,0,0,0,0,0,0,0,0,0,0,0,0,0,0,0,0,0,0,0,0,0,0,0,0,0,0,0,0,0,0,0,0,0,0,0,0,0,0,0,0,0,0,0,122,0,0,0,0,0,0,0,0,0,0,0,0,0,0,0,0,0,
-0,0,0,0,0,0,0,0,0,0,0,0,0,0,0,0,0,0,0,0,0,0,0,0,0,0,0,0,0,0,0,0,0,0,0,0,0,0,0,0,0,0,0,0,0,0,0,0,0,0,0,0,0,0,110,243,243,110,0,0,0,0,0,0,0,0,119,0,0,0,0,0,0,0,0,0,0,0,0,0,0,0,0,0,
-0,0,0,0,0,0,0,0,0,0,0,0,0,0,0,0,0,0,0,0,0,0,0,0,0,0,0,0,0,0,0,0,0,0,0,0,0,0,0,0,0,0,0,0,0,0,0,0,0,0,0,0,0,0,0,0,0,0,0,0,0,0,0,0,0,0,111,0,0,0,0,0,0,0,0,0,0,0,0,0,0,0,0,0,
-0,0,0,0,0,0,0,0,0,0,0,110,0,0,0,0,0,0,0,0,0,0,0,0,0,0,0,0,0,0,0,0,110,0,0,0,0,0,0,0,0,0,0,0,0,0,0,0,0,0,0,0,0,0,0,0,0,0,0,0,0,0,0,0,0,0,0,0,0,0,0,0,0,0,0,0,0,0,0,0,0,0,0,0,
-0,0,0,0,0,0,0,0,0,0,0,0,0,0,0,0,0,0,0,0,0,0,0,0,0,0,0,0,0,0,0,0,0,0,0,0,0,0,0,0,0,0,0,0,0,0,0,0,0,0,0,0,0,0,0,0,0,0,0,0,0,0,0,0,0,0,0,0,0,0,0,0,0,0,0,0,0,0,0,0,0,0,0,0,
-0,0,0,0,0,0,0,0,0,0,0,0,0,0,0,0,0,0,0,0,0,0,0,0,0,0,0,0,0,0,0,0,0,0,0,0,0,0,0,0,0,0,0,0,0,0,0,0,0,0,0,0,0,0,0,0,0,0,0,0,0,0,0,0,0,0,0,0,0,111,0,0,0,0,0,0,0,0,0,0,0,0,0,0,
-0,0,0,0,0,0,0,0,0,0,0,0,0,0,0,0,0,0,0,0,0,0,0,0,0,0,0,0,0,0,0,0,0,0,0,0,0,0,0,0,0,0,0,0,0,0,0,0,0,0,0,0,0,0,0,0,0,0,0,0,0,0,0,0,0,0,0,0,0,0,0,0,0,0,0,0,0,0,0,0,0,0,0,0,
-0,0,0,0,0,0,0,0,0,0,0,0,0,0,0,0,0,0,0,0,0,0,0,0,0,0,0,0,0,0,0,0,0,0,0,0,0,0,0,0,0,0,0,0,0,0,0,0,0,0,0,0,0,0,0,0,0,0,0,0,0,0,0,0,0,0,0,0,0,0,0,0,0,0,0,0,0,0,0,0,0,0,0,0,
-0,0,0,0,0,0,0,0,0,0,0,110,0,0,0,0,110,0,0,0,0,0,0,0,0,0,0,110,0,0,0,0,110,0,0,0,0,0,0,0,0,0,0,0,0,0,0,0,0,0,0,0,0,0,0,0,0,0,0,0,0,0,0,0,0,0,0,0,0,0,0,0,0,0,0,0,0,0,0,0,0,0,0,0,
+0,0,0,0,0,0,0,0,0,0,0,0,0,0,0,0,0,0,0,0,0,0,0,0,0,0,0,0,0,0,0,0,0,0,0,0,0,0,0,0,0,0,77,115,103,73,0,0,0,0,0,0,0,0,0,0,0,0,0,0,0,0,0,0,0,0,0,0,0,0,0,0,0,0,0,0,0,0,0,0,0,0,0,0,
+0,0,0,0,0,0,0,0,0,0,0,0,0,0,0,0,0,0,0,0,0,0,0,0,0,0,0,0,0,0,0,0,0,0,0,0,0,0,0,0,0,0,96,0,0,151,0,0,0,0,0,0,0,0,0,0,0,0,0,0,0,0,0,0,0,0,0,0,0,0,0,0,0,0,0,0,0,0,0,0,0,0,0,0,
+0,0,0,0,0,0,0,0,0,0,0,0,0,0,0,0,0,0,0,0,0,0,0,0,0,0,0,0,0,0,0,0,0,0,0,0,0,0,0,0,0,0,108,0,0,0,0,0,0,0,0,0,0,0,0,0,0,0,0,0,0,0,0,0,0,0,0,0,0,111,0,0,0,0,0,0,0,0,0,0,0,0,0,0,
+0,0,0,0,0,0,0,0,0,0,0,0,0,0,0,0,0,0,0,0,0,0,0,0,0,0,0,0,0,0,0,0,0,0,0,0,0,0,0,0,0,0,102,136,0,0,0,0,0,0,0,0,0,0,0,0,0,0,0,0,0,0,0,0,0,0,0,0,0,0,0,0,0,0,0,0,0,0,0,0,0,0,0,0,
+0,0,0,0,0,0,0,0,0,0,0,110,0,0,0,0,0,0,0,0,0,0,0,0,0,0,0,0,0,0,0,0,0,0,0,0,0,0,0,0,0,0,68,132,0,0,0,0,0,0,0,0,0,0,0,0,0,0,0,0,0,0,0,0,0,0,0,0,0,0,0,0,0,0,0,0,0,0,0,0,0,0,0,0,
+0,0,0,0,0,0,0,0,0,0,0,0,0,0,0,0,0,0,0,0,0,0,0,0,0,0,0,0,0,0,0,0,0,0,0,0,0,0,0,0,0,0,100,128,0,0,0,0,0,0,0,0,0,0,0,0,0,0,0,0,0,0,0,0,0,0,111,0,0,0,0,0,0,0,0,0,0,0,0,0,0,0,0,0,
+0,0,0,0,0,0,0,0,0,0,0,0,0,0,0,0,0,0,0,0,0,0,0,0,0,0,0,0,0,0,0,0,0,0,0,0,0,0,0,0,0,0,64,0,0,0,0,0,0,0,0,0,0,0,0,0,0,0,0,0,0,0,0,0,0,0,121,0,0,0,0,0,0,0,0,0,0,0,0,0,0,0,0,0,
+0,0,0,0,0,0,0,0,0,0,0,0,0,0,0,0,0,0,0,0,0,0,0,0,0,0,0,0,0,0,0,0,0,0,0,0,0,0,0,0,0,0,104,0,0,0,0,0,0,0,0,0,0,0,120,123,123,118,0,0,0,0,0,0,0,0,122,0,0,0,0,0,0,0,0,0,0,0,0,0,0,0,0,0,
+0,0,0,0,0,0,0,0,0,0,0,0,0,0,0,0,0,0,0,0,0,0,0,0,0,0,0,0,0,0,0,0,0,0,0,0,0,0,0,0,0,0,106,0,0,0,151,0,0,0,0,198,199,121,0,0,0,0,0,0,0,0,0,0,0,0,122,0,0,0,0,0,0,0,0,0,0,0,0,0,0,0,0,0,
+0,0,0,0,0,0,0,0,0,0,0,0,0,0,0,0,0,0,0,0,0,91,88,0,0,0,0,0,0,0,0,0,0,0,0,0,0,0,0,0,0,0,64,0,0,0,0,0,0,0,0,0,0,122,0,0,0,0,0,0,0,0,0,0,0,0,122,0,0,0,0,0,0,0,0,0,0,0,0,0,0,0,0,0,
+0,0,0,0,0,0,0,0,0,0,0,0,0,0,0,0,0,0,0,0,0,90,73,0,0,0,0,0,0,0,0,0,0,0,0,0,0,0,0,0,0,0,64,0,0,0,0,0,0,0,0,0,0,122,0,0,0,0,0,0,0,0,0,0,0,0,122,0,0,0,0,0,0,0,0,0,0,0,0,0,0,0,0,0,
+0,0,0,0,0,0,0,0,0,0,0,0,0,0,0,0,0,0,0,0,0,0,0,0,0,0,0,0,0,0,0,0,0,0,0,0,0,0,0,0,0,0,106,0,0,0,167,0,0,0,0,198,199,119,0,0,0,0,0,0,0,0,0,0,0,0,122,0,0,0,0,0,0,0,0,0,0,0,0,0,0,0,0,0,
+0,0,0,0,0,0,0,0,0,0,0,0,0,0,0,0,0,0,0,0,0,0,0,0,0,0,0,0,0,0,0,0,0,0,0,0,0,0,0,0,0,0,64,0,0,0,0,0,0,0,0,0,0,0,0,0,0,0,0,0,0,0,0,0,0,0,122,0,0,0,0,0,0,0,0,0,0,0,0,0,0,0,0,0,
+0,0,0,0,0,0,0,0,0,0,0,0,0,0,0,0,0,0,0,0,0,0,0,0,0,0,0,0,0,0,0,0,0,0,0,0,0,0,0,0,0,0,102,0,0,0,0,0,0,0,0,0,0,0,110,243,243,110,0,0,0,0,0,0,0,0,119,0,0,0,0,0,0,0,0,0,0,0,0,0,0,0,0,0,
+0,0,0,0,0,0,0,0,0,0,0,0,0,0,0,0,0,0,0,0,0,0,0,0,0,0,0,0,0,0,0,0,0,0,0,0,0,0,0,0,0,0,68,0,0,0,0,0,0,0,0,0,0,0,0,0,0,0,0,0,0,0,0,0,0,0,111,0,0,0,0,0,0,0,0,0,0,0,0,0,0,0,0,0,
+0,0,0,0,0,0,0,0,0,0,0,110,0,0,0,0,0,0,0,0,0,0,0,0,0,0,0,0,0,0,0,0,110,0,0,0,0,0,0,0,0,0,96,0,0,0,0,0,0,0,0,0,0,0,0,0,0,0,0,0,0,0,0,0,0,0,0,0,0,0,0,0,0,0,0,0,0,0,0,0,0,0,0,0,
+0,0,0,0,0,0,0,0,0,0,0,0,0,0,0,0,0,0,0,0,0,0,0,0,0,0,0,0,0,0,0,0,0,0,0,0,0,0,0,0,0,0,98,0,0,0,0,0,0,0,0,0,0,0,0,0,0,0,0,0,0,0,0,0,0,0,0,0,0,0,0,0,0,0,0,0,0,0,0,0,0,0,0,0,
+0,0,0,0,0,0,0,0,0,0,0,0,0,0,0,0,0,0,0,0,0,0,0,0,0,0,0,0,0,0,0,0,0,0,0,0,0,0,0,0,0,0,64,0,0,0,0,0,0,0,0,0,0,0,0,0,0,0,0,0,0,0,0,0,0,0,0,0,0,111,0,0,0,0,0,0,0,0,0,0,0,0,0,0,
+0,0,0,0,0,0,0,0,0,0,0,0,0,0,0,0,0,0,0,0,0,0,0,0,0,0,0,0,0,0,0,0,0,0,0,0,0,0,0,0,0,0,102,0,0,0,0,0,0,0,0,0,0,0,0,0,0,0,0,0,0,0,0,0,0,0,0,0,0,0,0,0,0,0,0,0,0,0,0,0,0,0,0,0,
+0,0,0,0,0,0,0,0,0,0,0,0,0,0,0,0,0,0,0,0,0,0,0,0,0,0,0,0,0,0,0,0,0,0,0,0,0,0,0,0,0,0,68,0,0,0,0,0,0,0,0,0,0,0,0,0,0,0,0,0,0,0,0,0,0,0,0,0,0,0,0,0,0,0,0,0,0,0,0,0,0,0,0,0,
+0,0,0,0,0,0,0,0,0,0,0,110,0,0,0,0,110,0,0,0,0,0,0,0,0,0,0,110,0,0,0,0,110,0,0,0,0,0,0,0,0,0,73,0,0,0,0,0,0,0,0,0,0,0,0,0,0,0,0,0,0,0,0,0,0,0,0,0,0,0,0,0,0,0,0,0,0,0,0,0,0,0,0,0,
 0,0,0,0,0,0,0,0,0,0,0,0,0,0,0,0,0,0,0,0,0,0,0,0,0,0,0,0,0,0,0,0,0,0,0,0,0,0,0,0,0,0,121,0,0,0,0,0,0,0,0,0,0,0,0,0,0,121,0,0,0,0,0,0,0,0,0,0,0,0,0,0,0,0,0,0,0,0,0,0,0,0,0,0,
 0,0,0,0,0,0,0,0,0,0,0,0,0,0,0,0,0,0,0,0,0,0,0,0,0,0,0,0,0,0,0,0,0,0,0,0,0,0,0,0,0,0,122,0,0,0,0,0,0,0,0,0,0,0,0,0,0,122,0,0,0,0,0,0,0,0,0,0,0,0,0,0,0,0,0,0,0,0,0,0,0,0,0,0,
 0,0,0,0,0,0,0,0,0,0,0,0,0,0,0,0,0,0,0,0,0,0,0,0,0,0,0,0,0,0,0,0,0,0,0,0,0,0,0,0,0,0,126,123,118,131,0,0,0,0,0,0,0,0,131,120,123,125,0,0,0,0,0,0,0,0,0,0,0,0,0,0,0,0,0,0,0,0,0,0,0,0,0,0,
@@ -226,7 +226,7 @@
 0,0,0,0,0,0,0,0,0,0,0,0,0,0,0,0,0,0,0,0,0,0,0,0,0,0,0,0,0,0,0,0,0,0,0,0,0,0,0,0,0,0,0,0,0,0,0,0,0,0,0,0,0,0,0,0,0,0,0,0,0,0,0,0,0,0,0,0,0,0,0,0,0,0,0,0,0,0,0,0,0,0,0,0
 </data>
  </layer>
- <layer name="collision" width="84" height="92">
+ <layer id="3" name="collision" width="84" height="92">
   <data encoding="csv">
 3,3,3,3,3,3,3,3,3,3,3,3,3,3,3,3,3,3,3,3,3,3,3,3,4,4,4,4,4,4,4,4,4,4,4,4,4,4,4,4,4,4,4,4,4,4,4,4,4,4,4,4,4,4,4,4,4,4,4,4,4,4,4,4,4,4,4,4,4,4,4,4,4,4,4,4,4,4,4,4,4,4,4,4,
 3,1,1,1,1,1,1,1,1,1,1,1,1,1,1,1,1,1,1,1,1,1,1,3,4,4,4,4,4,4,4,4,4,4,4,4,4,4,4,4,4,4,4,4,4,4,4,4,4,4,4,4,4,4,4,4,4,4,4,4,4,4,4,4,4,4,4,4,4,4,4,4,4,4,4,4,4,4,4,4,4,4,4,4,
@@ -272,27 +272,27 @@
 4,4,4,4,4,4,4,4,4,2,2,2,2,2,2,2,2,2,2,4,4,4,4,4,4,2,2,2,2,2,2,2,2,2,2,4,4,4,4,4,4,2,0,4,0,0,0,0,0,0,0,0,0,0,0,0,0,0,2,4,4,4,4,4,4,4,4,4,4,4,4,4,4,4,4,4,4,4,4,4,4,4,4,4,
 4,4,4,4,4,4,4,4,4,2,0,0,0,0,0,0,0,0,2,4,4,4,4,4,4,2,0,0,0,0,0,0,0,0,2,4,4,4,4,4,4,2,0,3,0,0,0,0,0,0,0,0,0,0,0,0,0,0,2,4,4,4,4,4,4,4,4,4,4,4,4,4,4,4,4,4,4,4,4,4,4,4,4,4,
 4,4,4,4,4,4,4,4,4,2,0,1,0,0,0,0,0,0,2,4,4,4,4,4,4,2,0,1,0,0,0,0,1,0,2,4,4,4,4,4,4,2,2,2,2,2,2,0,0,0,0,0,0,0,0,0,0,0,2,4,4,4,4,4,4,4,4,4,4,4,4,4,4,4,4,4,4,4,4,4,4,4,4,4,
-4,4,4,4,4,4,4,4,4,2,0,0,0,0,0,0,0,0,2,4,4,4,4,4,4,2,0,0,0,0,0,0,0,0,2,4,4,4,4,4,4,2,0,0,0,0,2,2,2,2,2,2,2,2,0,0,0,0,2,4,4,4,4,4,4,4,4,4,4,4,4,4,4,4,4,4,4,4,4,4,4,4,4,4,
-4,4,4,4,4,4,4,4,4,2,0,0,0,0,0,0,0,0,2,4,4,4,4,4,4,2,0,0,0,0,0,0,0,0,2,4,4,4,4,4,4,2,0,0,0,0,2,4,4,4,4,4,4,2,0,0,0,0,2,2,2,2,2,2,2,2,2,2,2,2,2,4,4,4,4,4,4,4,4,4,4,4,4,4,
-4,4,4,4,4,4,4,4,4,2,0,0,0,0,0,0,0,0,2,4,4,4,4,4,4,2,0,0,0,0,0,0,0,0,2,4,4,4,4,4,4,2,0,0,0,0,2,4,4,4,4,4,4,2,0,0,0,0,0,0,0,0,0,0,0,0,0,0,0,1,2,4,4,4,4,4,4,4,4,4,4,4,4,4,
-4,4,4,4,4,4,4,4,4,2,0,0,0,0,0,0,0,0,2,4,4,4,4,4,4,2,0,0,0,0,0,0,0,0,2,4,4,4,4,4,4,2,0,0,0,0,2,4,4,4,4,4,4,2,0,0,0,0,0,0,0,0,0,0,0,0,0,0,0,0,2,4,4,4,4,4,4,4,4,4,4,4,4,4,
-4,4,4,4,4,4,4,4,4,2,0,1,0,0,0,0,0,0,2,4,4,4,4,4,4,2,0,0,0,0,0,0,0,0,2,4,4,4,4,4,4,2,0,0,0,0,2,4,4,4,4,4,4,2,0,0,0,0,0,0,0,0,0,0,0,0,0,0,0,0,2,4,4,4,4,4,4,4,4,4,4,4,4,4,
-4,4,4,4,4,4,4,4,4,2,0,0,0,0,0,0,0,0,2,4,4,4,4,4,4,2,0,0,0,0,0,0,0,0,2,4,4,4,4,4,4,2,0,0,0,0,2,4,4,4,4,4,4,2,0,0,0,0,0,0,0,0,0,0,0,0,1,0,0,0,2,4,4,4,4,4,4,4,4,4,4,4,4,4,
-4,4,4,4,4,4,4,4,4,2,2,2,2,2,2,2,2,2,2,4,4,4,4,4,4,2,2,2,2,2,2,2,2,2,2,4,4,4,4,4,4,2,0,0,0,0,2,4,4,4,4,4,4,2,0,0,0,0,2,2,2,2,2,2,2,2,2,0,0,0,2,4,4,4,4,4,4,4,4,4,4,4,4,4,
-4,4,4,4,4,4,4,4,4,4,4,4,4,4,4,4,4,4,4,2,2,2,2,2,2,4,4,4,4,4,4,4,4,4,4,4,4,4,4,4,4,2,0,0,0,0,2,2,2,2,2,2,2,2,2,2,2,2,2,4,4,4,4,4,4,2,2,0,0,0,2,4,4,4,4,4,4,4,4,4,4,4,4,4,
-4,4,4,4,4,4,4,4,4,4,4,4,4,4,4,4,4,4,4,2,0,0,0,0,2,4,4,4,4,4,4,4,4,4,4,4,4,4,4,4,4,2,0,0,0,0,4,0,0,0,0,4,4,2,0,0,0,0,2,4,4,4,4,4,4,2,2,0,0,0,2,4,4,4,4,4,4,4,4,4,4,4,4,4,
-4,4,4,4,4,4,4,4,4,4,4,4,4,4,4,4,4,4,4,2,0,1,1,0,2,4,4,4,4,4,4,4,4,4,4,4,4,4,4,4,4,2,0,0,0,0,0,0,0,0,0,0,0,2,0,0,0,0,2,4,4,4,4,4,4,2,2,0,0,0,2,4,4,4,4,4,4,4,4,4,4,4,4,4,
-4,4,4,4,4,4,4,4,4,4,4,4,4,4,4,4,4,4,4,2,0,1,1,0,2,4,4,4,4,4,4,4,4,4,4,4,4,4,4,4,4,2,0,0,0,0,0,0,0,0,0,0,0,2,0,0,0,0,2,4,4,4,4,4,4,2,2,0,0,0,2,4,4,4,4,4,4,4,4,4,4,4,4,4,
-4,4,4,4,4,4,4,4,4,4,4,4,4,4,4,4,4,4,4,2,0,0,0,0,2,4,4,4,4,4,4,4,4,4,4,4,4,4,4,4,4,2,0,0,0,0,4,0,0,0,0,4,4,2,0,0,0,0,2,4,4,4,4,4,4,2,2,0,0,0,2,4,4,4,4,4,4,4,4,4,4,4,4,4,
-4,4,4,4,4,4,4,4,4,4,4,4,4,4,4,4,4,4,4,2,2,2,2,2,2,4,4,4,4,4,4,4,4,4,4,4,4,4,4,4,4,2,0,0,0,0,2,2,2,2,2,2,2,2,0,0,0,0,2,4,4,4,4,4,4,2,2,0,0,0,2,4,4,4,4,4,4,4,4,4,4,4,4,4,
-4,4,4,4,4,4,4,4,4,2,2,2,2,2,2,2,2,2,2,4,4,4,4,4,4,2,2,2,2,2,2,2,2,2,2,4,4,4,4,4,4,2,0,0,0,0,2,4,4,4,4,4,4,2,1,1,1,1,2,2,2,2,2,2,2,2,2,0,0,0,2,4,4,4,4,4,4,4,4,4,4,4,4,4,
-4,4,4,4,4,4,4,4,4,2,0,0,0,0,0,0,0,0,2,4,4,4,4,4,4,2,0,0,0,0,0,0,0,0,2,4,4,4,4,4,4,2,0,0,0,0,2,4,4,4,4,4,4,2,0,0,0,0,0,0,0,0,0,0,0,0,1,0,0,0,2,4,4,4,4,4,4,4,4,4,4,4,4,4,
-4,4,4,4,4,4,4,4,4,2,0,1,0,0,0,0,0,0,2,4,4,4,4,4,4,2,0,0,0,0,0,0,1,0,2,4,4,4,4,4,4,2,0,0,0,0,2,4,4,4,4,4,4,2,0,0,0,0,0,0,0,0,0,0,0,0,0,0,0,0,2,4,4,4,4,4,4,4,4,4,4,4,4,4,
-4,4,4,4,4,4,4,4,4,2,0,0,0,0,0,0,0,0,2,4,4,4,4,4,4,2,0,0,0,0,0,0,0,0,2,4,4,4,4,4,4,2,0,0,0,0,2,4,4,4,4,4,4,2,0,0,0,0,0,0,0,0,0,0,0,0,0,0,0,0,2,4,4,4,4,4,4,4,4,4,4,4,4,4,
-4,4,4,4,4,4,4,4,4,2,0,0,0,0,0,0,0,0,2,4,4,4,4,4,4,2,0,0,0,0,0,0,0,0,2,4,4,4,4,4,4,2,0,0,0,0,2,4,4,4,4,4,4,2,0,0,0,0,0,0,0,0,0,0,0,0,0,0,0,1,2,4,4,4,4,4,4,4,4,4,4,4,4,4,
-4,4,4,4,4,4,4,4,4,2,0,0,0,0,0,0,0,0,2,4,4,4,4,4,4,2,0,0,0,0,0,0,0,0,2,4,4,4,4,4,4,2,0,0,0,0,2,4,4,4,4,4,4,2,0,0,0,0,2,2,2,2,2,2,2,2,2,2,2,2,2,4,4,4,4,4,4,4,4,4,4,4,4,4,
-4,4,4,4,4,4,4,4,4,2,0,0,0,0,0,0,0,0,2,4,4,4,4,4,4,2,0,0,0,0,0,0,0,0,2,4,4,4,4,4,4,2,0,0,0,0,2,2,2,2,2,2,2,2,0,0,0,0,2,4,4,4,4,4,4,4,4,4,4,4,4,4,4,4,4,4,4,4,4,4,4,4,4,4,
-4,4,4,4,4,4,4,4,4,2,0,1,0,0,0,0,1,0,2,4,4,4,4,4,4,2,0,1,0,0,0,0,1,0,2,4,4,4,4,4,4,2,0,0,0,0,0,0,0,0,0,0,0,0,0,0,0,0,2,4,4,4,4,4,4,4,4,4,4,4,4,4,4,4,4,4,4,4,4,4,4,4,4,4,
+4,4,4,4,4,4,4,4,4,2,0,0,0,0,0,0,0,0,2,4,4,4,4,4,4,2,0,0,0,0,0,0,0,0,2,4,4,4,4,4,4,2,1,1,1,1,2,2,2,2,2,2,2,2,0,0,0,0,2,4,4,4,4,4,4,4,4,4,4,4,4,4,4,4,4,4,4,4,4,4,4,4,4,4,
+4,4,4,4,4,4,4,4,4,2,0,0,0,0,0,0,0,0,2,4,4,4,4,4,4,2,0,0,0,0,0,0,0,0,2,4,4,4,4,4,4,2,1,0,0,4,2,4,4,4,4,4,4,2,0,0,0,0,2,2,2,2,2,2,2,2,2,2,2,2,2,4,4,4,4,4,4,4,4,4,4,4,4,4,
+4,4,4,4,4,4,4,4,4,2,0,0,0,0,0,0,0,0,2,4,4,4,4,4,4,2,0,0,0,0,0,0,0,0,2,4,4,4,4,4,4,2,1,0,0,0,2,4,4,4,4,4,4,2,0,0,0,0,0,0,0,0,0,0,0,0,0,0,0,1,2,4,4,4,4,4,4,4,4,4,4,4,4,4,
+4,4,4,4,4,4,4,4,4,2,0,0,0,0,0,0,0,0,2,4,4,4,4,4,4,2,0,0,0,0,0,0,0,0,2,4,4,4,4,4,4,2,1,4,0,0,2,4,4,4,4,4,4,2,0,0,0,0,0,0,0,0,0,0,0,0,0,0,0,0,2,4,4,4,4,4,4,4,4,4,4,4,4,4,
+4,4,4,4,4,4,4,4,4,2,0,1,0,0,0,0,0,0,2,4,4,4,4,4,4,2,0,0,0,0,0,0,0,0,2,4,4,4,4,4,4,2,1,4,0,0,2,4,4,4,4,4,4,2,0,0,0,0,0,0,0,0,0,0,0,0,0,0,0,0,2,4,4,4,4,4,4,4,4,4,4,4,4,4,
+4,4,4,4,4,4,4,4,4,2,0,0,0,0,0,0,0,0,2,4,4,4,4,4,4,2,0,0,0,0,0,0,0,0,2,4,4,4,4,4,4,2,1,3,0,0,2,4,4,4,4,4,4,2,0,0,0,0,0,0,0,0,0,0,0,0,1,0,0,0,2,4,4,4,4,4,4,4,4,4,4,4,4,4,
+4,4,4,4,4,4,4,4,4,2,2,2,2,2,2,2,2,2,2,4,4,4,4,4,4,2,2,2,2,2,2,2,2,2,2,4,4,4,4,4,4,2,1,0,0,0,2,4,4,4,4,4,4,2,0,0,0,0,2,2,2,2,2,2,2,2,2,0,0,0,2,4,4,4,4,4,4,4,4,4,4,4,4,4,
+4,4,4,4,4,4,4,4,4,4,4,4,4,4,4,4,4,4,4,2,2,2,2,2,2,4,4,4,4,4,4,4,4,4,4,4,4,4,4,4,4,2,1,0,0,0,2,2,2,2,2,2,2,2,2,2,2,2,2,4,4,4,4,4,4,2,2,0,0,0,2,4,4,4,4,4,4,4,4,4,4,4,4,4,
+4,4,4,4,4,4,4,4,4,4,4,4,4,4,4,4,4,4,4,2,0,0,0,0,2,4,4,4,4,4,4,4,4,4,4,4,4,4,4,4,4,2,1,0,0,0,4,0,0,0,0,4,4,2,0,0,0,0,2,4,4,4,4,4,4,2,2,0,0,0,2,4,4,4,4,4,4,4,4,4,4,4,4,4,
+4,4,4,4,4,4,4,4,4,4,4,4,4,4,4,4,4,4,4,2,0,1,1,0,2,4,4,4,4,4,4,4,4,4,4,4,4,4,4,4,4,2,1,0,0,0,0,0,0,0,0,0,0,2,0,0,0,0,2,4,4,4,4,4,4,2,2,0,0,0,2,4,4,4,4,4,4,4,4,4,4,4,4,4,
+4,4,4,4,4,4,4,4,4,4,4,4,4,4,4,4,4,4,4,2,0,1,1,0,2,4,4,4,4,4,4,4,4,4,4,4,4,4,4,4,4,2,1,0,0,0,0,0,0,0,0,0,0,2,0,0,0,0,2,4,4,4,4,4,4,2,2,0,0,0,2,4,4,4,4,4,4,4,4,4,4,4,4,4,
+4,4,4,4,4,4,4,4,4,4,4,4,4,4,4,4,4,4,4,2,0,0,0,0,2,4,4,4,4,4,4,4,4,4,4,4,4,4,4,4,4,2,1,0,0,0,4,0,0,0,0,4,4,2,0,0,0,0,2,4,4,4,4,4,4,2,2,0,0,0,2,4,4,4,4,4,4,4,4,4,4,4,4,4,
+4,4,4,4,4,4,4,4,4,4,4,4,4,4,4,4,4,4,4,2,2,2,2,2,2,4,4,4,4,4,4,4,4,4,4,4,4,4,4,4,4,2,1,0,0,0,2,2,2,2,2,2,2,2,0,0,0,0,2,4,4,4,4,4,4,2,2,0,0,0,2,4,4,4,4,4,4,4,4,4,4,4,4,4,
+4,4,4,4,4,4,4,4,4,2,2,2,2,2,2,2,2,2,2,4,4,4,4,4,4,2,2,2,2,2,2,2,2,2,2,4,4,4,4,4,4,2,1,0,0,0,2,4,4,4,4,4,4,2,1,1,1,1,2,2,2,2,2,2,2,2,2,0,0,0,2,4,4,4,4,4,4,4,4,4,4,4,4,4,
+4,4,4,4,4,4,4,4,4,2,0,0,0,0,0,0,0,0,2,4,4,4,4,4,4,2,0,0,0,0,0,0,0,0,2,4,4,4,4,4,4,2,1,0,0,0,2,4,4,4,4,4,4,2,0,0,0,0,0,0,0,0,0,0,0,0,1,0,0,0,2,4,4,4,4,4,4,4,4,4,4,4,4,4,
+4,4,4,4,4,4,4,4,4,2,0,1,0,0,0,0,0,0,2,4,4,4,4,4,4,2,0,0,0,0,0,0,1,0,2,4,4,4,4,4,4,2,1,0,0,0,2,4,4,4,4,4,4,2,0,0,0,0,0,0,0,0,0,0,0,0,0,0,0,0,2,4,4,4,4,4,4,4,4,4,4,4,4,4,
+4,4,4,4,4,4,4,4,4,2,0,0,0,0,0,0,0,0,2,4,4,4,4,4,4,2,0,0,0,0,0,0,0,0,2,4,4,4,4,4,4,2,1,0,0,0,2,4,4,4,4,4,4,2,0,0,0,0,0,0,0,0,0,0,0,0,0,0,0,0,2,4,4,4,4,4,4,4,4,4,4,4,4,4,
+4,4,4,4,4,4,4,4,4,2,0,0,0,0,0,0,0,0,2,4,4,4,4,4,4,2,0,0,0,0,0,0,0,0,2,4,4,4,4,4,4,2,1,0,0,0,2,4,4,4,4,4,4,2,0,0,0,0,0,0,0,0,0,0,0,0,0,0,0,1,2,4,4,4,4,4,4,4,4,4,4,4,4,4,
+4,4,4,4,4,4,4,4,4,2,0,0,0,0,0,0,0,0,2,4,4,4,4,4,4,2,0,0,0,0,0,0,0,0,2,4,4,4,4,4,4,2,1,0,0,0,2,4,4,4,4,4,4,2,0,0,0,0,2,2,2,2,2,2,2,2,2,2,2,2,2,4,4,4,4,4,4,4,4,4,4,4,4,4,
+4,4,4,4,4,4,4,4,4,2,0,0,0,0,0,0,0,0,2,4,4,4,4,4,4,2,0,0,0,0,0,0,0,0,2,4,4,4,4,4,4,2,1,0,0,0,2,2,2,2,2,2,2,2,0,0,0,0,2,4,4,4,4,4,4,4,4,4,4,4,4,4,4,4,4,4,4,4,4,4,4,4,4,4,
+4,4,4,4,4,4,4,4,4,2,0,1,0,0,0,0,1,0,2,4,4,4,4,4,4,2,0,1,0,0,0,0,1,0,2,4,4,4,4,4,4,2,1,0,0,0,0,0,0,0,0,0,0,0,0,0,0,0,2,4,4,4,4,4,4,4,4,4,4,4,4,4,4,4,4,4,4,4,4,4,4,4,4,4,
 4,4,4,4,4,4,4,4,4,2,0,0,0,0,0,0,0,0,2,4,4,4,4,4,4,2,0,0,0,0,0,0,0,0,2,4,4,4,4,4,4,2,2,0,0,0,0,0,0,0,0,0,0,0,0,0,0,2,2,4,4,4,4,4,4,4,4,4,4,4,4,4,4,4,4,4,4,4,4,4,4,4,4,4,
 4,4,4,4,4,4,4,4,4,2,2,2,2,2,2,2,2,2,2,4,4,4,4,4,4,2,2,2,2,2,2,2,2,2,2,4,4,4,4,4,4,2,2,0,0,0,0,0,0,0,0,0,0,0,0,0,0,2,2,4,4,4,4,4,4,4,4,4,4,4,4,4,4,4,4,4,4,4,4,4,4,4,4,4,
 4,4,4,4,4,4,4,4,4,4,4,4,4,4,4,4,4,4,4,4,4,4,4,4,4,4,4,4,4,4,4,4,4,4,4,4,4,4,4,4,4,2,2,2,2,3,0,0,0,0,0,0,0,0,3,2,2,2,2,4,4,4,4,4,4,4,4,4,4,4,4,4,4,4,4,4,4,4,4,4,4,4,4,4,
@@ -322,7 +322,7 @@
 4,4,4,4,4,4,4,4,4,4,4,4,4,4,4,4,4,4,4,4,4,4,4,4,4,4,4,4,4,4,4,4,4,4,4,4,4,4,4,4,4,4,4,4,4,4,4,4,4,4,4,4,4,4,4,4,4,4,4,4,4,4,4,3,3,3,3,3,3,3,3,3,3,3,3,3,3,3,3,3,3,3,3,3
 </data>
  </layer>
- <objectgroup name="event">
+ <objectgroup id="4" name="event">
   <object id="1" type="event" x="352" y="896" width="64" height="32">
    <properties>
     <property name="intramap" value="13,44"/>
@@ -658,7 +658,7 @@
    </properties>
   </object>
  </objectgroup>
- <objectgroup name="enemy">
+ <objectgroup id="5" name="enemy">
   <object id="43" name="Metzger (respawn)" type="enemy" x="1536" y="1696" width="32" height="32">
    <properties>
     <property name="category" value="metzger"/>
@@ -715,7 +715,7 @@
     <property name="wander_radius" value="1"/>
    </properties>
   </object>
-  <object id="49" type="enemy" x="1344" y="2016" width="32" height="32">
+  <object id="49" type="enemy" x="1376" y="2016" width="32" height="32">
    <properties>
     <property name="category" value="skeleton_mage"/>
     <property name="direction" value="3"/>
@@ -801,7 +801,7 @@
    </properties>
   </object>
  </objectgroup>
- <objectgroup name="npc">
+ <objectgroup id="6" name="npc">
   <object id="42" type="npc" x="2176" y="2432" width="32" height="32">
    <properties>
     <property name="filename" value="npcs/glowing_obelisk_3.txt"/>
