diff --git a/mods/empyrean_campaign/enemies/map_powers/il_spike_trap_weak.txt b/mods/empyrean_campaign/enemies/map_powers/il_spike_trap_weak.txt
new file mode 100644
index 0000000000000000000000000000000000000000..79b91fe85625a3edada5280fcc9c1eacfa6f3bcc
--- /dev/null
+++ b/mods/empyrean_campaign/enemies/map_powers/il_spike_trap_weak.txt
@@ -0,0 +1,9 @@
+level=1
+
+stat=dmg_melee_min,15
+stat=dmg_melee_max,40
+
+# level-scaled stats
+stat_per_level=dmg_melee_min,20
+stat_per_level=dmg_melee_max,20
+
diff --git a/mods/empyrean_campaign/maps/iron_labyrinth/room13.txt b/mods/empyrean_campaign/maps/iron_labyrinth/room13.txt
new file mode 100644
index 0000000000000000000000000000000000000000..1347eb4e2af8d8f915749e8bbadacf5812e594fa
--- /dev/null
+++ b/mods/empyrean_campaign/maps/iron_labyrinth/room13.txt
@@ -0,0 +1,168 @@
+[header]
+width=28
+height=28
+tilewidth=192
+tileheight=96
+orientation=isometric
+background_color=0,0,0,255
+hero_pos=13,13
+procgen_type=normal
+tileset=tilesetdefs/tileset_ruins.txt
+
+[tilesets]
+tileset=../../../../tiled/tilesheets/tiled_collision.png,192,96,0,0
+tileset=../../../../tiled/tilesheets/tiled_set_rules.png,192,96,0,0
+tileset=../../../../tiled/tilesheets/ruins.png,192,384,0,0
+tileset=../../../../tiled/tilesheets/ruins_door_left.png,192,384,-48,-24
+tileset=../../../../tiled/tilesheets/ruins_door_right.png,192,384,48,-24
+tileset=../../../../tiled/tilesheets/ruins_2x2.png,384,192,0,48
+tileset=../../../../tiled/tilesheets/boss_chest.png,192,192,0,0
+
+[layer]
+type=background
+data=
+0,0,0,0,0,0,0,0,0,0,0,0,0,0,0,0,0,0,0,0,0,0,0,0,0,0,0,0,
+0,0,0,0,0,0,0,0,0,0,0,0,0,0,0,0,0,0,0,0,0,0,0,0,0,0,0,0,
+0,0,0,0,0,0,0,0,0,0,0,0,0,0,0,0,0,0,0,0,0,0,0,0,0,0,0,0,
+0,0,0,0,0,0,0,0,0,0,0,0,0,0,0,0,0,0,0,0,0,0,0,0,0,0,0,0,
+0,0,0,0,24,25,26,27,24,25,26,27,24,25,26,27,24,25,26,27,24,25,26,27,0,0,0,0,
+0,0,0,0,28,42,42,39,40,40,38,39,42,38,39,42,41,40,39,43,38,43,40,31,0,0,0,0,
+0,0,0,0,24,42,26,27,24,25,26,27,24,25,26,27,24,25,26,27,24,25,41,27,0,0,0,0,
+0,0,0,0,28,38,30,31,28,29,30,31,28,29,30,31,28,29,30,31,28,29,43,31,0,0,0,0,
+0,0,0,0,24,38,26,27,24,25,26,27,24,25,26,27,24,25,26,27,24,25,38,27,0,0,0,0,
+0,0,0,0,28,38,30,31,28,29,30,31,28,29,30,31,28,29,30,31,28,29,40,31,0,0,0,0,
+0,0,0,0,24,42,26,97,93,89,96,27,24,25,26,27,24,97,89,89,96,25,43,27,0,0,0,0,
+0,0,0,0,28,42,30,88,104,105,90,31,28,29,30,31,28,88,104,105,90,29,43,31,0,0,0,0,
+0,0,0,0,24,41,26,88,108,109,94,27,24,25,26,27,24,88,108,109,94,25,42,27,0,0,0,0,
+0,0,0,0,28,40,30,92,112,113,94,31,28,29,30,31,28,88,112,113,90,29,39,31,0,0,0,0,
+0,0,0,0,24,38,26,88,116,117,94,27,24,25,26,27,24,92,116,117,90,25,43,27,0,0,0,0,
+0,0,0,0,28,38,30,92,104,105,94,31,28,29,30,31,28,92,104,105,94,29,39,31,0,0,0,0,
+0,0,0,0,24,40,26,88,108,109,90,27,24,25,26,27,24,88,108,109,90,25,43,27,0,0,0,0,
+0,0,0,0,28,38,30,98,95,91,99,31,28,29,30,31,28,98,95,95,99,29,39,31,0,0,0,0,
+0,0,0,0,24,38,26,27,24,25,26,27,24,25,26,27,24,25,26,27,24,25,41,27,0,0,0,0,
+0,0,0,0,28,41,30,31,28,29,30,31,28,29,30,31,28,29,30,31,28,29,43,31,0,0,0,0,
+0,0,0,0,24,43,26,27,24,25,26,27,24,25,26,27,24,25,26,27,24,25,41,27,0,0,0,0,
+0,0,0,0,28,39,30,31,28,29,30,31,28,29,30,31,28,29,30,31,28,29,41,31,0,0,0,0,
+0,0,0,0,24,39,42,39,38,38,39,43,39,41,41,41,39,39,40,41,43,41,39,27,0,0,0,0,
+0,0,0,0,28,29,30,31,28,29,30,31,28,29,30,31,28,29,30,31,28,29,30,31,0,0,0,0,
+0,0,0,0,0,0,0,0,0,0,0,0,0,0,0,0,0,0,0,0,0,0,0,0,0,0,0,0,
+0,0,0,0,0,0,0,0,0,0,0,0,0,0,0,0,0,0,0,0,0,0,0,0,0,0,0,0,
+0,0,0,0,0,0,0,0,0,0,0,0,0,0,0,0,0,0,0,0,0,0,0,0,0,0,0,0,
+0,0,0,0,0,0,0,0,0,0,0,0,0,0,0,0,0,0,0,0,0,0,0,0,0,0,0,0
+
+[layer]
+type=background_fringe
+data=
+0,0,0,0,0,0,0,0,0,0,0,0,0,0,0,0,0,0,0,0,0,0,0,0,0,0,0,0,
+0,0,0,0,0,0,0,0,0,0,0,0,0,0,0,0,0,0,0,0,0,0,0,0,0,0,0,0,
+0,0,0,0,0,0,0,0,0,0,0,0,0,0,0,0,0,0,0,0,0,0,0,0,0,0,0,0,
+0,0,0,0,0,0,0,0,0,0,0,0,0,0,0,0,0,0,0,0,0,0,0,0,0,0,0,0,
+0,0,0,0,0,0,0,0,0,0,0,0,0,0,0,0,0,0,0,0,0,0,0,0,0,0,0,0,
+0,0,0,0,0,0,0,0,0,0,0,0,0,0,0,0,0,0,0,0,0,0,0,0,0,0,0,0,
+0,0,0,0,0,0,0,0,0,0,0,0,0,0,0,0,0,0,0,0,0,0,0,0,0,0,0,0,
+0,0,0,0,0,0,0,0,0,0,0,0,0,0,0,0,0,0,0,0,0,0,0,0,0,0,0,0,
+0,0,0,0,0,0,0,0,0,0,0,0,0,0,0,0,0,0,0,0,0,0,0,0,0,0,0,0,
+0,0,0,0,0,0,0,0,0,0,0,0,0,0,0,0,0,0,0,0,0,0,0,0,0,0,0,0,
+0,0,0,0,0,0,0,0,0,0,0,0,0,0,0,0,0,0,0,0,0,0,0,0,0,0,0,0,
+0,0,0,0,0,0,0,0,0,0,0,0,0,0,0,0,0,0,0,0,0,0,0,0,0,0,0,0,
+0,0,0,0,0,0,0,0,0,0,0,0,0,0,0,0,0,0,0,0,0,0,0,0,0,0,0,0,
+0,0,0,0,0,0,0,0,0,0,0,0,0,0,0,0,0,0,0,0,0,0,0,0,0,0,0,0,
+0,0,0,0,0,0,0,0,0,0,0,0,0,0,0,0,0,0,0,0,0,0,0,0,0,0,0,0,
+0,0,0,0,0,0,0,0,0,0,0,0,0,0,0,0,0,0,0,0,0,0,0,0,0,0,0,0,
+0,0,0,0,0,0,0,0,0,0,0,0,0,0,0,0,0,0,0,0,0,0,0,0,0,0,0,0,
+0,0,0,0,0,0,0,0,0,0,0,0,0,0,0,0,0,0,0,0,0,0,0,0,0,0,0,0,
+0,0,0,0,0,0,0,0,0,0,0,0,0,0,0,0,0,0,0,0,0,0,0,0,0,0,0,0,
+0,0,0,0,0,0,0,0,0,0,0,0,0,0,0,0,0,0,0,0,0,0,0,0,0,0,0,0,
+0,0,0,0,0,0,0,0,0,0,0,0,0,0,0,0,0,0,0,0,0,0,0,0,0,0,0,0,
+0,0,0,0,0,0,0,0,0,0,0,0,0,0,0,0,0,0,0,0,0,0,0,0,0,0,0,0,
+0,0,0,0,0,0,0,0,0,0,0,0,0,0,0,0,0,0,0,0,0,0,0,0,0,0,0,0,
+0,0,0,0,0,0,0,0,0,0,0,0,0,0,0,0,0,0,0,0,0,0,0,0,0,0,0,0,
+0,0,0,0,0,0,0,0,0,0,0,0,0,0,0,0,0,0,0,0,0,0,0,0,0,0,0,0,
+0,0,0,0,0,0,0,0,0,0,0,0,0,0,0,0,0,0,0,0,0,0,0,0,0,0,0,0,
+0,0,0,0,0,0,0,0,0,0,0,0,0,0,0,0,0,0,0,0,0,0,0,0,0,0,0,0,
+0,0,0,0,0,0,0,0,0,0,0,0,0,0,0,0,0,0,0,0,0,0,0,0,0,0,0,0
+
+[layer]
+type=object
+data=
+153,154,155,156,153,154,155,156,153,154,155,156,153,154,155,156,153,154,155,156,153,154,155,156,153,154,155,156,
+157,158,159,160,157,158,159,160,157,158,159,160,157,158,159,160,157,158,159,160,157,158,159,160,157,158,159,160,
+153,154,165,166,162,165,166,162,161,163,163,166,163,166,165,162,165,165,162,164,162,162,163,166,165,164,155,156,
+157,158,165,160,157,158,159,160,157,158,159,160,157,158,159,160,157,158,159,160,157,158,159,160,157,161,159,160,
+153,154,165,156,148,214,239,177,169,237,216,141,214,196,171,179,237,249,236,237,175,137,177,149,153,163,155,156,
+157,158,164,160,176,0,0,0,0,0,0,0,0,0,0,0,0,0,0,0,0,0,0,138,157,163,159,160,
+153,154,162,156,136,0,0,0,0,0,0,0,0,0,0,0,0,0,0,0,0,0,0,138,153,166,155,156,
+157,158,162,160,168,0,0,0,0,0,0,0,0,0,0,0,0,0,0,0,0,0,0,138,157,165,159,160,
+153,154,162,156,213,0,0,0,0,0,0,0,0,203,204,0,0,0,0,0,0,0,0,138,153,161,155,156,
+157,158,164,160,176,0,0,0,0,0,0,0,0,172,240,0,0,0,0,0,0,0,0,138,157,163,159,160,
+153,154,161,156,168,0,0,0,0,0,0,0,0,217,174,0,0,0,0,0,0,0,0,138,153,164,155,156,
+157,158,164,160,178,0,0,0,230,0,0,0,203,150,151,204,0,0,0,223,192,0,0,138,157,162,159,160,
+153,154,165,156,235,0,0,0,317,0,0,0,183,149,148,144,0,0,0,0,0,0,0,138,153,164,155,156,
+157,158,164,160,248,0,0,0,0,0,0,0,0,142,176,268,0,0,0,0,0,0,0,138,157,164,159,160,
+153,154,162,156,213,0,0,0,0,0,0,0,0,138,235,0,0,0,0,0,0,0,0,138,153,166,155,156,
+157,158,162,160,168,0,0,0,189,0,0,0,146,150,151,147,0,0,0,315,0,0,0,138,157,161,159,160,
+153,154,161,156,199,0,0,0,187,312,0,0,202,149,148,219,0,0,0,223,0,0,0,138,153,166,155,156,
+157,158,164,160,238,0,0,0,0,0,0,0,0,197,168,0,0,0,0,0,0,0,0,138,157,163,159,160,
+153,154,163,156,140,0,0,0,0,0,0,0,0,180,238,0,0,0,0,0,0,0,0,138,153,164,155,156,
+157,158,162,160,213,0,0,0,0,0,0,0,0,202,201,0,0,0,0,0,0,0,0,138,157,162,159,160,
+153,154,166,156,174,0,0,0,0,0,0,0,0,0,0,0,0,0,0,0,0,0,0,138,153,166,155,156,
+157,158,166,160,168,0,0,0,0,0,0,0,0,0,0,0,0,0,0,0,0,0,0,138,157,164,159,160,
+153,154,166,156,199,0,0,0,0,0,0,0,0,0,0,0,0,0,0,0,0,0,0,138,153,164,155,156,
+157,158,161,160,151,139,139,139,139,139,139,139,139,139,139,139,139,139,139,139,139,139,139,150,157,164,159,160,
+153,154,162,156,153,154,155,156,153,154,155,156,153,154,155,156,153,154,155,156,153,154,155,156,153,164,155,156,
+157,158,162,164,166,162,166,166,161,161,161,166,164,162,162,164,164,164,165,162,162,163,166,161,165,166,159,160,
+153,154,155,156,153,154,155,156,153,154,155,156,153,154,155,156,153,154,155,156,153,154,155,156,153,154,155,156,
+157,158,159,160,157,158,159,160,157,158,159,160,157,158,159,160,157,158,159,160,157,158,159,160,157,158,159,160
+
+[layer]
+type=collision
+data=
+3,3,3,3,3,3,3,3,3,3,3,3,3,3,3,3,3,3,3,3,3,3,3,3,3,3,3,3,
+3,3,3,3,3,3,3,3,3,3,3,3,3,3,3,3,3,3,3,3,3,3,3,3,3,3,3,3,
+3,3,3,3,3,3,3,3,3,3,3,3,3,3,3,3,3,3,3,3,3,3,3,3,3,3,3,3,
+3,3,3,3,3,3,3,3,3,3,3,3,3,3,3,3,3,3,3,3,3,3,3,3,3,3,3,3,
+3,3,3,3,1,1,1,1,1,1,1,1,1,1,1,1,1,1,1,1,1,1,1,1,3,3,3,3,
+3,3,3,3,1,0,0,0,0,0,0,0,0,0,0,0,0,0,0,0,0,0,0,1,3,3,3,3,
+3,3,3,3,1,0,0,0,0,0,0,0,0,0,0,0,0,0,0,0,0,0,0,1,3,3,3,3,
+3,3,3,3,1,0,0,0,0,0,0,0,0,0,0,0,0,0,0,0,0,0,0,1,3,3,3,3,
+3,3,3,3,1,0,0,0,0,0,0,0,0,1,1,0,0,0,0,0,0,0,0,1,3,3,3,3,
+3,3,3,3,1,0,0,0,0,0,0,0,0,1,1,0,0,0,0,0,0,0,0,1,3,3,3,3,
+3,3,3,3,1,0,0,0,0,0,0,0,0,1,1,0,0,0,0,0,0,0,0,1,3,3,3,3,
+3,3,3,3,1,0,0,0,1,0,0,0,1,1,1,1,0,0,0,1,2,0,0,1,3,3,3,3,
+3,3,3,3,1,0,0,0,2,0,0,0,1,1,1,1,0,0,0,0,0,0,0,1,3,3,3,3,
+3,3,3,3,1,0,0,0,0,0,0,0,0,1,1,2,0,0,0,0,0,0,0,1,3,3,3,3,
+3,3,3,3,1,0,0,0,0,0,0,0,0,1,1,0,0,0,0,0,0,0,0,1,3,3,3,3,
+3,3,3,3,1,0,0,0,2,0,0,0,1,1,1,1,0,0,0,2,0,0,0,1,3,3,3,3,
+3,3,3,3,1,0,0,0,2,2,0,0,1,1,1,1,0,0,0,1,0,0,0,1,3,3,3,3,
+3,3,3,3,1,0,0,0,0,0,0,0,0,1,1,0,0,0,0,0,0,0,0,1,3,3,3,3,
+3,3,3,3,1,0,0,0,0,0,0,0,0,1,1,0,0,0,0,0,0,0,0,1,3,3,3,3,
+3,3,3,3,1,0,0,0,0,0,0,0,0,1,1,0,0,0,0,0,0,0,0,1,3,3,3,3,
+3,3,3,3,1,0,0,0,0,0,0,0,0,0,0,0,0,0,0,0,0,0,0,1,3,3,3,3,
+3,3,3,3,1,0,0,0,0,0,0,0,0,0,0,0,0,0,0,0,0,0,0,1,3,3,3,3,
+3,3,3,3,1,0,0,0,0,0,0,0,0,0,0,0,0,0,0,0,0,0,0,1,3,3,3,3,
+3,3,3,3,1,1,1,1,1,1,1,1,1,1,1,1,1,1,1,1,1,1,1,1,3,3,3,3,
+3,3,3,3,3,3,3,3,3,3,3,3,3,3,3,3,3,3,3,3,3,3,3,3,3,3,3,3,
+3,3,3,3,3,3,3,3,3,3,3,3,3,3,3,3,3,3,3,3,3,3,3,3,3,3,3,3,
+3,3,3,3,3,3,3,3,3,3,3,3,3,3,3,3,3,3,3,3,3,3,3,3,3,3,3,3,
+3,3,3,3,3,3,3,3,3,3,3,3,3,3,3,3,3,3,3,3,3,3,3,3,3,3,3,3
+
+[event]
+# Urn
+type=event
+location=15,13,1,1
+activate=on_trigger
+hotspot=location
+loot=loot/il_chest_common.txt
+loot_count=1
+mapmod=object,15,13,269
+repeat=false
+soundfx=soundfx/inventory/inventory_object.ogg
+tooltip=Urn
+
+[enemy]
+type=enemy
+location=6,6,16,16
+category=il_common
+number=3,5
+spawn_level=hero_level,1
+
diff --git a/mods/empyrean_campaign/maps/iron_labyrinth/room14.txt b/mods/empyrean_campaign/maps/iron_labyrinth/room14.txt
new file mode 100644
index 0000000000000000000000000000000000000000..a750ca70d0300dc630369c1aab7354b04f78c794
--- /dev/null
+++ b/mods/empyrean_campaign/maps/iron_labyrinth/room14.txt
@@ -0,0 +1,512 @@
+[header]
+width=28
+height=28
+tilewidth=192
+tileheight=96
+orientation=isometric
+background_color=0,0,0,255
+hero_pos=13,13
+procgen_type=normal
+tileset=tilesetdefs/tileset_ruins.txt
+
+[tilesets]
+tileset=../../../../tiled/tilesheets/tiled_collision.png,192,96,0,0
+tileset=../../../../tiled/tilesheets/tiled_set_rules.png,192,96,0,0
+tileset=../../../../tiled/tilesheets/ruins.png,192,384,0,0
+tileset=../../../../tiled/tilesheets/ruins_door_left.png,192,384,-48,-24
+tileset=../../../../tiled/tilesheets/ruins_door_right.png,192,384,48,-24
+tileset=../../../../tiled/tilesheets/ruins_2x2.png,384,192,0,48
+tileset=../../../../tiled/tilesheets/boss_chest.png,192,192,0,0
+
+[layer]
+type=background
+data=
+0,0,0,0,0,0,0,0,0,0,0,0,0,0,0,0,0,0,0,0,0,0,0,0,0,0,0,0,
+0,0,0,0,0,0,0,0,0,0,0,0,0,0,0,0,0,0,0,0,0,0,0,0,0,0,0,0,
+0,0,0,0,0,0,0,0,0,0,0,0,0,0,0,0,0,0,0,0,0,0,0,0,0,0,0,0,
+0,0,0,0,0,0,0,0,0,0,0,0,0,0,0,0,0,0,0,0,0,0,0,0,0,0,0,0,
+0,0,0,0,24,25,26,27,24,25,26,27,24,25,26,27,24,25,26,27,24,25,26,27,0,0,0,0,
+0,0,0,0,28,42,42,39,40,40,38,39,42,38,39,42,41,40,39,43,38,43,40,31,0,0,0,0,
+0,0,0,0,24,42,26,27,24,25,26,27,24,25,26,27,24,25,26,27,24,25,41,27,0,0,0,0,
+0,0,0,0,28,38,30,31,28,29,30,31,28,40,38,31,28,29,30,31,28,29,43,31,0,0,0,0,
+0,0,0,0,24,38,26,27,24,25,26,27,24,121,121,27,24,25,26,27,24,25,38,27,0,0,0,0,
+0,0,0,0,28,38,30,31,28,29,30,31,28,121,121,31,28,29,30,31,28,29,40,31,0,0,0,0,
+0,0,0,0,24,42,26,27,24,25,26,27,24,121,121,27,24,25,26,27,24,25,43,27,0,0,0,0,
+0,0,0,0,28,42,30,31,28,29,30,31,28,40,38,122,124,29,30,31,28,29,43,31,0,0,0,0,
+0,0,0,0,24,41,26,27,24,25,26,68,64,25,26,123,0,25,26,27,24,25,42,27,0,0,0,0,
+0,0,0,0,28,40,30,40,121,121,121,38,86,42,30,31,42,121,121,121,42,29,39,31,0,0,0,0,
+0,0,0,0,24,38,26,42,121,121,121,43,24,25,26,27,42,121,121,121,38,25,43,27,0,0,0,0,
+0,0,0,0,28,38,30,31,28,29,30,122,124,29,30,122,124,29,30,31,28,29,39,31,0,0,0,0,
+0,0,0,0,24,40,26,27,24,25,26,123,0,40,41,123,0,25,26,27,24,25,43,27,0,0,0,0,
+0,0,0,0,28,38,30,31,28,29,30,31,28,121,121,31,28,29,30,31,28,29,39,31,0,0,0,0,
+0,0,0,0,24,38,26,27,24,25,26,27,24,121,121,27,24,25,26,27,24,25,41,27,0,0,0,0,
+0,0,0,0,28,41,30,31,28,29,30,31,28,121,121,31,28,29,30,31,28,29,43,31,0,0,0,0,
+0,0,0,0,24,43,26,27,24,25,26,27,24,39,39,27,24,25,26,27,24,25,41,27,0,0,0,0,
+0,0,0,0,28,39,30,31,28,29,30,31,28,29,30,31,28,29,30,31,28,29,41,31,0,0,0,0,
+0,0,0,0,24,39,42,39,38,38,39,43,39,41,41,41,39,39,40,41,43,41,39,27,0,0,0,0,
+0,0,0,0,28,29,30,31,28,29,30,31,28,29,30,31,28,29,30,31,28,29,30,31,0,0,0,0,
+0,0,0,0,0,0,0,0,0,0,0,0,0,0,0,0,0,0,0,0,0,0,0,0,0,0,0,0,
+0,0,0,0,0,0,0,0,0,0,0,0,0,0,0,0,0,0,0,0,0,0,0,0,0,0,0,0,
+0,0,0,0,0,0,0,0,0,0,0,0,0,0,0,0,0,0,0,0,0,0,0,0,0,0,0,0,
+0,0,0,0,0,0,0,0,0,0,0,0,0,0,0,0,0,0,0,0,0,0,0,0,0,0,0,0
+
+[layer]
+type=background_fringe
+data=
+0,0,0,0,0,0,0,0,0,0,0,0,0,0,0,0,0,0,0,0,0,0,0,0,0,0,0,0,
+0,0,0,0,0,0,0,0,0,0,0,0,0,0,0,0,0,0,0,0,0,0,0,0,0,0,0,0,
+0,0,0,0,0,0,0,0,0,0,0,0,0,0,0,0,0,0,0,0,0,0,0,0,0,0,0,0,
+0,0,0,0,0,0,0,0,0,0,0,0,0,0,0,0,0,0,0,0,0,0,0,0,0,0,0,0,
+0,0,0,0,0,0,0,0,0,0,0,0,0,0,0,0,0,0,0,0,0,0,0,0,0,0,0,0,
+0,0,0,0,0,0,0,0,0,0,0,0,0,0,0,0,0,0,0,0,0,0,0,0,0,0,0,0,
+0,0,0,0,0,0,0,0,0,0,0,0,0,0,0,0,0,0,0,0,0,0,0,0,0,0,0,0,
+0,0,0,0,0,0,0,0,0,0,0,0,0,0,0,0,0,0,0,0,0,0,0,0,0,0,0,0,
+0,0,0,0,0,0,0,0,0,0,0,0,0,0,0,0,0,0,0,0,0,0,0,0,0,0,0,0,
+0,0,0,0,0,0,0,0,0,0,0,0,0,0,0,0,0,0,0,0,0,0,0,0,0,0,0,0,
+0,0,0,0,0,0,0,0,0,0,0,0,0,0,0,0,0,0,0,0,0,0,0,0,0,0,0,0,
+0,0,0,0,0,0,0,0,0,0,0,0,0,0,0,58,59,0,0,0,0,0,0,0,0,0,0,0,
+0,0,0,0,0,0,0,0,0,0,0,0,0,0,0,57,56,0,0,0,0,0,0,0,0,0,0,0,
+0,0,0,0,0,0,0,0,0,0,0,0,0,0,0,0,0,0,0,0,0,0,0,0,0,0,0,0,
+0,0,0,0,0,0,0,0,0,0,0,0,0,0,0,0,0,0,0,0,0,0,0,0,0,0,0,0,
+0,0,0,0,0,0,0,0,0,0,0,58,59,0,0,58,59,0,0,0,0,0,0,0,0,0,0,0,
+0,0,0,0,0,0,0,0,0,0,0,57,56,0,0,57,56,0,0,0,0,0,0,0,0,0,0,0,
+0,0,0,0,0,0,0,0,0,0,0,0,0,0,0,0,0,0,0,0,0,0,0,0,0,0,0,0,
+0,0,0,0,0,0,0,0,0,0,0,0,0,0,0,0,0,0,0,0,0,0,0,0,0,0,0,0,
+0,0,0,0,0,0,0,0,0,0,0,0,0,0,0,0,0,0,0,0,0,0,0,0,0,0,0,0,
+0,0,0,0,0,0,0,0,0,0,0,0,0,0,0,0,0,0,0,0,0,0,0,0,0,0,0,0,
+0,0,0,0,0,0,0,0,0,0,0,0,0,0,0,0,0,0,0,0,0,0,0,0,0,0,0,0,
+0,0,0,0,0,0,0,0,0,0,0,0,0,0,0,0,0,0,0,0,0,0,0,0,0,0,0,0,
+0,0,0,0,0,0,0,0,0,0,0,0,0,0,0,0,0,0,0,0,0,0,0,0,0,0,0,0,
+0,0,0,0,0,0,0,0,0,0,0,0,0,0,0,0,0,0,0,0,0,0,0,0,0,0,0,0,
+0,0,0,0,0,0,0,0,0,0,0,0,0,0,0,0,0,0,0,0,0,0,0,0,0,0,0,0,
+0,0,0,0,0,0,0,0,0,0,0,0,0,0,0,0,0,0,0,0,0,0,0,0,0,0,0,0,
+0,0,0,0,0,0,0,0,0,0,0,0,0,0,0,0,0,0,0,0,0,0,0,0,0,0,0,0
+
+[layer]
+type=object
+data=
+153,154,155,156,153,154,155,156,153,154,155,156,153,154,155,156,153,154,155,156,153,154,155,156,153,154,155,156,
+157,158,159,160,157,158,159,160,157,158,159,160,157,158,159,160,157,158,159,160,157,158,159,160,157,158,159,160,
+153,154,165,166,162,165,166,162,161,163,163,166,163,166,165,162,165,165,162,164,162,162,163,166,165,164,155,156,
+157,158,165,160,157,158,159,160,157,158,159,160,157,158,159,160,157,158,159,160,157,158,159,160,157,161,159,160,
+153,154,165,156,148,137,196,237,236,216,141,214,175,177,214,169,239,169,137,196,236,177,171,149,153,163,155,156,
+157,158,164,160,199,0,0,0,0,0,0,0,0,0,0,0,0,0,0,0,0,0,0,138,157,163,159,160,
+153,154,162,156,238,0,0,0,0,0,0,0,0,0,0,0,0,0,0,0,0,0,0,138,153,166,155,156,
+157,158,162,160,140,0,0,0,0,0,0,0,243,0,0,243,0,0,0,0,0,0,0,138,157,165,159,160,
+153,154,162,156,176,0,0,0,0,0,0,146,147,0,0,146,147,0,0,0,0,0,0,138,153,161,155,156,
+157,158,164,160,195,0,0,0,0,146,139,150,199,0,0,138,151,139,184,0,0,0,0,138,157,163,159,160,
+153,154,161,156,136,0,0,0,0,138,148,177,144,0,0,145,175,149,215,0,0,0,0,138,153,164,155,156,
+157,158,164,160,199,0,0,0,146,150,170,289,190,0,0,0,0,138,151,147,0,0,0,138,157,162,159,160,
+153,154,165,156,136,0,0,242,183,200,144,0,0,0,0,0,0,145,236,144,244,0,0,138,153,164,155,156,
+157,158,164,160,176,0,0,0,0,0,0,0,0,265,0,0,0,0,0,0,0,0,0,138,157,164,159,160,
+153,154,162,156,174,0,0,0,0,0,0,0,0,0,0,0,0,0,0,0,0,0,0,138,153,166,155,156,
+157,158,162,160,199,0,0,242,146,139,147,0,0,0,0,0,0,146,139,222,244,0,0,138,157,161,159,160,
+153,154,161,156,170,0,0,0,145,149,178,0,0,0,0,0,0,138,148,144,0,0,0,138,153,166,155,156,
+157,158,164,160,195,0,0,0,0,138,151,139,147,0,0,146,139,150,248,194,0,0,0,138,157,163,159,160,
+153,154,163,156,213,0,0,0,0,220,237,149,235,0,0,138,148,239,209,0,0,0,0,138,153,164,155,156,
+157,158,162,160,176,0,0,0,0,0,0,145,144,0,0,145,219,0,0,0,0,0,0,138,157,162,159,160,
+153,154,166,156,240,0,0,0,0,0,0,0,241,0,0,241,0,0,0,0,0,0,0,138,153,166,155,156,
+157,158,166,160,176,0,0,0,0,0,0,0,0,0,0,0,0,0,0,0,0,0,0,138,157,164,159,160,
+153,154,166,156,140,0,0,0,0,0,0,0,0,0,0,0,0,0,0,0,0,0,0,138,153,164,155,156,
+157,158,161,160,151,139,139,139,139,139,139,139,139,139,139,139,139,139,139,139,139,139,139,150,157,164,159,160,
+153,154,162,156,153,154,155,156,153,154,155,156,153,154,155,156,153,154,155,156,153,154,155,156,153,164,155,156,
+157,158,162,164,166,162,166,166,161,161,161,166,164,162,162,164,164,164,165,162,162,163,166,161,165,166,159,160,
+153,154,155,156,153,154,155,156,153,154,155,156,153,154,155,156,153,154,155,156,153,154,155,156,153,154,155,156,
+157,158,159,160,157,158,159,160,157,158,159,160,157,158,159,160,157,158,159,160,157,158,159,160,157,158,159,160
+
+[layer]
+type=collision
+data=
+3,3,3,3,3,3,3,3,3,3,3,3,3,3,3,3,3,3,3,3,3,3,3,3,3,3,3,3,
+3,3,3,3,3,3,3,3,3,3,3,3,3,3,3,3,3,3,3,3,3,3,3,3,3,3,3,3,
+3,3,3,3,3,3,3,3,3,3,3,3,3,3,3,3,3,3,3,3,3,3,3,3,3,3,3,3,
+3,3,3,3,3,3,3,3,3,3,3,3,3,3,3,3,3,3,3,3,3,3,3,3,3,3,3,3,
+3,3,3,3,1,1,1,1,1,1,1,1,1,1,1,1,1,1,1,1,1,1,1,1,3,3,3,3,
+3,3,3,3,1,0,0,0,0,0,0,0,0,0,0,0,0,0,0,0,0,0,0,1,3,3,3,3,
+3,3,3,3,1,0,0,0,0,0,0,0,0,0,0,0,0,0,0,0,0,0,0,1,3,3,3,3,
+3,3,3,3,1,0,0,0,0,0,0,0,1,0,0,1,0,0,0,0,0,0,0,1,3,3,3,3,
+3,3,3,3,1,0,0,0,0,0,0,1,1,0,0,1,1,0,0,0,0,0,0,1,3,3,3,3,
+3,3,3,3,1,0,0,0,0,1,1,1,1,0,0,1,1,1,1,0,0,0,0,1,3,3,3,3,
+3,3,3,3,1,0,0,0,0,1,1,1,1,0,0,1,1,1,1,0,0,0,0,1,3,3,3,3,
+3,3,3,3,1,0,0,0,1,1,1,2,2,0,0,2,2,1,1,1,0,0,0,1,3,3,3,3,
+3,3,3,3,1,0,0,1,1,1,1,0,0,0,0,2,2,1,1,1,1,0,0,1,3,3,3,3,
+3,3,3,3,1,0,0,0,0,0,0,0,0,2,0,0,0,0,0,0,0,0,0,1,3,3,3,3,
+3,3,3,3,1,0,0,0,0,0,0,0,0,0,0,0,0,0,0,0,0,0,0,1,3,3,3,3,
+3,3,3,3,1,0,0,1,1,1,1,2,2,0,0,2,2,1,1,1,1,0,0,1,3,3,3,3,
+3,3,3,3,1,0,0,0,1,1,1,2,2,0,0,2,2,1,1,1,0,0,0,1,3,3,3,3,
+3,3,3,3,1,0,0,0,0,1,1,1,1,0,0,1,1,1,1,2,0,0,0,1,3,3,3,3,
+3,3,3,3,1,0,0,0,0,1,1,1,1,0,0,1,1,1,1,0,0,0,0,1,3,3,3,3,
+3,3,3,3,1,0,0,0,0,0,0,1,1,0,0,1,1,0,0,0,0,0,0,1,3,3,3,3,
+3,3,3,3,1,0,0,0,0,0,0,0,1,0,0,1,0,0,0,0,0,0,0,1,3,3,3,3,
+3,3,3,3,1,0,0,0,0,0,0,0,0,0,0,0,0,0,0,0,0,0,0,1,3,3,3,3,
+3,3,3,3,1,0,0,0,0,0,0,0,0,0,0,0,0,0,0,0,0,0,0,1,3,3,3,3,
+3,3,3,3,1,1,1,1,1,1,1,1,1,1,1,1,1,1,1,1,1,1,1,1,3,3,3,3,
+3,3,3,3,3,3,3,3,3,3,3,3,3,3,3,3,3,3,3,3,3,3,3,3,3,3,3,3,
+3,3,3,3,3,3,3,3,3,3,3,3,3,3,3,3,3,3,3,3,3,3,3,3,3,3,3,3,
+3,3,3,3,3,3,3,3,3,3,3,3,3,3,3,3,3,3,3,3,3,3,3,3,3,3,3,3,
+3,3,3,3,3,3,3,3,3,3,3,3,3,3,3,3,3,3,3,3,3,3,3,3,3,3,3,3
+
+[event]
+# floor spikes (east)
+type=event
+location=17,13,1,1
+activate=static
+delay=3s
+power=255
+power_level=hero_level,1
+power_stats=enemies/map_powers/il_spike_trap_weak.txt
+repeat=true
+
+[event]
+# floor spikes (east)
+type=event
+location=17,14,1,1
+activate=static
+delay=3s
+power=255
+power_level=hero_level,1
+power_stats=enemies/map_powers/il_spike_trap_weak.txt
+repeat=true
+
+[event]
+# floor spikes (east)
+type=event
+location=18,14,1,1
+activate=static
+cooldown=1s
+delay=2s
+power=255
+power_level=hero_level,1
+power_stats=enemies/map_powers/il_spike_trap_weak.txt
+repeat=true
+
+[event]
+# floor spikes (east)
+type=event
+location=18,13,1,1
+activate=static
+cooldown=1s
+delay=2s
+power=255
+power_level=hero_level,1
+power_stats=enemies/map_powers/il_spike_trap_weak.txt
+repeat=true
+
+[event]
+# floor spikes (east)
+type=event
+location=19,13,1,1
+activate=static
+cooldown=2s
+delay=1s
+power=255
+power_level=hero_level,1
+power_stats=enemies/map_powers/il_spike_trap_weak.txt
+repeat=true
+
+[event]
+# floor spikes (east)
+type=event
+location=19,14,1,1
+activate=static
+cooldown=2s
+delay=1s
+power=255
+power_level=hero_level,1
+power_stats=enemies/map_powers/il_spike_trap_weak.txt
+repeat=true
+
+[event]
+# spike sound
+type=event
+location=18,15,1,1
+activate=static
+delay=1s
+repeat=true
+soundfx=soundfx/powers/spikes.ogg
+
+[event]
+# floor spikes (west)
+type=event
+location=10,13,1,1
+activate=static
+delay=3s
+power=255
+power_level=hero_level,1
+power_stats=enemies/map_powers/il_spike_trap_weak.txt
+repeat=true
+
+[event]
+# floor spikes (west)
+type=event
+location=10,14,1,1
+activate=static
+delay=3s
+power=255
+power_level=hero_level,1
+power_stats=enemies/map_powers/il_spike_trap_weak.txt
+repeat=true
+
+[event]
+# floor spikes (west)
+type=event
+location=9,14,1,1
+activate=static
+cooldown=1s
+delay=2s
+power=255
+power_level=hero_level,1
+power_stats=enemies/map_powers/il_spike_trap_weak.txt
+repeat=true
+
+[event]
+# floor spikes (west)
+type=event
+location=9,13,1,1
+activate=static
+cooldown=1s
+delay=2s
+power=255
+power_level=hero_level,1
+power_stats=enemies/map_powers/il_spike_trap_weak.txt
+repeat=true
+
+[event]
+# floor spikes (west)
+type=event
+location=8,13,1,1
+activate=static
+cooldown=2s
+delay=1s
+power=255
+power_level=hero_level,1
+power_stats=enemies/map_powers/il_spike_trap_weak.txt
+repeat=true
+
+[event]
+# floor spikes (west)
+type=event
+location=8,14,1,1
+activate=static
+cooldown=2s
+delay=1s
+power=255
+power_level=hero_level,1
+power_stats=enemies/map_powers/il_spike_trap_weak.txt
+repeat=true
+
+[event]
+# spike sound
+type=event
+location=9,12,1,1
+activate=static
+delay=1s
+repeat=true
+soundfx=soundfx/powers/spikes.ogg
+
+[event]
+# floor spikes (south)
+type=event
+location=13,17,1,1
+activate=static
+delay=3s
+power=255
+power_level=hero_level,1
+power_stats=enemies/map_powers/il_spike_trap_weak.txt
+repeat=true
+
+[event]
+# floor spikes (south)
+type=event
+location=14,17,1,1
+activate=static
+delay=3s
+power=255
+power_level=hero_level,1
+power_stats=enemies/map_powers/il_spike_trap_weak.txt
+repeat=true
+
+[event]
+# floor spikes (south)
+type=event
+location=13,18,1,1
+activate=static
+cooldown=1s
+delay=2s
+power=255
+power_level=hero_level,1
+power_stats=enemies/map_powers/il_spike_trap_weak.txt
+repeat=true
+
+[event]
+# floor spikes (south)
+type=event
+location=14,18,1,1
+activate=static
+cooldown=1s
+delay=2s
+power=255
+power_level=hero_level,1
+power_stats=enemies/map_powers/il_spike_trap_weak.txt
+repeat=true
+
+[event]
+# floor spikes (south)
+type=event
+location=13,19,1,1
+activate=static
+cooldown=2s
+delay=1s
+power=255
+power_level=hero_level,1
+power_stats=enemies/map_powers/il_spike_trap_weak.txt
+repeat=true
+
+[event]
+# floor spikes (south)
+type=event
+location=14,19,1,1
+activate=static
+cooldown=2s
+delay=1s
+power=255
+power_level=hero_level,1
+power_stats=enemies/map_powers/il_spike_trap_weak.txt
+repeat=true
+
+[event]
+# spike sound
+type=event
+location=12,18,1,1
+activate=static
+delay=1s
+repeat=true
+soundfx=soundfx/powers/spikes.ogg
+
+[event]
+# floor spikes (north)
+type=event
+location=13,10,1,1
+activate=static
+delay=3s
+power=255
+power_level=hero_level,1
+power_stats=enemies/map_powers/il_spike_trap_weak.txt
+repeat=true
+
+[event]
+# floor spikes (north)
+type=event
+location=14,10,1,1
+activate=static
+delay=3s
+power=255
+power_level=hero_level,1
+power_stats=enemies/map_powers/il_spike_trap_weak.txt
+repeat=true
+
+[event]
+# floor spikes (north)
+type=event
+location=13,9,1,1
+activate=static
+cooldown=1s
+delay=2s
+power=255
+power_level=hero_level,1
+power_stats=enemies/map_powers/il_spike_trap_weak.txt
+repeat=true
+
+[event]
+# floor spikes (north)
+type=event
+location=14,9,1,1
+activate=static
+cooldown=1s
+delay=2s
+power=255
+power_level=hero_level,1
+power_stats=enemies/map_powers/il_spike_trap_weak.txt
+repeat=true
+
+[event]
+# floor spikes (north)
+type=event
+location=13,8,1,1
+activate=static
+cooldown=2s
+delay=1s
+power=255
+power_level=hero_level,1
+power_stats=enemies/map_powers/il_spike_trap_weak.txt
+repeat=true
+
+[event]
+# floor spikes (north)
+type=event
+location=14,8,1,1
+activate=static
+cooldown=2s
+delay=1s
+power=255
+power_level=hero_level,1
+power_stats=enemies/map_powers/il_spike_trap_weak.txt
+repeat=true
+
+[event]
+# spike sound
+type=event
+location=15,9,1,1
+activate=static
+delay=1s
+repeat=true
+soundfx=soundfx/powers/spikes.ogg
+
+[event]
+# Water dripping
+type=event
+location=11,11,1,1
+activate=on_load
+soundfx=soundfx/environment/cave_droplets_loop.ogg
+
+[event]
+# Treasure Chest
+type=event
+location=13,13,1,1
+activate=on_trigger
+hotspot=location
+loot=loot/il_chest_common.txt
+loot_count=3,4
+mapmod=object,13,13,267
+repeat=false
+soundfx=soundfx/wood_open.ogg
+tooltip=Treasure Chest
+
+[enemy]
+type=enemy
+location=5,5,5,5
+category=il_common
+number=1,3
+spawn_level=hero_level,1
+
+[enemy]
+type=enemy
+location=18,5,5,5
+category=il_common
+number=1,3
+spawn_level=hero_level,1
+
+[enemy]
+type=enemy
+location=18,18,5,5
+category=il_common
+number=1,3
+spawn_level=hero_level,1
+
+[enemy]
+type=enemy
+location=5,18,5,5
+category=il_common
+number=1,3
+spawn_level=hero_level,1
+
diff --git a/mods/empyrean_campaign/maps/iron_labyrinth/room15.txt b/mods/empyrean_campaign/maps/iron_labyrinth/room15.txt
new file mode 100644
index 0000000000000000000000000000000000000000..f649fcbd485857d0dd900e3e75ed8d2b2c8dc122
--- /dev/null
+++ b/mods/empyrean_campaign/maps/iron_labyrinth/room15.txt
@@ -0,0 +1,212 @@
+[header]
+width=28
+height=28
+tilewidth=192
+tileheight=96
+orientation=isometric
+background_color=0,0,0,255
+hero_pos=13,13
+procgen_type=normal
+tileset=tilesetdefs/tileset_ruins.txt
+
+[tilesets]
+tileset=../../../../tiled/tilesheets/tiled_collision.png,192,96,0,0
+tileset=../../../../tiled/tilesheets/tiled_set_rules.png,192,96,0,0
+tileset=../../../../tiled/tilesheets/ruins.png,192,384,0,0
+tileset=../../../../tiled/tilesheets/ruins_door_left.png,192,384,-48,-24
+tileset=../../../../tiled/tilesheets/ruins_door_right.png,192,384,48,-24
+tileset=../../../../tiled/tilesheets/ruins_2x2.png,384,192,0,48
+tileset=../../../../tiled/tilesheets/boss_chest.png,192,192,0,0
+
+[layer]
+type=background
+data=
+0,0,0,0,0,0,0,0,0,0,0,0,0,0,0,0,0,0,0,0,0,0,0,0,0,0,0,0,
+0,0,0,0,0,0,0,0,0,0,0,0,0,0,0,0,0,0,0,0,0,0,0,0,0,0,0,0,
+0,0,0,0,0,0,0,0,0,0,0,0,0,0,0,0,0,0,0,0,0,0,0,0,0,0,0,0,
+0,0,0,0,0,0,0,0,0,0,0,0,0,0,0,0,0,0,0,0,0,0,0,0,0,0,0,0,
+0,0,0,0,24,25,26,27,24,25,26,27,24,25,26,27,24,25,26,27,24,25,26,27,0,0,0,0,
+0,0,0,0,28,42,42,39,40,40,38,39,42,38,39,42,41,40,39,43,38,43,40,31,0,0,0,0,
+0,0,0,0,24,42,26,27,24,25,26,27,24,25,26,27,24,25,26,27,24,25,41,27,0,0,0,0,
+0,0,0,0,28,38,30,31,28,29,30,31,28,29,30,31,28,29,30,31,28,29,43,31,0,0,0,0,
+0,0,0,0,24,38,26,27,24,25,26,27,24,25,26,27,24,25,26,27,24,25,38,27,0,0,0,0,
+0,0,0,0,28,38,30,31,28,29,30,31,28,29,30,31,28,29,30,31,28,29,40,31,0,0,0,0,
+0,0,0,0,24,42,26,27,24,25,0,0,0,0,0,0,0,0,26,27,24,25,43,27,0,0,0,0,
+0,0,0,0,28,42,30,31,28,29,0,0,0,0,0,0,0,0,30,31,28,29,43,31,0,0,0,0,
+0,0,0,0,24,41,26,27,24,25,0,0,0,0,0,0,0,0,26,27,24,25,42,27,0,0,0,0,
+0,0,0,0,28,40,30,31,28,29,0,0,0,0,0,0,0,0,30,31,28,29,39,31,0,0,0,0,
+0,0,0,0,24,38,26,27,24,25,0,0,0,0,0,0,0,0,26,27,24,25,43,27,0,0,0,0,
+0,0,0,0,28,38,30,31,28,29,0,0,0,0,0,0,0,0,30,31,28,29,39,31,0,0,0,0,
+0,0,0,0,24,40,26,27,24,25,0,0,0,0,0,0,0,0,26,27,24,25,43,27,0,0,0,0,
+0,0,0,0,28,38,30,31,28,29,0,0,0,0,0,0,0,0,30,31,28,29,39,31,0,0,0,0,
+0,0,0,0,24,38,26,27,24,25,26,27,24,25,26,27,24,25,26,27,24,25,41,27,0,0,0,0,
+0,0,0,0,28,41,30,31,28,29,30,31,28,29,30,31,28,29,30,31,28,29,43,31,0,0,0,0,
+0,0,0,0,24,43,26,27,24,25,26,27,24,25,26,27,24,25,26,27,24,25,41,27,0,0,0,0,
+0,0,0,0,28,39,30,31,28,29,30,31,28,29,30,31,28,29,30,31,28,29,41,31,0,0,0,0,
+0,0,0,0,24,39,42,39,38,38,39,43,39,41,41,41,39,39,40,41,43,41,39,27,0,0,0,0,
+0,0,0,0,28,29,30,31,28,29,30,31,28,29,30,31,28,29,30,31,28,29,30,31,0,0,0,0,
+0,0,0,0,0,0,0,0,0,0,0,0,0,0,0,0,0,0,0,0,0,0,0,0,0,0,0,0,
+0,0,0,0,0,0,0,0,0,0,0,0,0,0,0,0,0,0,0,0,0,0,0,0,0,0,0,0,
+0,0,0,0,0,0,0,0,0,0,0,0,0,0,0,0,0,0,0,0,0,0,0,0,0,0,0,0,
+0,0,0,0,0,0,0,0,0,0,0,0,0,0,0,0,0,0,0,0,0,0,0,0,0,0,0,0
+
+[layer]
+type=background_fringe
+data=
+0,0,0,0,0,0,0,0,0,0,0,0,0,0,0,0,0,0,0,0,0,0,0,0,0,0,0,0,
+0,0,0,0,0,0,0,0,0,0,0,0,0,0,0,0,0,0,0,0,0,0,0,0,0,0,0,0,
+0,0,0,0,0,0,0,0,0,0,0,0,0,0,0,0,0,0,0,0,0,0,0,0,0,0,0,0,
+0,0,0,0,0,0,0,0,0,0,0,0,0,0,0,0,0,0,0,0,0,0,0,0,0,0,0,0,
+0,0,0,0,0,0,0,0,0,0,0,0,0,0,0,0,0,0,0,0,0,0,0,0,0,0,0,0,
+0,0,0,0,0,0,0,0,0,0,0,0,0,0,0,0,0,0,0,0,0,0,0,0,0,0,0,0,
+0,0,0,0,0,0,0,0,0,0,0,0,0,0,0,0,0,0,0,0,0,0,0,0,0,0,0,0,
+0,0,0,0,0,0,0,0,0,0,0,0,0,0,0,0,0,0,0,0,0,0,0,0,0,0,0,0,
+0,0,0,0,0,0,0,0,0,0,0,0,0,0,0,0,0,0,0,0,0,0,0,0,0,0,0,0,
+0,0,0,0,0,0,0,0,0,0,0,0,0,0,0,0,0,0,0,0,0,0,0,0,0,0,0,0,
+0,0,0,0,0,0,0,0,0,0,0,0,0,0,0,0,0,0,0,0,0,0,0,0,0,0,0,0,
+0,0,0,0,0,0,0,0,0,0,0,0,0,0,0,0,0,0,0,0,0,0,0,0,0,0,0,0,
+0,0,0,0,0,0,0,0,0,0,0,0,0,0,0,0,0,0,0,0,0,0,0,0,0,0,0,0,
+0,0,0,0,0,0,0,0,0,0,0,0,0,0,0,0,0,0,0,0,0,0,0,0,0,0,0,0,
+0,0,0,0,0,0,0,0,0,0,0,0,0,0,0,0,0,0,0,0,0,0,0,0,0,0,0,0,
+0,0,0,0,0,0,0,0,0,0,0,0,0,0,0,0,0,0,0,0,0,0,0,0,0,0,0,0,
+0,0,0,0,0,0,0,0,0,0,0,0,0,0,0,0,0,0,0,0,0,0,0,0,0,0,0,0,
+0,0,0,0,0,0,0,0,0,0,0,0,0,0,0,0,0,0,0,0,0,0,0,0,0,0,0,0,
+0,0,0,0,0,0,0,0,0,0,0,0,0,0,0,0,0,0,0,0,0,0,0,0,0,0,0,0,
+0,0,0,0,0,0,0,0,0,0,0,0,0,0,0,0,0,0,0,0,0,0,0,0,0,0,0,0,
+0,0,0,0,0,0,0,0,0,0,0,0,0,0,0,0,0,0,0,0,0,0,0,0,0,0,0,0,
+0,0,0,0,0,0,0,0,0,0,0,0,0,0,0,0,0,0,0,0,0,0,0,0,0,0,0,0,
+0,0,0,0,0,0,0,0,0,0,0,0,0,0,0,0,0,0,0,0,0,0,0,0,0,0,0,0,
+0,0,0,0,0,0,0,0,0,0,0,0,0,0,0,0,0,0,0,0,0,0,0,0,0,0,0,0,
+0,0,0,0,0,0,0,0,0,0,0,0,0,0,0,0,0,0,0,0,0,0,0,0,0,0,0,0,
+0,0,0,0,0,0,0,0,0,0,0,0,0,0,0,0,0,0,0,0,0,0,0,0,0,0,0,0,
+0,0,0,0,0,0,0,0,0,0,0,0,0,0,0,0,0,0,0,0,0,0,0,0,0,0,0,0,
+0,0,0,0,0,0,0,0,0,0,0,0,0,0,0,0,0,0,0,0,0,0,0,0,0,0,0,0
+
+[layer]
+type=object
+data=
+153,154,155,156,153,154,155,156,153,154,155,156,153,154,155,156,153,154,155,156,153,154,155,156,153,154,155,156,
+157,158,159,160,157,158,159,160,157,158,159,160,157,158,159,160,157,158,159,160,157,158,159,160,157,158,159,160,
+153,154,165,166,162,165,166,162,161,163,163,166,163,166,165,162,165,165,162,164,162,162,163,166,165,164,155,156,
+157,158,165,160,157,158,159,160,157,158,159,160,157,158,159,160,157,158,159,160,157,158,159,160,157,161,159,160,
+153,154,165,156,148,200,141,179,171,196,169,236,169,214,171,249,239,216,137,137,196,137,137,149,153,163,155,156,
+157,158,164,160,176,0,0,0,0,0,0,0,0,0,0,0,0,0,0,0,0,0,0,138,157,163,159,160,
+153,154,162,156,235,0,278,0,0,0,0,0,0,0,0,0,0,0,0,0,0,0,0,138,153,166,155,156,
+157,158,162,160,238,0,0,0,0,0,0,0,0,0,0,0,0,0,0,0,0,0,0,138,157,165,159,160,
+153,154,162,156,199,0,0,0,0,0,146,208,0,0,0,0,211,147,0,0,0,0,0,138,153,161,155,156,
+157,158,164,160,140,0,0,0,0,146,150,151,139,139,139,139,150,151,147,0,0,0,0,138,157,163,159,160,
+153,154,161,156,240,0,0,0,146,150,153,154,155,156,153,154,155,156,151,222,0,0,0,138,153,164,155,156,
+157,158,164,160,248,0,0,0,210,149,157,164,165,163,163,162,164,160,148,205,0,0,0,138,157,162,159,160,
+153,154,165,156,195,0,0,0,0,138,153,166,155,156,153,154,166,156,215,285,0,0,0,138,153,164,155,156,
+157,158,164,160,215,0,0,0,0,138,157,165,159,160,157,158,163,160,252,0,0,0,0,138,157,164,159,160,
+153,154,162,156,238,0,0,0,0,138,153,163,155,156,153,154,162,156,195,0,0,0,0,138,153,166,155,156,
+157,158,162,160,199,0,0,0,0,138,157,163,159,160,157,158,162,160,168,281,0,0,0,138,157,161,159,160,
+153,154,161,156,248,0,0,0,207,150,153,164,161,165,164,164,164,156,151,212,0,0,0,138,153,166,155,156,
+157,158,164,160,178,0,0,0,145,149,157,158,159,160,157,158,159,160,148,219,0,0,0,138,157,163,159,160,
+153,154,163,156,213,0,0,0,0,183,149,148,250,236,196,171,149,148,144,0,0,0,0,138,153,164,155,156,
+157,158,162,160,176,0,0,0,0,0,210,209,0,0,268,279,183,201,0,0,0,0,0,138,157,162,159,160,
+153,154,166,156,174,0,0,0,0,0,0,0,0,0,0,0,0,0,0,0,0,0,0,138,153,166,155,156,
+157,158,166,160,136,0,0,0,0,0,0,0,0,0,0,0,0,0,0,0,0,0,0,138,157,164,159,160,
+153,154,166,156,176,0,0,0,0,0,0,0,0,0,0,0,0,0,0,0,0,0,0,138,153,164,155,156,
+157,158,161,160,151,139,139,139,139,139,139,139,139,139,139,139,139,139,139,139,139,139,139,150,157,164,159,160,
+153,154,162,156,153,154,155,156,153,154,155,156,153,154,155,156,153,154,155,156,153,154,155,156,153,164,155,156,
+157,158,162,164,166,162,166,166,161,161,161,166,164,162,162,164,164,164,165,162,162,163,166,161,165,166,159,160,
+153,154,155,156,153,154,155,156,153,154,155,156,153,154,155,156,153,154,155,156,153,154,155,156,153,154,155,156,
+157,158,159,160,157,158,159,160,157,158,159,160,157,158,159,160,157,158,159,160,157,158,159,160,157,158,159,160
+
+[layer]
+type=collision
+data=
+3,3,3,3,3,3,3,3,3,3,3,3,3,3,3,3,3,3,3,3,3,3,3,3,3,3,3,3,
+3,3,3,3,3,3,3,3,3,3,3,3,3,3,3,3,3,3,3,3,3,3,3,3,3,3,3,3,
+3,3,3,3,3,3,3,3,3,3,3,3,3,3,3,3,3,3,3,3,3,3,3,3,3,3,3,3,
+3,3,3,3,3,3,3,3,3,3,3,3,3,3,3,3,3,3,3,3,3,3,3,3,3,3,3,3,
+3,3,3,3,1,1,1,1,1,1,1,1,1,1,1,1,1,1,1,1,1,1,1,1,3,3,3,3,
+3,3,3,3,1,0,0,0,0,0,0,0,0,0,0,0,0,0,0,0,0,0,0,1,3,3,3,3,
+3,3,3,3,1,0,1,0,0,0,0,0,0,0,0,0,0,0,0,0,0,0,0,1,3,3,3,3,
+3,3,3,3,1,0,0,0,0,0,0,0,0,0,0,0,0,0,0,0,0,0,0,1,3,3,3,3,
+3,3,3,3,1,0,0,0,0,0,1,1,0,0,0,0,1,1,0,0,0,0,0,1,3,3,3,3,
+3,3,3,3,1,0,0,0,0,1,1,1,1,1,1,1,1,1,1,0,0,0,0,1,3,3,3,3,
+3,3,3,3,1,0,0,0,1,1,3,3,3,3,3,3,3,3,1,1,0,0,0,1,3,3,3,3,
+3,3,3,3,1,0,0,0,1,1,3,3,3,3,3,3,3,3,1,1,0,0,0,1,3,3,3,3,
+3,3,3,3,1,0,0,0,0,1,3,3,3,3,3,3,3,3,1,2,0,0,0,1,3,3,3,3,
+3,3,3,3,1,0,0,0,0,1,3,3,3,3,3,3,3,3,1,0,0,0,0,1,3,3,3,3,
+3,3,3,3,1,0,0,0,0,1,3,3,3,3,3,3,3,3,1,0,0,0,0,1,3,3,3,3,
+3,3,3,3,1,0,0,0,0,1,3,3,3,3,3,3,3,3,1,2,0,0,0,1,3,3,3,3,
+3,3,3,3,1,0,0,0,1,1,3,3,3,3,3,3,3,3,1,1,0,0,0,1,3,3,3,3,
+3,3,3,3,1,0,0,0,1,1,3,3,3,3,3,3,3,3,1,1,0,0,0,1,3,3,3,3,
+3,3,3,3,1,0,0,0,0,1,1,1,1,1,1,1,1,1,1,0,0,0,0,1,3,3,3,3,
+3,3,3,3,1,0,0,0,0,0,1,1,0,0,2,1,1,1,0,0,0,0,0,1,3,3,3,3,
+3,3,3,3,1,0,0,0,0,0,0,0,0,0,0,0,0,0,0,0,0,0,0,1,3,3,3,3,
+3,3,3,3,1,0,0,0,0,0,0,0,0,0,0,0,0,0,0,0,0,0,0,1,3,3,3,3,
+3,3,3,3,1,0,0,0,0,0,0,0,0,0,0,0,0,0,0,0,0,0,0,1,3,3,3,3,
+3,3,3,3,1,1,1,1,1,1,1,1,1,1,1,1,1,1,1,1,1,1,1,1,3,3,3,3,
+3,3,3,3,3,3,3,3,3,3,3,3,3,3,3,3,3,3,3,3,3,3,3,3,3,3,3,3,
+3,3,3,3,3,3,3,3,3,3,3,3,3,3,3,3,3,3,3,3,3,3,3,3,3,3,3,3,
+3,3,3,3,3,3,3,3,3,3,3,3,3,3,3,3,3,3,3,3,3,3,3,3,3,3,3,3,
+3,3,3,3,3,3,3,3,3,3,3,3,3,3,3,3,3,3,3,3,3,3,3,3,3,3,3,3
+
+[event]
+# Urn
+type=event
+location=14,19,1,1
+activate=on_trigger
+hotspot=location
+loot=loot/il_chest_common.txt
+loot_count=1
+mapmod=object,14,19,269
+repeat=false
+soundfx=soundfx/inventory/inventory_object.ogg
+tooltip=Urn
+
+[event]
+# Crate
+type=event
+location=19,12,1,1
+activate=on_trigger
+hotspot=location
+loot=loot/il_chest_common.txt
+loot_count=1
+mapmod=object,19,12,286
+repeat=false
+soundfx=soundfx/wood_open.ogg
+tooltip=Crate
+
+[event]
+# Mastite pillar regen
+type=event
+location=5,5,3,3
+activate=on_trigger
+cooldown=2s
+power=378
+power_path=6,6
+repeat=true
+
+[enemy]
+type=enemy
+location=5,5,7,7
+category=il_common
+number=1,3
+spawn_level=hero_level,1
+
+[enemy]
+type=enemy
+location=5,16,7,7
+category=il_common
+number=1,3
+spawn_level=hero_level,1
+
+[enemy]
+type=enemy
+location=16,16,7,7
+category=il_common
+number=1,3
+spawn_level=hero_level,1
+
+[enemy]
+type=enemy
+location=16,5,7,7
+category=il_common
+number=1,3
+spawn_level=hero_level,1
+
diff --git a/mods/empyrean_campaign/maps/procgen_rules/iron_labyrinth.txt b/mods/empyrean_campaign/maps/procgen_rules/iron_labyrinth.txt
index 16a7ddf0f2e0f719bb1853e5792e2c463439a4ba..18f5d29b3d1af043d4b441703bfa4dc1489accc2 100644
--- a/mods/empyrean_campaign/maps/procgen_rules/iron_labyrinth.txt
+++ b/mods/empyrean_campaign/maps/procgen_rules/iron_labyrinth.txt
@@ -28,3 +28,6 @@ filename=maps/iron_labyrinth/room9.txt
 filename=maps/iron_labyrinth/room10.txt
 filename=maps/iron_labyrinth/room11.txt
 filename=maps/iron_labyrinth/room12.txt
+filename=maps/iron_labyrinth/room13.txt
+filename=maps/iron_labyrinth/room14.txt
+filename=maps/iron_labyrinth/room15.txt
diff --git a/mods/empyrean_campaign/settings.txt b/mods/empyrean_campaign/settings.txt
index 47f6a11c56be8f2e56944cbf86fd94cd01fc2e24..ac6e2f16902d004f5549be843b3aa6f9f4021231 100644
--- a/mods/empyrean_campaign/settings.txt
+++ b/mods/empyrean_campaign/settings.txt
@@ -1,5 +1,5 @@
 description=The new Flare 1.0 campaign
 requires=fantasycore:1.14.06
 game=flare-game
-version=1.14.36
+version=1.14.37
 engine_version_min=1.14.258
diff --git a/tiled/flare-game.tiled-project b/tiled/flare-game.tiled-project
index e2de5906d58f8042a78acb9cfbd0b030fed80d9e..6ad581b86ca2fd38cad4980e02480be7685c8c88 100644
--- a/tiled/flare-game.tiled-project
+++ b/tiled/flare-game.tiled-project
@@ -223,11 +223,21 @@
                     "value": ""
                 },
                 {
+                    "name": "power_level",
+                    "type": "string",
+                    "value": ""
+                },
+                {
                     "name": "power_path",
                     "type": "string",
                     "value": ""
                 },
                 {
+                    "name": "power_stats",
+                    "type": "string",
+                    "value": ""
+                },
+                {
                     "name": "reachable_from",
                     "type": "string",
                     "value": ""
diff --git a/tiled/iron_labyrinth/room13.tmx b/tiled/iron_labyrinth/room13.tmx
new file mode 100644
index 0000000000000000000000000000000000000000..862e5f0db8d18ed96106b540d63ec2f02c4ddb6c
--- /dev/null
+++ b/tiled/iron_labyrinth/room13.tmx
@@ -0,0 +1,186 @@
+<?xml version="1.0" encoding="UTF-8"?>
+<map version="1.11" tiledversion="1.12.1" orientation="isometric" renderorder="right-down" width="28" height="28" tilewidth="192" tileheight="96" infinite="0" backgroundcolor="#000000" nextlayerid="24" nextobjectid="7">
+ <editorsettings>
+  <export target="../../mods/empyrean_campaign/maps/iron_labyrinth/room13.txt" format="flare"/>
+ </editorsettings>
+ <properties>
+  <property name="hero_pos" value="13,13"/>
+  <property name="procgen_type" value="normal"/>
+  <property name="tileset" value="tilesetdefs/tileset_ruins.txt"/>
+ </properties>
+ <tileset firstgid="1" name="collision" tilewidth="192" tileheight="96" tilecount="15" columns="15">
+  <image source="../tilesheets/tiled_collision.png" width="2880" height="96"/>
+ </tileset>
+ <tileset firstgid="16" name="set_rules" tilewidth="192" tileheight="96" tilecount="8" columns="2">
+  <image source="../tilesheets/tiled_set_rules.png" width="384" height="384"/>
+ </tileset>
+ <tileset firstgid="24" name="ruins" tilewidth="192" tileheight="384" tilecount="352" columns="16">
+  <image source="../tilesheets/ruins.png" width="3072" height="8448"/>
+ </tileset>
+ <tileset firstgid="376" name="ruins_door_left" tilewidth="192" tileheight="384" tilecount="2" columns="2">
+  <tileoffset x="-48" y="-24"/>
+  <image source="../tilesheets/ruins_door_left.png" width="384" height="384"/>
+ </tileset>
+ <tileset firstgid="378" name="ruins_door_right" tilewidth="192" tileheight="384" tilecount="2" columns="2">
+  <tileoffset x="48" y="-24"/>
+  <image source="../tilesheets/ruins_door_right.png" width="384" height="384"/>
+ </tileset>
+ <tileset firstgid="380" name="ruins_2x2" tilewidth="384" tileheight="192" tilecount="4" columns="4">
+  <tileoffset x="0" y="48"/>
+  <image source="../tilesheets/ruins_2x2.png" width="1536" height="192"/>
+ </tileset>
+ <tileset firstgid="384" name="boss_chest" tilewidth="192" tileheight="192" tilecount="4" columns="4">
+  <image source="../tilesheets/boss_chest.png" width="768" height="192"/>
+ </tileset>
+ <layer id="9" name="background" width="28" height="28">
+  <data encoding="csv">
+0,0,0,0,0,0,0,0,0,0,0,0,0,0,0,0,0,0,0,0,0,0,0,0,0,0,0,0,
+0,0,0,0,0,0,0,0,0,0,0,0,0,0,0,0,0,0,0,0,0,0,0,0,0,0,0,0,
+0,0,0,0,0,0,0,0,0,0,0,0,0,0,0,0,0,0,0,0,0,0,0,0,0,0,0,0,
+0,0,0,0,0,0,0,0,0,0,0,0,0,0,0,0,0,0,0,0,0,0,0,0,0,0,0,0,
+0,0,0,0,24,25,26,27,24,25,26,27,24,25,26,27,24,25,26,27,24,25,26,27,0,0,0,0,
+0,0,0,0,28,42,42,39,40,40,38,39,42,38,39,42,41,40,39,43,38,43,40,31,0,0,0,0,
+0,0,0,0,24,42,26,27,24,25,26,27,24,25,26,27,24,25,26,27,24,25,41,27,0,0,0,0,
+0,0,0,0,28,38,30,31,28,29,30,31,28,29,30,31,28,29,30,31,28,29,43,31,0,0,0,0,
+0,0,0,0,24,38,26,27,24,25,26,27,24,25,26,27,24,25,26,27,24,25,38,27,0,0,0,0,
+0,0,0,0,28,38,30,31,28,29,30,31,28,29,30,31,28,29,30,31,28,29,40,31,0,0,0,0,
+0,0,0,0,24,42,26,97,93,89,96,27,24,25,26,27,24,97,89,89,96,25,43,27,0,0,0,0,
+0,0,0,0,28,42,30,88,104,105,90,31,28,29,30,31,28,88,104,105,90,29,43,31,0,0,0,0,
+0,0,0,0,24,41,26,88,108,109,94,27,24,25,26,27,24,88,108,109,94,25,42,27,0,0,0,0,
+0,0,0,0,28,40,30,92,112,113,94,31,28,29,30,31,28,88,112,113,90,29,39,31,0,0,0,0,
+0,0,0,0,24,38,26,88,116,117,94,27,24,25,26,27,24,92,116,117,90,25,43,27,0,0,0,0,
+0,0,0,0,28,38,30,92,104,105,94,31,28,29,30,31,28,92,104,105,94,29,39,31,0,0,0,0,
+0,0,0,0,24,40,26,88,108,109,90,27,24,25,26,27,24,88,108,109,90,25,43,27,0,0,0,0,
+0,0,0,0,28,38,30,98,95,91,99,31,28,29,30,31,28,98,95,95,99,29,39,31,0,0,0,0,
+0,0,0,0,24,38,26,27,24,25,26,27,24,25,26,27,24,25,26,27,24,25,41,27,0,0,0,0,
+0,0,0,0,28,41,30,31,28,29,30,31,28,29,30,31,28,29,30,31,28,29,43,31,0,0,0,0,
+0,0,0,0,24,43,26,27,24,25,26,27,24,25,26,27,24,25,26,27,24,25,41,27,0,0,0,0,
+0,0,0,0,28,39,30,31,28,29,30,31,28,29,30,31,28,29,30,31,28,29,41,31,0,0,0,0,
+0,0,0,0,24,39,42,39,38,38,39,43,39,41,41,41,39,39,40,41,43,41,39,27,0,0,0,0,
+0,0,0,0,28,29,30,31,28,29,30,31,28,29,30,31,28,29,30,31,28,29,30,31,0,0,0,0,
+0,0,0,0,0,0,0,0,0,0,0,0,0,0,0,0,0,0,0,0,0,0,0,0,0,0,0,0,
+0,0,0,0,0,0,0,0,0,0,0,0,0,0,0,0,0,0,0,0,0,0,0,0,0,0,0,0,
+0,0,0,0,0,0,0,0,0,0,0,0,0,0,0,0,0,0,0,0,0,0,0,0,0,0,0,0,
+0,0,0,0,0,0,0,0,0,0,0,0,0,0,0,0,0,0,0,0,0,0,0,0,0,0,0,0
+</data>
+ </layer>
+ <layer id="12" name="background_fringe" width="28" height="28">
+  <data encoding="csv">
+0,0,0,0,0,0,0,0,0,0,0,0,0,0,0,0,0,0,0,0,0,0,0,0,0,0,0,0,
+0,0,0,0,0,0,0,0,0,0,0,0,0,0,0,0,0,0,0,0,0,0,0,0,0,0,0,0,
+0,0,0,0,0,0,0,0,0,0,0,0,0,0,0,0,0,0,0,0,0,0,0,0,0,0,0,0,
+0,0,0,0,0,0,0,0,0,0,0,0,0,0,0,0,0,0,0,0,0,0,0,0,0,0,0,0,
+0,0,0,0,0,0,0,0,0,0,0,0,0,0,0,0,0,0,0,0,0,0,0,0,0,0,0,0,
+0,0,0,0,0,0,0,0,0,0,0,0,0,0,0,0,0,0,0,0,0,0,0,0,0,0,0,0,
+0,0,0,0,0,0,0,0,0,0,0,0,0,0,0,0,0,0,0,0,0,0,0,0,0,0,0,0,
+0,0,0,0,0,0,0,0,0,0,0,0,0,0,0,0,0,0,0,0,0,0,0,0,0,0,0,0,
+0,0,0,0,0,0,0,0,0,0,0,0,0,0,0,0,0,0,0,0,0,0,0,0,0,0,0,0,
+0,0,0,0,0,0,0,0,0,0,0,0,0,0,0,0,0,0,0,0,0,0,0,0,0,0,0,0,
+0,0,0,0,0,0,0,0,0,0,0,0,0,0,0,0,0,0,0,0,0,0,0,0,0,0,0,0,
+0,0,0,0,0,0,0,0,0,0,0,0,0,0,0,0,0,0,0,0,0,0,0,0,0,0,0,0,
+0,0,0,0,0,0,0,0,0,0,0,0,0,0,0,0,0,0,0,0,0,0,0,0,0,0,0,0,
+0,0,0,0,0,0,0,0,0,0,0,0,0,0,0,0,0,0,0,0,0,0,0,0,0,0,0,0,
+0,0,0,0,0,0,0,0,0,0,0,0,0,0,0,0,0,0,0,0,0,0,0,0,0,0,0,0,
+0,0,0,0,0,0,0,0,0,0,0,0,0,0,0,0,0,0,0,0,0,0,0,0,0,0,0,0,
+0,0,0,0,0,0,0,0,0,0,0,0,0,0,0,0,0,0,0,0,0,0,0,0,0,0,0,0,
+0,0,0,0,0,0,0,0,0,0,0,0,0,0,0,0,0,0,0,0,0,0,0,0,0,0,0,0,
+0,0,0,0,0,0,0,0,0,0,0,0,0,0,0,0,0,0,0,0,0,0,0,0,0,0,0,0,
+0,0,0,0,0,0,0,0,0,0,0,0,0,0,0,0,0,0,0,0,0,0,0,0,0,0,0,0,
+0,0,0,0,0,0,0,0,0,0,0,0,0,0,0,0,0,0,0,0,0,0,0,0,0,0,0,0,
+0,0,0,0,0,0,0,0,0,0,0,0,0,0,0,0,0,0,0,0,0,0,0,0,0,0,0,0,
+0,0,0,0,0,0,0,0,0,0,0,0,0,0,0,0,0,0,0,0,0,0,0,0,0,0,0,0,
+0,0,0,0,0,0,0,0,0,0,0,0,0,0,0,0,0,0,0,0,0,0,0,0,0,0,0,0,
+0,0,0,0,0,0,0,0,0,0,0,0,0,0,0,0,0,0,0,0,0,0,0,0,0,0,0,0,
+0,0,0,0,0,0,0,0,0,0,0,0,0,0,0,0,0,0,0,0,0,0,0,0,0,0,0,0,
+0,0,0,0,0,0,0,0,0,0,0,0,0,0,0,0,0,0,0,0,0,0,0,0,0,0,0,0,
+0,0,0,0,0,0,0,0,0,0,0,0,0,0,0,0,0,0,0,0,0,0,0,0,0,0,0,0
+</data>
+ </layer>
+ <layer id="10" name="object" width="28" height="28">
+  <data encoding="csv">
+153,154,155,156,153,154,155,156,153,154,155,156,153,154,155,156,153,154,155,156,153,154,155,156,153,154,155,156,
+157,158,159,160,157,158,159,160,157,158,159,160,157,158,159,160,157,158,159,160,157,158,159,160,157,158,159,160,
+153,154,165,166,162,165,166,162,161,163,163,166,163,166,165,162,165,165,162,164,162,162,163,166,165,164,155,156,
+157,158,165,160,157,158,159,160,157,158,159,160,157,158,159,160,157,158,159,160,157,158,159,160,157,161,159,160,
+153,154,165,156,148,214,239,177,169,237,216,141,214,196,171,179,237,249,236,237,175,137,177,149,153,163,155,156,
+157,158,164,160,176,0,0,0,0,0,0,0,0,0,0,0,0,0,0,0,0,0,0,138,157,163,159,160,
+153,154,162,156,136,0,0,0,0,0,0,0,0,0,0,0,0,0,0,0,0,0,0,138,153,166,155,156,
+157,158,162,160,168,0,0,0,0,0,0,0,0,0,0,0,0,0,0,0,0,0,0,138,157,165,159,160,
+153,154,162,156,213,0,0,0,0,0,0,0,0,203,204,0,0,0,0,0,0,0,0,138,153,161,155,156,
+157,158,164,160,176,0,0,0,0,0,0,0,0,172,240,0,0,0,0,0,0,0,0,138,157,163,159,160,
+153,154,161,156,168,0,0,0,0,0,0,0,0,217,174,0,0,0,0,0,0,0,0,138,153,164,155,156,
+157,158,164,160,178,0,0,0,230,0,0,0,203,150,151,204,0,0,0,223,192,0,0,138,157,162,159,160,
+153,154,165,156,235,0,0,0,317,0,0,0,183,149,148,144,0,0,0,0,0,0,0,138,153,164,155,156,
+157,158,164,160,248,0,0,0,0,0,0,0,0,142,176,268,0,0,0,0,0,0,0,138,157,164,159,160,
+153,154,162,156,213,0,0,0,0,0,0,0,0,138,235,0,0,0,0,0,0,0,0,138,153,166,155,156,
+157,158,162,160,168,0,0,0,189,0,0,0,146,150,151,147,0,0,0,315,0,0,0,138,157,161,159,160,
+153,154,161,156,199,0,0,0,187,312,0,0,202,149,148,219,0,0,0,223,0,0,0,138,153,166,155,156,
+157,158,164,160,238,0,0,0,0,0,0,0,0,197,168,0,0,0,0,0,0,0,0,138,157,163,159,160,
+153,154,163,156,140,0,0,0,0,0,0,0,0,180,238,0,0,0,0,0,0,0,0,138,153,164,155,156,
+157,158,162,160,213,0,0,0,0,0,0,0,0,202,201,0,0,0,0,0,0,0,0,138,157,162,159,160,
+153,154,166,156,174,0,0,0,0,0,0,0,0,0,0,0,0,0,0,0,0,0,0,138,153,166,155,156,
+157,158,166,160,168,0,0,0,0,0,0,0,0,0,0,0,0,0,0,0,0,0,0,138,157,164,159,160,
+153,154,166,156,199,0,0,0,0,0,0,0,0,0,0,0,0,0,0,0,0,0,0,138,153,164,155,156,
+157,158,161,160,151,139,139,139,139,139,139,139,139,139,139,139,139,139,139,139,139,139,139,150,157,164,159,160,
+153,154,162,156,153,154,155,156,153,154,155,156,153,154,155,156,153,154,155,156,153,154,155,156,153,164,155,156,
+157,158,162,164,166,162,166,166,161,161,161,166,164,162,162,164,164,164,165,162,162,163,166,161,165,166,159,160,
+153,154,155,156,153,154,155,156,153,154,155,156,153,154,155,156,153,154,155,156,153,154,155,156,153,154,155,156,
+157,158,159,160,157,158,159,160,157,158,159,160,157,158,159,160,157,158,159,160,157,158,159,160,157,158,159,160
+</data>
+ </layer>
+ <layer id="11" name="collision" width="28" height="28">
+  <data encoding="csv">
+3,3,3,3,3,3,3,3,3,3,3,3,3,3,3,3,3,3,3,3,3,3,3,3,3,3,3,3,
+3,3,3,3,3,3,3,3,3,3,3,3,3,3,3,3,3,3,3,3,3,3,3,3,3,3,3,3,
+3,3,3,3,3,3,3,3,3,3,3,3,3,3,3,3,3,3,3,3,3,3,3,3,3,3,3,3,
+3,3,3,3,3,3,3,3,3,3,3,3,3,3,3,3,3,3,3,3,3,3,3,3,3,3,3,3,
+3,3,3,3,1,1,1,1,1,1,1,1,1,1,1,1,1,1,1,1,1,1,1,1,3,3,3,3,
+3,3,3,3,1,0,0,0,0,0,0,0,0,0,0,0,0,0,0,0,0,0,0,1,3,3,3,3,
+3,3,3,3,1,0,0,0,0,0,0,0,0,0,0,0,0,0,0,0,0,0,0,1,3,3,3,3,
+3,3,3,3,1,0,0,0,0,0,0,0,0,0,0,0,0,0,0,0,0,0,0,1,3,3,3,3,
+3,3,3,3,1,0,0,0,0,0,0,0,0,1,1,0,0,0,0,0,0,0,0,1,3,3,3,3,
+3,3,3,3,1,0,0,0,0,0,0,0,0,1,1,0,0,0,0,0,0,0,0,1,3,3,3,3,
+3,3,3,3,1,0,0,0,0,0,0,0,0,1,1,0,0,0,0,0,0,0,0,1,3,3,3,3,
+3,3,3,3,1,0,0,0,1,0,0,0,1,1,1,1,0,0,0,1,2,0,0,1,3,3,3,3,
+3,3,3,3,1,0,0,0,2,0,0,0,1,1,1,1,0,0,0,0,0,0,0,1,3,3,3,3,
+3,3,3,3,1,0,0,0,0,0,0,0,0,1,1,2,0,0,0,0,0,0,0,1,3,3,3,3,
+3,3,3,3,1,0,0,0,0,0,0,0,0,1,1,0,0,0,0,0,0,0,0,1,3,3,3,3,
+3,3,3,3,1,0,0,0,2,0,0,0,1,1,1,1,0,0,0,2,0,0,0,1,3,3,3,3,
+3,3,3,3,1,0,0,0,2,2,0,0,1,1,1,1,0,0,0,1,0,0,0,1,3,3,3,3,
+3,3,3,3,1,0,0,0,0,0,0,0,0,1,1,0,0,0,0,0,0,0,0,1,3,3,3,3,
+3,3,3,3,1,0,0,0,0,0,0,0,0,1,1,0,0,0,0,0,0,0,0,1,3,3,3,3,
+3,3,3,3,1,0,0,0,0,0,0,0,0,1,1,0,0,0,0,0,0,0,0,1,3,3,3,3,
+3,3,3,3,1,0,0,0,0,0,0,0,0,0,0,0,0,0,0,0,0,0,0,1,3,3,3,3,
+3,3,3,3,1,0,0,0,0,0,0,0,0,0,0,0,0,0,0,0,0,0,0,1,3,3,3,3,
+3,3,3,3,1,0,0,0,0,0,0,0,0,0,0,0,0,0,0,0,0,0,0,1,3,3,3,3,
+3,3,3,3,1,1,1,1,1,1,1,1,1,1,1,1,1,1,1,1,1,1,1,1,3,3,3,3,
+3,3,3,3,3,3,3,3,3,3,3,3,3,3,3,3,3,3,3,3,3,3,3,3,3,3,3,3,
+3,3,3,3,3,3,3,3,3,3,3,3,3,3,3,3,3,3,3,3,3,3,3,3,3,3,3,3,
+3,3,3,3,3,3,3,3,3,3,3,3,3,3,3,3,3,3,3,3,3,3,3,3,3,3,3,3,
+3,3,3,3,3,3,3,3,3,3,3,3,3,3,3,3,3,3,3,3,3,3,3,3,3,3,3,3
+</data>
+ </layer>
+ <objectgroup id="22" name="event">
+  <object id="5" name="Urn" type="event" x="1440" y="1248" width="96" height="96">
+   <properties>
+    <property name="activate" value="on_trigger"/>
+    <property name="hotspot" value="location"/>
+    <property name="loot" value="loot/il_chest_common.txt"/>
+    <property name="loot_count" value="1"/>
+    <property name="mapmod" value="object,15,13,269"/>
+    <property name="repeat" value="false"/>
+    <property name="soundfx" value="soundfx/inventory/inventory_object.ogg"/>
+    <property name="tooltip" value="Urn"/>
+   </properties>
+  </object>
+ </objectgroup>
+ <objectgroup id="23" name="enemy">
+  <object id="6" type="enemy" x="576" y="576" width="1536" height="1536">
+   <properties>
+    <property name="category" value="il_common"/>
+    <property name="number" value="3,5"/>
+    <property name="spawn_level" value="hero_level,1"/>
+   </properties>
+  </object>
+ </objectgroup>
+</map>
diff --git a/tiled/iron_labyrinth/room14.tmx b/tiled/iron_labyrinth/room14.tmx
new file mode 100644
index 0000000000000000000000000000000000000000..db6b859e39e75c68441ad66080a29a412097a16d
--- /dev/null
+++ b/tiled/iron_labyrinth/room14.tmx
@@ -0,0 +1,503 @@
+<?xml version="1.0" encoding="UTF-8"?>
+<map version="1.11" tiledversion="1.12.1" orientation="isometric" renderorder="right-down" width="28" height="28" tilewidth="192" tileheight="96" infinite="0" backgroundcolor="#000000" nextlayerid="25" nextobjectid="45">
+ <editorsettings>
+  <export target="../../mods/empyrean_campaign/maps/iron_labyrinth/room14.txt" format="flare"/>
+ </editorsettings>
+ <properties>
+  <property name="hero_pos" value="13,13"/>
+  <property name="procgen_type" value="normal"/>
+  <property name="tileset" value="tilesetdefs/tileset_ruins.txt"/>
+ </properties>
+ <tileset firstgid="1" name="collision" tilewidth="192" tileheight="96" tilecount="15" columns="15">
+  <image source="../tilesheets/tiled_collision.png" width="2880" height="96"/>
+ </tileset>
+ <tileset firstgid="16" name="set_rules" tilewidth="192" tileheight="96" tilecount="8" columns="2">
+  <image source="../tilesheets/tiled_set_rules.png" width="384" height="384"/>
+ </tileset>
+ <tileset firstgid="24" name="ruins" tilewidth="192" tileheight="384" tilecount="352" columns="16">
+  <image source="../tilesheets/ruins.png" width="3072" height="8448"/>
+ </tileset>
+ <tileset firstgid="376" name="ruins_door_left" tilewidth="192" tileheight="384" tilecount="2" columns="2">
+  <tileoffset x="-48" y="-24"/>
+  <image source="../tilesheets/ruins_door_left.png" width="384" height="384"/>
+ </tileset>
+ <tileset firstgid="378" name="ruins_door_right" tilewidth="192" tileheight="384" tilecount="2" columns="2">
+  <tileoffset x="48" y="-24"/>
+  <image source="../tilesheets/ruins_door_right.png" width="384" height="384"/>
+ </tileset>
+ <tileset firstgid="380" name="ruins_2x2" tilewidth="384" tileheight="192" tilecount="4" columns="4">
+  <tileoffset x="0" y="48"/>
+  <image source="../tilesheets/ruins_2x2.png" width="1536" height="192"/>
+ </tileset>
+ <tileset firstgid="384" name="boss_chest" tilewidth="192" tileheight="192" tilecount="4" columns="4">
+  <image source="../tilesheets/boss_chest.png" width="768" height="192"/>
+ </tileset>
+ <layer id="9" name="background" width="28" height="28">
+  <data encoding="csv">
+0,0,0,0,0,0,0,0,0,0,0,0,0,0,0,0,0,0,0,0,0,0,0,0,0,0,0,0,
+0,0,0,0,0,0,0,0,0,0,0,0,0,0,0,0,0,0,0,0,0,0,0,0,0,0,0,0,
+0,0,0,0,0,0,0,0,0,0,0,0,0,0,0,0,0,0,0,0,0,0,0,0,0,0,0,0,
+0,0,0,0,0,0,0,0,0,0,0,0,0,0,0,0,0,0,0,0,0,0,0,0,0,0,0,0,
+0,0,0,0,24,25,26,27,24,25,26,27,24,25,26,27,24,25,26,27,24,25,26,27,0,0,0,0,
+0,0,0,0,28,42,42,39,40,40,38,39,42,38,39,42,41,40,39,43,38,43,40,31,0,0,0,0,
+0,0,0,0,24,42,26,27,24,25,26,27,24,25,26,27,24,25,26,27,24,25,41,27,0,0,0,0,
+0,0,0,0,28,38,30,31,28,29,30,31,28,40,38,31,28,29,30,31,28,29,43,31,0,0,0,0,
+0,0,0,0,24,38,26,27,24,25,26,27,24,121,121,27,24,25,26,27,24,25,38,27,0,0,0,0,
+0,0,0,0,28,38,30,31,28,29,30,31,28,121,121,31,28,29,30,31,28,29,40,31,0,0,0,0,
+0,0,0,0,24,42,26,27,24,25,26,27,24,121,121,27,24,25,26,27,24,25,43,27,0,0,0,0,
+0,0,0,0,28,42,30,31,28,29,30,31,28,40,38,122,124,29,30,31,28,29,43,31,0,0,0,0,
+0,0,0,0,24,41,26,27,24,25,26,68,64,25,26,123,0,25,26,27,24,25,42,27,0,0,0,0,
+0,0,0,0,28,40,30,40,121,121,121,38,86,42,30,31,42,121,121,121,42,29,39,31,0,0,0,0,
+0,0,0,0,24,38,26,42,121,121,121,43,24,25,26,27,42,121,121,121,38,25,43,27,0,0,0,0,
+0,0,0,0,28,38,30,31,28,29,30,122,124,29,30,122,124,29,30,31,28,29,39,31,0,0,0,0,
+0,0,0,0,24,40,26,27,24,25,26,123,0,40,41,123,0,25,26,27,24,25,43,27,0,0,0,0,
+0,0,0,0,28,38,30,31,28,29,30,31,28,121,121,31,28,29,30,31,28,29,39,31,0,0,0,0,
+0,0,0,0,24,38,26,27,24,25,26,27,24,121,121,27,24,25,26,27,24,25,41,27,0,0,0,0,
+0,0,0,0,28,41,30,31,28,29,30,31,28,121,121,31,28,29,30,31,28,29,43,31,0,0,0,0,
+0,0,0,0,24,43,26,27,24,25,26,27,24,39,39,27,24,25,26,27,24,25,41,27,0,0,0,0,
+0,0,0,0,28,39,30,31,28,29,30,31,28,29,30,31,28,29,30,31,28,29,41,31,0,0,0,0,
+0,0,0,0,24,39,42,39,38,38,39,43,39,41,41,41,39,39,40,41,43,41,39,27,0,0,0,0,
+0,0,0,0,28,29,30,31,28,29,30,31,28,29,30,31,28,29,30,31,28,29,30,31,0,0,0,0,
+0,0,0,0,0,0,0,0,0,0,0,0,0,0,0,0,0,0,0,0,0,0,0,0,0,0,0,0,
+0,0,0,0,0,0,0,0,0,0,0,0,0,0,0,0,0,0,0,0,0,0,0,0,0,0,0,0,
+0,0,0,0,0,0,0,0,0,0,0,0,0,0,0,0,0,0,0,0,0,0,0,0,0,0,0,0,
+0,0,0,0,0,0,0,0,0,0,0,0,0,0,0,0,0,0,0,0,0,0,0,0,0,0,0,0
+</data>
+ </layer>
+ <layer id="12" name="background_fringe" width="28" height="28">
+  <data encoding="csv">
+0,0,0,0,0,0,0,0,0,0,0,0,0,0,0,0,0,0,0,0,0,0,0,0,0,0,0,0,
+0,0,0,0,0,0,0,0,0,0,0,0,0,0,0,0,0,0,0,0,0,0,0,0,0,0,0,0,
+0,0,0,0,0,0,0,0,0,0,0,0,0,0,0,0,0,0,0,0,0,0,0,0,0,0,0,0,
+0,0,0,0,0,0,0,0,0,0,0,0,0,0,0,0,0,0,0,0,0,0,0,0,0,0,0,0,
+0,0,0,0,0,0,0,0,0,0,0,0,0,0,0,0,0,0,0,0,0,0,0,0,0,0,0,0,
+0,0,0,0,0,0,0,0,0,0,0,0,0,0,0,0,0,0,0,0,0,0,0,0,0,0,0,0,
+0,0,0,0,0,0,0,0,0,0,0,0,0,0,0,0,0,0,0,0,0,0,0,0,0,0,0,0,
+0,0,0,0,0,0,0,0,0,0,0,0,0,0,0,0,0,0,0,0,0,0,0,0,0,0,0,0,
+0,0,0,0,0,0,0,0,0,0,0,0,0,0,0,0,0,0,0,0,0,0,0,0,0,0,0,0,
+0,0,0,0,0,0,0,0,0,0,0,0,0,0,0,0,0,0,0,0,0,0,0,0,0,0,0,0,
+0,0,0,0,0,0,0,0,0,0,0,0,0,0,0,0,0,0,0,0,0,0,0,0,0,0,0,0,
+0,0,0,0,0,0,0,0,0,0,0,0,0,0,0,58,59,0,0,0,0,0,0,0,0,0,0,0,
+0,0,0,0,0,0,0,0,0,0,0,0,0,0,0,57,56,0,0,0,0,0,0,0,0,0,0,0,
+0,0,0,0,0,0,0,0,0,0,0,0,0,0,0,0,0,0,0,0,0,0,0,0,0,0,0,0,
+0,0,0,0,0,0,0,0,0,0,0,0,0,0,0,0,0,0,0,0,0,0,0,0,0,0,0,0,
+0,0,0,0,0,0,0,0,0,0,0,58,59,0,0,58,59,0,0,0,0,0,0,0,0,0,0,0,
+0,0,0,0,0,0,0,0,0,0,0,57,56,0,0,57,56,0,0,0,0,0,0,0,0,0,0,0,
+0,0,0,0,0,0,0,0,0,0,0,0,0,0,0,0,0,0,0,0,0,0,0,0,0,0,0,0,
+0,0,0,0,0,0,0,0,0,0,0,0,0,0,0,0,0,0,0,0,0,0,0,0,0,0,0,0,
+0,0,0,0,0,0,0,0,0,0,0,0,0,0,0,0,0,0,0,0,0,0,0,0,0,0,0,0,
+0,0,0,0,0,0,0,0,0,0,0,0,0,0,0,0,0,0,0,0,0,0,0,0,0,0,0,0,
+0,0,0,0,0,0,0,0,0,0,0,0,0,0,0,0,0,0,0,0,0,0,0,0,0,0,0,0,
+0,0,0,0,0,0,0,0,0,0,0,0,0,0,0,0,0,0,0,0,0,0,0,0,0,0,0,0,
+0,0,0,0,0,0,0,0,0,0,0,0,0,0,0,0,0,0,0,0,0,0,0,0,0,0,0,0,
+0,0,0,0,0,0,0,0,0,0,0,0,0,0,0,0,0,0,0,0,0,0,0,0,0,0,0,0,
+0,0,0,0,0,0,0,0,0,0,0,0,0,0,0,0,0,0,0,0,0,0,0,0,0,0,0,0,
+0,0,0,0,0,0,0,0,0,0,0,0,0,0,0,0,0,0,0,0,0,0,0,0,0,0,0,0,
+0,0,0,0,0,0,0,0,0,0,0,0,0,0,0,0,0,0,0,0,0,0,0,0,0,0,0,0
+</data>
+ </layer>
+ <layer id="10" name="object" width="28" height="28">
+  <data encoding="csv">
+153,154,155,156,153,154,155,156,153,154,155,156,153,154,155,156,153,154,155,156,153,154,155,156,153,154,155,156,
+157,158,159,160,157,158,159,160,157,158,159,160,157,158,159,160,157,158,159,160,157,158,159,160,157,158,159,160,
+153,154,165,166,162,165,166,162,161,163,163,166,163,166,165,162,165,165,162,164,162,162,163,166,165,164,155,156,
+157,158,165,160,157,158,159,160,157,158,159,160,157,158,159,160,157,158,159,160,157,158,159,160,157,161,159,160,
+153,154,165,156,148,137,196,237,236,216,141,214,175,177,214,169,239,169,137,196,236,177,171,149,153,163,155,156,
+157,158,164,160,199,0,0,0,0,0,0,0,0,0,0,0,0,0,0,0,0,0,0,138,157,163,159,160,
+153,154,162,156,238,0,0,0,0,0,0,0,0,0,0,0,0,0,0,0,0,0,0,138,153,166,155,156,
+157,158,162,160,140,0,0,0,0,0,0,0,243,0,0,243,0,0,0,0,0,0,0,138,157,165,159,160,
+153,154,162,156,176,0,0,0,0,0,0,146,147,0,0,146,147,0,0,0,0,0,0,138,153,161,155,156,
+157,158,164,160,195,0,0,0,0,146,139,150,199,0,0,138,151,139,184,0,0,0,0,138,157,163,159,160,
+153,154,161,156,136,0,0,0,0,138,148,177,144,0,0,145,175,149,215,0,0,0,0,138,153,164,155,156,
+157,158,164,160,199,0,0,0,146,150,170,289,190,0,0,0,0,138,151,147,0,0,0,138,157,162,159,160,
+153,154,165,156,136,0,0,242,183,200,144,0,0,0,0,0,0,145,236,144,244,0,0,138,153,164,155,156,
+157,158,164,160,176,0,0,0,0,0,0,0,0,265,0,0,0,0,0,0,0,0,0,138,157,164,159,160,
+153,154,162,156,174,0,0,0,0,0,0,0,0,0,0,0,0,0,0,0,0,0,0,138,153,166,155,156,
+157,158,162,160,199,0,0,242,146,139,147,0,0,0,0,0,0,146,139,222,244,0,0,138,157,161,159,160,
+153,154,161,156,170,0,0,0,145,149,178,0,0,0,0,0,0,138,148,144,0,0,0,138,153,166,155,156,
+157,158,164,160,195,0,0,0,0,138,151,139,147,0,0,146,139,150,248,194,0,0,0,138,157,163,159,160,
+153,154,163,156,213,0,0,0,0,220,237,149,235,0,0,138,148,239,209,0,0,0,0,138,153,164,155,156,
+157,158,162,160,176,0,0,0,0,0,0,145,144,0,0,145,219,0,0,0,0,0,0,138,157,162,159,160,
+153,154,166,156,240,0,0,0,0,0,0,0,241,0,0,241,0,0,0,0,0,0,0,138,153,166,155,156,
+157,158,166,160,176,0,0,0,0,0,0,0,0,0,0,0,0,0,0,0,0,0,0,138,157,164,159,160,
+153,154,166,156,140,0,0,0,0,0,0,0,0,0,0,0,0,0,0,0,0,0,0,138,153,164,155,156,
+157,158,161,160,151,139,139,139,139,139,139,139,139,139,139,139,139,139,139,139,139,139,139,150,157,164,159,160,
+153,154,162,156,153,154,155,156,153,154,155,156,153,154,155,156,153,154,155,156,153,154,155,156,153,164,155,156,
+157,158,162,164,166,162,166,166,161,161,161,166,164,162,162,164,164,164,165,162,162,163,166,161,165,166,159,160,
+153,154,155,156,153,154,155,156,153,154,155,156,153,154,155,156,153,154,155,156,153,154,155,156,153,154,155,156,
+157,158,159,160,157,158,159,160,157,158,159,160,157,158,159,160,157,158,159,160,157,158,159,160,157,158,159,160
+</data>
+ </layer>
+ <layer id="11" name="collision" width="28" height="28">
+  <data encoding="csv">
+3,3,3,3,3,3,3,3,3,3,3,3,3,3,3,3,3,3,3,3,3,3,3,3,3,3,3,3,
+3,3,3,3,3,3,3,3,3,3,3,3,3,3,3,3,3,3,3,3,3,3,3,3,3,3,3,3,
+3,3,3,3,3,3,3,3,3,3,3,3,3,3,3,3,3,3,3,3,3,3,3,3,3,3,3,3,
+3,3,3,3,3,3,3,3,3,3,3,3,3,3,3,3,3,3,3,3,3,3,3,3,3,3,3,3,
+3,3,3,3,1,1,1,1,1,1,1,1,1,1,1,1,1,1,1,1,1,1,1,1,3,3,3,3,
+3,3,3,3,1,0,0,0,0,0,0,0,0,0,0,0,0,0,0,0,0,0,0,1,3,3,3,3,
+3,3,3,3,1,0,0,0,0,0,0,0,0,0,0,0,0,0,0,0,0,0,0,1,3,3,3,3,
+3,3,3,3,1,0,0,0,0,0,0,0,1,0,0,1,0,0,0,0,0,0,0,1,3,3,3,3,
+3,3,3,3,1,0,0,0,0,0,0,1,1,0,0,1,1,0,0,0,0,0,0,1,3,3,3,3,
+3,3,3,3,1,0,0,0,0,1,1,1,1,0,0,1,1,1,1,0,0,0,0,1,3,3,3,3,
+3,3,3,3,1,0,0,0,0,1,1,1,1,0,0,1,1,1,1,0,0,0,0,1,3,3,3,3,
+3,3,3,3,1,0,0,0,1,1,1,2,2,0,0,2,2,1,1,1,0,0,0,1,3,3,3,3,
+3,3,3,3,1,0,0,1,1,1,1,0,0,0,0,2,2,1,1,1,1,0,0,1,3,3,3,3,
+3,3,3,3,1,0,0,0,0,0,0,0,0,2,0,0,0,0,0,0,0,0,0,1,3,3,3,3,
+3,3,3,3,1,0,0,0,0,0,0,0,0,0,0,0,0,0,0,0,0,0,0,1,3,3,3,3,
+3,3,3,3,1,0,0,1,1,1,1,2,2,0,0,2,2,1,1,1,1,0,0,1,3,3,3,3,
+3,3,3,3,1,0,0,0,1,1,1,2,2,0,0,2,2,1,1,1,0,0,0,1,3,3,3,3,
+3,3,3,3,1,0,0,0,0,1,1,1,1,0,0,1,1,1,1,2,0,0,0,1,3,3,3,3,
+3,3,3,3,1,0,0,0,0,1,1,1,1,0,0,1,1,1,1,0,0,0,0,1,3,3,3,3,
+3,3,3,3,1,0,0,0,0,0,0,1,1,0,0,1,1,0,0,0,0,0,0,1,3,3,3,3,
+3,3,3,3,1,0,0,0,0,0,0,0,1,0,0,1,0,0,0,0,0,0,0,1,3,3,3,3,
+3,3,3,3,1,0,0,0,0,0,0,0,0,0,0,0,0,0,0,0,0,0,0,1,3,3,3,3,
+3,3,3,3,1,0,0,0,0,0,0,0,0,0,0,0,0,0,0,0,0,0,0,1,3,3,3,3,
+3,3,3,3,1,1,1,1,1,1,1,1,1,1,1,1,1,1,1,1,1,1,1,1,3,3,3,3,
+3,3,3,3,3,3,3,3,3,3,3,3,3,3,3,3,3,3,3,3,3,3,3,3,3,3,3,3,
+3,3,3,3,3,3,3,3,3,3,3,3,3,3,3,3,3,3,3,3,3,3,3,3,3,3,3,3,
+3,3,3,3,3,3,3,3,3,3,3,3,3,3,3,3,3,3,3,3,3,3,3,3,3,3,3,3,
+3,3,3,3,3,3,3,3,3,3,3,3,3,3,3,3,3,3,3,3,3,3,3,3,3,3,3,3
+</data>
+ </layer>
+ <objectgroup id="22" name="event">
+  <object id="5" name="floor spikes (east)" type="event" x="1632" y="1248" width="96" height="96">
+   <properties>
+    <property name="activate" value="static"/>
+    <property name="delay" value="3s"/>
+    <property name="power" value="255"/>
+    <property name="power_level" value="hero_level,1"/>
+    <property name="power_stats" value="enemies/map_powers/il_spike_trap_weak.txt"/>
+    <property name="repeat" value="true"/>
+   </properties>
+  </object>
+  <object id="6" name="floor spikes (east)" type="event" x="1632" y="1344" width="96" height="96">
+   <properties>
+    <property name="activate" value="static"/>
+    <property name="delay" value="3s"/>
+    <property name="power" value="255"/>
+    <property name="power_level" value="hero_level,1"/>
+    <property name="power_stats" value="enemies/map_powers/il_spike_trap_weak.txt"/>
+    <property name="repeat" value="true"/>
+   </properties>
+  </object>
+  <object id="7" name="floor spikes (east)" type="event" x="1728" y="1344" width="96" height="96">
+   <properties>
+    <property name="activate" value="static"/>
+    <property name="cooldown" value="1s"/>
+    <property name="delay" value="2s"/>
+    <property name="power" value="255"/>
+    <property name="power_level" value="hero_level,1"/>
+    <property name="power_stats" value="enemies/map_powers/il_spike_trap_weak.txt"/>
+    <property name="repeat" value="true"/>
+   </properties>
+  </object>
+  <object id="8" name="floor spikes (east)" type="event" x="1728" y="1248" width="96" height="96">
+   <properties>
+    <property name="activate" value="static"/>
+    <property name="cooldown" value="1s"/>
+    <property name="delay" value="2s"/>
+    <property name="power" value="255"/>
+    <property name="power_level" value="hero_level,1"/>
+    <property name="power_stats" value="enemies/map_powers/il_spike_trap_weak.txt"/>
+    <property name="repeat" value="true"/>
+   </properties>
+  </object>
+  <object id="9" name="floor spikes (east)" type="event" x="1824" y="1248" width="96" height="96">
+   <properties>
+    <property name="activate" value="static"/>
+    <property name="cooldown" value="2s"/>
+    <property name="delay" value="1s"/>
+    <property name="power" value="255"/>
+    <property name="power_level" value="hero_level,1"/>
+    <property name="power_stats" value="enemies/map_powers/il_spike_trap_weak.txt"/>
+    <property name="repeat" value="true"/>
+   </properties>
+  </object>
+  <object id="10" name="floor spikes (east)" type="event" x="1824" y="1344" width="96" height="96">
+   <properties>
+    <property name="activate" value="static"/>
+    <property name="cooldown" value="2s"/>
+    <property name="delay" value="1s"/>
+    <property name="power" value="255"/>
+    <property name="power_level" value="hero_level,1"/>
+    <property name="power_stats" value="enemies/map_powers/il_spike_trap_weak.txt"/>
+    <property name="repeat" value="true"/>
+   </properties>
+  </object>
+  <object id="11" name="spike sound" type="event" x="1728" y="1440" width="96" height="96">
+   <properties>
+    <property name="activate" value="static"/>
+    <property name="delay" value="1s"/>
+    <property name="repeat" value="true"/>
+    <property name="soundfx" value="soundfx/powers/spikes.ogg"/>
+   </properties>
+  </object>
+  <object id="18" name="floor spikes (west)" type="event" x="960" y="1248" width="96" height="96">
+   <properties>
+    <property name="activate" value="static"/>
+    <property name="delay" value="3s"/>
+    <property name="power" value="255"/>
+    <property name="power_level" value="hero_level,1"/>
+    <property name="power_stats" value="enemies/map_powers/il_spike_trap_weak.txt"/>
+    <property name="repeat" value="true"/>
+   </properties>
+  </object>
+  <object id="19" name="floor spikes (west)" type="event" x="960" y="1344" width="96" height="96">
+   <properties>
+    <property name="activate" value="static"/>
+    <property name="delay" value="3s"/>
+    <property name="power" value="255"/>
+    <property name="power_level" value="hero_level,1"/>
+    <property name="power_stats" value="enemies/map_powers/il_spike_trap_weak.txt"/>
+    <property name="repeat" value="true"/>
+   </properties>
+  </object>
+  <object id="20" name="floor spikes (west)" type="event" x="864" y="1344" width="96" height="96">
+   <properties>
+    <property name="activate" value="static"/>
+    <property name="cooldown" value="1s"/>
+    <property name="delay" value="2s"/>
+    <property name="power" value="255"/>
+    <property name="power_level" value="hero_level,1"/>
+    <property name="power_stats" value="enemies/map_powers/il_spike_trap_weak.txt"/>
+    <property name="repeat" value="true"/>
+   </properties>
+  </object>
+  <object id="21" name="floor spikes (west)" type="event" x="864" y="1248" width="96" height="96">
+   <properties>
+    <property name="activate" value="static"/>
+    <property name="cooldown" value="1s"/>
+    <property name="delay" value="2s"/>
+    <property name="power" value="255"/>
+    <property name="power_level" value="hero_level,1"/>
+    <property name="power_stats" value="enemies/map_powers/il_spike_trap_weak.txt"/>
+    <property name="repeat" value="true"/>
+   </properties>
+  </object>
+  <object id="22" name="floor spikes (west)" type="event" x="768" y="1248" width="96" height="96">
+   <properties>
+    <property name="activate" value="static"/>
+    <property name="cooldown" value="2s"/>
+    <property name="delay" value="1s"/>
+    <property name="power" value="255"/>
+    <property name="power_level" value="hero_level,1"/>
+    <property name="power_stats" value="enemies/map_powers/il_spike_trap_weak.txt"/>
+    <property name="repeat" value="true"/>
+   </properties>
+  </object>
+  <object id="23" name="floor spikes (west)" type="event" x="768" y="1344" width="96" height="96">
+   <properties>
+    <property name="activate" value="static"/>
+    <property name="cooldown" value="2s"/>
+    <property name="delay" value="1s"/>
+    <property name="power" value="255"/>
+    <property name="power_level" value="hero_level,1"/>
+    <property name="power_stats" value="enemies/map_powers/il_spike_trap_weak.txt"/>
+    <property name="repeat" value="true"/>
+   </properties>
+  </object>
+  <object id="24" name="spike sound" type="event" x="864" y="1152" width="96" height="96">
+   <properties>
+    <property name="activate" value="static"/>
+    <property name="delay" value="1s"/>
+    <property name="repeat" value="true"/>
+    <property name="soundfx" value="soundfx/powers/spikes.ogg"/>
+   </properties>
+  </object>
+  <object id="25" name="floor spikes (south)" type="event" x="1248" y="1632" width="96" height="96">
+   <properties>
+    <property name="activate" value="static"/>
+    <property name="delay" value="3s"/>
+    <property name="power" value="255"/>
+    <property name="power_level" value="hero_level,1"/>
+    <property name="power_stats" value="enemies/map_powers/il_spike_trap_weak.txt"/>
+    <property name="repeat" value="true"/>
+   </properties>
+  </object>
+  <object id="26" name="floor spikes (south)" type="event" x="1344" y="1632" width="96" height="96">
+   <properties>
+    <property name="activate" value="static"/>
+    <property name="delay" value="3s"/>
+    <property name="power" value="255"/>
+    <property name="power_level" value="hero_level,1"/>
+    <property name="power_stats" value="enemies/map_powers/il_spike_trap_weak.txt"/>
+    <property name="repeat" value="true"/>
+   </properties>
+  </object>
+  <object id="27" name="floor spikes (south)" type="event" x="1248" y="1728" width="96" height="96">
+   <properties>
+    <property name="activate" value="static"/>
+    <property name="cooldown" value="1s"/>
+    <property name="delay" value="2s"/>
+    <property name="power" value="255"/>
+    <property name="power_level" value="hero_level,1"/>
+    <property name="power_stats" value="enemies/map_powers/il_spike_trap_weak.txt"/>
+    <property name="repeat" value="true"/>
+   </properties>
+  </object>
+  <object id="28" name="floor spikes (south)" type="event" x="1344" y="1728" width="96" height="96">
+   <properties>
+    <property name="activate" value="static"/>
+    <property name="cooldown" value="1s"/>
+    <property name="delay" value="2s"/>
+    <property name="power" value="255"/>
+    <property name="power_level" value="hero_level,1"/>
+    <property name="power_stats" value="enemies/map_powers/il_spike_trap_weak.txt"/>
+    <property name="repeat" value="true"/>
+   </properties>
+  </object>
+  <object id="29" name="floor spikes (south)" type="event" x="1248" y="1824" width="96" height="96">
+   <properties>
+    <property name="activate" value="static"/>
+    <property name="cooldown" value="2s"/>
+    <property name="delay" value="1s"/>
+    <property name="power" value="255"/>
+    <property name="power_level" value="hero_level,1"/>
+    <property name="power_stats" value="enemies/map_powers/il_spike_trap_weak.txt"/>
+    <property name="repeat" value="true"/>
+   </properties>
+  </object>
+  <object id="30" name="floor spikes (south)" type="event" x="1344" y="1824" width="96" height="96">
+   <properties>
+    <property name="activate" value="static"/>
+    <property name="cooldown" value="2s"/>
+    <property name="delay" value="1s"/>
+    <property name="power" value="255"/>
+    <property name="power_level" value="hero_level,1"/>
+    <property name="power_stats" value="enemies/map_powers/il_spike_trap_weak.txt"/>
+    <property name="repeat" value="true"/>
+   </properties>
+  </object>
+  <object id="31" name="spike sound" type="event" x="1152" y="1728" width="96" height="96">
+   <properties>
+    <property name="activate" value="static"/>
+    <property name="delay" value="1s"/>
+    <property name="repeat" value="true"/>
+    <property name="soundfx" value="soundfx/powers/spikes.ogg"/>
+   </properties>
+  </object>
+  <object id="32" name="floor spikes (north)" type="event" x="1248" y="960" width="96" height="96">
+   <properties>
+    <property name="activate" value="static"/>
+    <property name="delay" value="3s"/>
+    <property name="power" value="255"/>
+    <property name="power_level" value="hero_level,1"/>
+    <property name="power_stats" value="enemies/map_powers/il_spike_trap_weak.txt"/>
+    <property name="repeat" value="true"/>
+   </properties>
+  </object>
+  <object id="33" name="floor spikes (north)" type="event" x="1344" y="960" width="96" height="96">
+   <properties>
+    <property name="activate" value="static"/>
+    <property name="delay" value="3s"/>
+    <property name="power" value="255"/>
+    <property name="power_level" value="hero_level,1"/>
+    <property name="power_stats" value="enemies/map_powers/il_spike_trap_weak.txt"/>
+    <property name="repeat" value="true"/>
+   </properties>
+  </object>
+  <object id="34" name="floor spikes (north)" type="event" x="1248" y="864" width="96" height="96">
+   <properties>
+    <property name="activate" value="static"/>
+    <property name="cooldown" value="1s"/>
+    <property name="delay" value="2s"/>
+    <property name="power" value="255"/>
+    <property name="power_level" value="hero_level,1"/>
+    <property name="power_stats" value="enemies/map_powers/il_spike_trap_weak.txt"/>
+    <property name="repeat" value="true"/>
+   </properties>
+  </object>
+  <object id="35" name="floor spikes (north)" type="event" x="1344" y="864" width="96" height="96">
+   <properties>
+    <property name="activate" value="static"/>
+    <property name="cooldown" value="1s"/>
+    <property name="delay" value="2s"/>
+    <property name="power" value="255"/>
+    <property name="power_level" value="hero_level,1"/>
+    <property name="power_stats" value="enemies/map_powers/il_spike_trap_weak.txt"/>
+    <property name="repeat" value="true"/>
+   </properties>
+  </object>
+  <object id="36" name="floor spikes (north)" type="event" x="1248" y="768" width="96" height="96">
+   <properties>
+    <property name="activate" value="static"/>
+    <property name="cooldown" value="2s"/>
+    <property name="delay" value="1s"/>
+    <property name="power" value="255"/>
+    <property name="power_level" value="hero_level,1"/>
+    <property name="power_stats" value="enemies/map_powers/il_spike_trap_weak.txt"/>
+    <property name="repeat" value="true"/>
+   </properties>
+  </object>
+  <object id="37" name="floor spikes (north)" type="event" x="1344" y="768" width="96" height="96">
+   <properties>
+    <property name="activate" value="static"/>
+    <property name="cooldown" value="2s"/>
+    <property name="delay" value="1s"/>
+    <property name="power" value="255"/>
+    <property name="power_level" value="hero_level,1"/>
+    <property name="power_stats" value="enemies/map_powers/il_spike_trap_weak.txt"/>
+    <property name="repeat" value="true"/>
+   </properties>
+  </object>
+  <object id="38" name="spike sound" type="event" x="1440" y="864" width="96" height="96">
+   <properties>
+    <property name="activate" value="static"/>
+    <property name="delay" value="1s"/>
+    <property name="repeat" value="true"/>
+    <property name="soundfx" value="soundfx/powers/spikes.ogg"/>
+   </properties>
+  </object>
+  <object id="39" name="Water dripping" type="event" x="1056" y="1056" width="96" height="96">
+   <properties>
+    <property name="activate" value="on_load"/>
+    <property name="soundfx" value="soundfx/environment/cave_droplets_loop.ogg"/>
+   </properties>
+  </object>
+  <object id="40" name="Treasure Chest" type="event" x="1248" y="1248" width="96" height="96">
+   <properties>
+    <property name="activate" value="on_trigger"/>
+    <property name="hotspot" value="location"/>
+    <property name="loot" value="loot/il_chest_common.txt"/>
+    <property name="loot_count" value="3,4"/>
+    <property name="mapmod" value="object,13,13,267"/>
+    <property name="repeat" value="false"/>
+    <property name="soundfx" value="soundfx/wood_open.ogg"/>
+    <property name="tooltip" value="Treasure Chest"/>
+   </properties>
+  </object>
+ </objectgroup>
+ <objectgroup id="23" name="enemy">
+  <object id="41" type="enemy" x="480" y="480" width="480" height="480">
+   <properties>
+    <property name="category" value="il_common"/>
+    <property name="number" value="1,3"/>
+    <property name="spawn_level" value="hero_level,1"/>
+   </properties>
+  </object>
+ </objectgroup>
+ <objectgroup id="24" name="enemy">
+  <object id="42" type="enemy" x="1728" y="480" width="480" height="480">
+   <properties>
+    <property name="category" value="il_common"/>
+    <property name="number" value="1,3"/>
+    <property name="spawn_level" value="hero_level,1"/>
+   </properties>
+  </object>
+  <object id="43" type="enemy" x="1728" y="1728" width="480" height="480">
+   <properties>
+    <property name="category" value="il_common"/>
+    <property name="number" value="1,3"/>
+    <property name="spawn_level" value="hero_level,1"/>
+   </properties>
+  </object>
+  <object id="44" type="enemy" x="480" y="1728" width="480" height="480">
+   <properties>
+    <property name="category" value="il_common"/>
+    <property name="number" value="1,3"/>
+    <property name="spawn_level" value="hero_level,1"/>
+   </properties>
+  </object>
+ </objectgroup>
+</map>
diff --git a/tiled/iron_labyrinth/room15.tmx b/tiled/iron_labyrinth/room15.tmx
new file mode 100644
index 0000000000000000000000000000000000000000..239f0b11cd023a5af0266f706877621d5f77ba25
--- /dev/null
+++ b/tiled/iron_labyrinth/room15.tmx
@@ -0,0 +1,228 @@
+<?xml version="1.0" encoding="UTF-8"?>
+<map version="1.11" tiledversion="1.12.1" orientation="isometric" renderorder="right-down" width="28" height="28" tilewidth="192" tileheight="96" infinite="0" backgroundcolor="#000000" nextlayerid="24" nextobjectid="13">
+ <editorsettings>
+  <export target="../../mods/empyrean_campaign/maps/iron_labyrinth/room15.txt" format="flare"/>
+ </editorsettings>
+ <properties>
+  <property name="hero_pos" value="13,13"/>
+  <property name="procgen_type" value="normal"/>
+  <property name="tileset" value="tilesetdefs/tileset_ruins.txt"/>
+ </properties>
+ <tileset firstgid="1" name="collision" tilewidth="192" tileheight="96" tilecount="15" columns="15">
+  <image source="../tilesheets/tiled_collision.png" width="2880" height="96"/>
+ </tileset>
+ <tileset firstgid="16" name="set_rules" tilewidth="192" tileheight="96" tilecount="8" columns="2">
+  <image source="../tilesheets/tiled_set_rules.png" width="384" height="384"/>
+ </tileset>
+ <tileset firstgid="24" name="ruins" tilewidth="192" tileheight="384" tilecount="352" columns="16">
+  <image source="../tilesheets/ruins.png" width="3072" height="8448"/>
+ </tileset>
+ <tileset firstgid="376" name="ruins_door_left" tilewidth="192" tileheight="384" tilecount="2" columns="2">
+  <tileoffset x="-48" y="-24"/>
+  <image source="../tilesheets/ruins_door_left.png" width="384" height="384"/>
+ </tileset>
+ <tileset firstgid="378" name="ruins_door_right" tilewidth="192" tileheight="384" tilecount="2" columns="2">
+  <tileoffset x="48" y="-24"/>
+  <image source="../tilesheets/ruins_door_right.png" width="384" height="384"/>
+ </tileset>
+ <tileset firstgid="380" name="ruins_2x2" tilewidth="384" tileheight="192" tilecount="4" columns="4">
+  <tileoffset x="0" y="48"/>
+  <image source="../tilesheets/ruins_2x2.png" width="1536" height="192"/>
+ </tileset>
+ <tileset firstgid="384" name="boss_chest" tilewidth="192" tileheight="192" tilecount="4" columns="4">
+  <image source="../tilesheets/boss_chest.png" width="768" height="192"/>
+ </tileset>
+ <layer id="9" name="background" width="28" height="28">
+  <data encoding="csv">
+0,0,0,0,0,0,0,0,0,0,0,0,0,0,0,0,0,0,0,0,0,0,0,0,0,0,0,0,
+0,0,0,0,0,0,0,0,0,0,0,0,0,0,0,0,0,0,0,0,0,0,0,0,0,0,0,0,
+0,0,0,0,0,0,0,0,0,0,0,0,0,0,0,0,0,0,0,0,0,0,0,0,0,0,0,0,
+0,0,0,0,0,0,0,0,0,0,0,0,0,0,0,0,0,0,0,0,0,0,0,0,0,0,0,0,
+0,0,0,0,24,25,26,27,24,25,26,27,24,25,26,27,24,25,26,27,24,25,26,27,0,0,0,0,
+0,0,0,0,28,42,42,39,40,40,38,39,42,38,39,42,41,40,39,43,38,43,40,31,0,0,0,0,
+0,0,0,0,24,42,26,27,24,25,26,27,24,25,26,27,24,25,26,27,24,25,41,27,0,0,0,0,
+0,0,0,0,28,38,30,31,28,29,30,31,28,29,30,31,28,29,30,31,28,29,43,31,0,0,0,0,
+0,0,0,0,24,38,26,27,24,25,26,27,24,25,26,27,24,25,26,27,24,25,38,27,0,0,0,0,
+0,0,0,0,28,38,30,31,28,29,30,31,28,29,30,31,28,29,30,31,28,29,40,31,0,0,0,0,
+0,0,0,0,24,42,26,27,24,25,0,0,0,0,0,0,0,0,26,27,24,25,43,27,0,0,0,0,
+0,0,0,0,28,42,30,31,28,29,0,0,0,0,0,0,0,0,30,31,28,29,43,31,0,0,0,0,
+0,0,0,0,24,41,26,27,24,25,0,0,0,0,0,0,0,0,26,27,24,25,42,27,0,0,0,0,
+0,0,0,0,28,40,30,31,28,29,0,0,0,0,0,0,0,0,30,31,28,29,39,31,0,0,0,0,
+0,0,0,0,24,38,26,27,24,25,0,0,0,0,0,0,0,0,26,27,24,25,43,27,0,0,0,0,
+0,0,0,0,28,38,30,31,28,29,0,0,0,0,0,0,0,0,30,31,28,29,39,31,0,0,0,0,
+0,0,0,0,24,40,26,27,24,25,0,0,0,0,0,0,0,0,26,27,24,25,43,27,0,0,0,0,
+0,0,0,0,28,38,30,31,28,29,0,0,0,0,0,0,0,0,30,31,28,29,39,31,0,0,0,0,
+0,0,0,0,24,38,26,27,24,25,26,27,24,25,26,27,24,25,26,27,24,25,41,27,0,0,0,0,
+0,0,0,0,28,41,30,31,28,29,30,31,28,29,30,31,28,29,30,31,28,29,43,31,0,0,0,0,
+0,0,0,0,24,43,26,27,24,25,26,27,24,25,26,27,24,25,26,27,24,25,41,27,0,0,0,0,
+0,0,0,0,28,39,30,31,28,29,30,31,28,29,30,31,28,29,30,31,28,29,41,31,0,0,0,0,
+0,0,0,0,24,39,42,39,38,38,39,43,39,41,41,41,39,39,40,41,43,41,39,27,0,0,0,0,
+0,0,0,0,28,29,30,31,28,29,30,31,28,29,30,31,28,29,30,31,28,29,30,31,0,0,0,0,
+0,0,0,0,0,0,0,0,0,0,0,0,0,0,0,0,0,0,0,0,0,0,0,0,0,0,0,0,
+0,0,0,0,0,0,0,0,0,0,0,0,0,0,0,0,0,0,0,0,0,0,0,0,0,0,0,0,
+0,0,0,0,0,0,0,0,0,0,0,0,0,0,0,0,0,0,0,0,0,0,0,0,0,0,0,0,
+0,0,0,0,0,0,0,0,0,0,0,0,0,0,0,0,0,0,0,0,0,0,0,0,0,0,0,0
+</data>
+ </layer>
+ <layer id="12" name="background_fringe" width="28" height="28">
+  <data encoding="csv">
+0,0,0,0,0,0,0,0,0,0,0,0,0,0,0,0,0,0,0,0,0,0,0,0,0,0,0,0,
+0,0,0,0,0,0,0,0,0,0,0,0,0,0,0,0,0,0,0,0,0,0,0,0,0,0,0,0,
+0,0,0,0,0,0,0,0,0,0,0,0,0,0,0,0,0,0,0,0,0,0,0,0,0,0,0,0,
+0,0,0,0,0,0,0,0,0,0,0,0,0,0,0,0,0,0,0,0,0,0,0,0,0,0,0,0,
+0,0,0,0,0,0,0,0,0,0,0,0,0,0,0,0,0,0,0,0,0,0,0,0,0,0,0,0,
+0,0,0,0,0,0,0,0,0,0,0,0,0,0,0,0,0,0,0,0,0,0,0,0,0,0,0,0,
+0,0,0,0,0,0,0,0,0,0,0,0,0,0,0,0,0,0,0,0,0,0,0,0,0,0,0,0,
+0,0,0,0,0,0,0,0,0,0,0,0,0,0,0,0,0,0,0,0,0,0,0,0,0,0,0,0,
+0,0,0,0,0,0,0,0,0,0,0,0,0,0,0,0,0,0,0,0,0,0,0,0,0,0,0,0,
+0,0,0,0,0,0,0,0,0,0,0,0,0,0,0,0,0,0,0,0,0,0,0,0,0,0,0,0,
+0,0,0,0,0,0,0,0,0,0,0,0,0,0,0,0,0,0,0,0,0,0,0,0,0,0,0,0,
+0,0,0,0,0,0,0,0,0,0,0,0,0,0,0,0,0,0,0,0,0,0,0,0,0,0,0,0,
+0,0,0,0,0,0,0,0,0,0,0,0,0,0,0,0,0,0,0,0,0,0,0,0,0,0,0,0,
+0,0,0,0,0,0,0,0,0,0,0,0,0,0,0,0,0,0,0,0,0,0,0,0,0,0,0,0,
+0,0,0,0,0,0,0,0,0,0,0,0,0,0,0,0,0,0,0,0,0,0,0,0,0,0,0,0,
+0,0,0,0,0,0,0,0,0,0,0,0,0,0,0,0,0,0,0,0,0,0,0,0,0,0,0,0,
+0,0,0,0,0,0,0,0,0,0,0,0,0,0,0,0,0,0,0,0,0,0,0,0,0,0,0,0,
+0,0,0,0,0,0,0,0,0,0,0,0,0,0,0,0,0,0,0,0,0,0,0,0,0,0,0,0,
+0,0,0,0,0,0,0,0,0,0,0,0,0,0,0,0,0,0,0,0,0,0,0,0,0,0,0,0,
+0,0,0,0,0,0,0,0,0,0,0,0,0,0,0,0,0,0,0,0,0,0,0,0,0,0,0,0,
+0,0,0,0,0,0,0,0,0,0,0,0,0,0,0,0,0,0,0,0,0,0,0,0,0,0,0,0,
+0,0,0,0,0,0,0,0,0,0,0,0,0,0,0,0,0,0,0,0,0,0,0,0,0,0,0,0,
+0,0,0,0,0,0,0,0,0,0,0,0,0,0,0,0,0,0,0,0,0,0,0,0,0,0,0,0,
+0,0,0,0,0,0,0,0,0,0,0,0,0,0,0,0,0,0,0,0,0,0,0,0,0,0,0,0,
+0,0,0,0,0,0,0,0,0,0,0,0,0,0,0,0,0,0,0,0,0,0,0,0,0,0,0,0,
+0,0,0,0,0,0,0,0,0,0,0,0,0,0,0,0,0,0,0,0,0,0,0,0,0,0,0,0,
+0,0,0,0,0,0,0,0,0,0,0,0,0,0,0,0,0,0,0,0,0,0,0,0,0,0,0,0,
+0,0,0,0,0,0,0,0,0,0,0,0,0,0,0,0,0,0,0,0,0,0,0,0,0,0,0,0
+</data>
+ </layer>
+ <layer id="10" name="object" width="28" height="28">
+  <data encoding="csv">
+153,154,155,156,153,154,155,156,153,154,155,156,153,154,155,156,153,154,155,156,153,154,155,156,153,154,155,156,
+157,158,159,160,157,158,159,160,157,158,159,160,157,158,159,160,157,158,159,160,157,158,159,160,157,158,159,160,
+153,154,165,166,162,165,166,162,161,163,163,166,163,166,165,162,165,165,162,164,162,162,163,166,165,164,155,156,
+157,158,165,160,157,158,159,160,157,158,159,160,157,158,159,160,157,158,159,160,157,158,159,160,157,161,159,160,
+153,154,165,156,148,200,141,179,171,196,169,236,169,214,171,249,239,216,137,137,196,137,137,149,153,163,155,156,
+157,158,164,160,176,0,0,0,0,0,0,0,0,0,0,0,0,0,0,0,0,0,0,138,157,163,159,160,
+153,154,162,156,235,0,278,0,0,0,0,0,0,0,0,0,0,0,0,0,0,0,0,138,153,166,155,156,
+157,158,162,160,238,0,0,0,0,0,0,0,0,0,0,0,0,0,0,0,0,0,0,138,157,165,159,160,
+153,154,162,156,199,0,0,0,0,0,146,208,0,0,0,0,211,147,0,0,0,0,0,138,153,161,155,156,
+157,158,164,160,140,0,0,0,0,146,150,151,139,139,139,139,150,151,147,0,0,0,0,138,157,163,159,160,
+153,154,161,156,240,0,0,0,146,150,153,154,155,156,153,154,155,156,151,222,0,0,0,138,153,164,155,156,
+157,158,164,160,248,0,0,0,210,149,157,164,165,163,163,162,164,160,148,205,0,0,0,138,157,162,159,160,
+153,154,165,156,195,0,0,0,0,138,153,166,155,156,153,154,166,156,215,285,0,0,0,138,153,164,155,156,
+157,158,164,160,215,0,0,0,0,138,157,165,159,160,157,158,163,160,252,0,0,0,0,138,157,164,159,160,
+153,154,162,156,238,0,0,0,0,138,153,163,155,156,153,154,162,156,195,0,0,0,0,138,153,166,155,156,
+157,158,162,160,199,0,0,0,0,138,157,163,159,160,157,158,162,160,168,281,0,0,0,138,157,161,159,160,
+153,154,161,156,248,0,0,0,207,150,153,164,161,165,164,164,164,156,151,212,0,0,0,138,153,166,155,156,
+157,158,164,160,178,0,0,0,145,149,157,158,159,160,157,158,159,160,148,219,0,0,0,138,157,163,159,160,
+153,154,163,156,213,0,0,0,0,183,149,148,250,236,196,171,149,148,144,0,0,0,0,138,153,164,155,156,
+157,158,162,160,176,0,0,0,0,0,210,209,0,0,268,279,183,201,0,0,0,0,0,138,157,162,159,160,
+153,154,166,156,174,0,0,0,0,0,0,0,0,0,0,0,0,0,0,0,0,0,0,138,153,166,155,156,
+157,158,166,160,136,0,0,0,0,0,0,0,0,0,0,0,0,0,0,0,0,0,0,138,157,164,159,160,
+153,154,166,156,176,0,0,0,0,0,0,0,0,0,0,0,0,0,0,0,0,0,0,138,153,164,155,156,
+157,158,161,160,151,139,139,139,139,139,139,139,139,139,139,139,139,139,139,139,139,139,139,150,157,164,159,160,
+153,154,162,156,153,154,155,156,153,154,155,156,153,154,155,156,153,154,155,156,153,154,155,156,153,164,155,156,
+157,158,162,164,166,162,166,166,161,161,161,166,164,162,162,164,164,164,165,162,162,163,166,161,165,166,159,160,
+153,154,155,156,153,154,155,156,153,154,155,156,153,154,155,156,153,154,155,156,153,154,155,156,153,154,155,156,
+157,158,159,160,157,158,159,160,157,158,159,160,157,158,159,160,157,158,159,160,157,158,159,160,157,158,159,160
+</data>
+ </layer>
+ <layer id="11" name="collision" width="28" height="28">
+  <data encoding="csv">
+3,3,3,3,3,3,3,3,3,3,3,3,3,3,3,3,3,3,3,3,3,3,3,3,3,3,3,3,
+3,3,3,3,3,3,3,3,3,3,3,3,3,3,3,3,3,3,3,3,3,3,3,3,3,3,3,3,
+3,3,3,3,3,3,3,3,3,3,3,3,3,3,3,3,3,3,3,3,3,3,3,3,3,3,3,3,
+3,3,3,3,3,3,3,3,3,3,3,3,3,3,3,3,3,3,3,3,3,3,3,3,3,3,3,3,
+3,3,3,3,1,1,1,1,1,1,1,1,1,1,1,1,1,1,1,1,1,1,1,1,3,3,3,3,
+3,3,3,3,1,0,0,0,0,0,0,0,0,0,0,0,0,0,0,0,0,0,0,1,3,3,3,3,
+3,3,3,3,1,0,1,0,0,0,0,0,0,0,0,0,0,0,0,0,0,0,0,1,3,3,3,3,
+3,3,3,3,1,0,0,0,0,0,0,0,0,0,0,0,0,0,0,0,0,0,0,1,3,3,3,3,
+3,3,3,3,1,0,0,0,0,0,1,1,0,0,0,0,1,1,0,0,0,0,0,1,3,3,3,3,
+3,3,3,3,1,0,0,0,0,1,1,1,1,1,1,1,1,1,1,0,0,0,0,1,3,3,3,3,
+3,3,3,3,1,0,0,0,1,1,3,3,3,3,3,3,3,3,1,1,0,0,0,1,3,3,3,3,
+3,3,3,3,1,0,0,0,1,1,3,3,3,3,3,3,3,3,1,1,0,0,0,1,3,3,3,3,
+3,3,3,3,1,0,0,0,0,1,3,3,3,3,3,3,3,3,1,2,0,0,0,1,3,3,3,3,
+3,3,3,3,1,0,0,0,0,1,3,3,3,3,3,3,3,3,1,0,0,0,0,1,3,3,3,3,
+3,3,3,3,1,0,0,0,0,1,3,3,3,3,3,3,3,3,1,0,0,0,0,1,3,3,3,3,
+3,3,3,3,1,0,0,0,0,1,3,3,3,3,3,3,3,3,1,2,0,0,0,1,3,3,3,3,
+3,3,3,3,1,0,0,0,1,1,3,3,3,3,3,3,3,3,1,1,0,0,0,1,3,3,3,3,
+3,3,3,3,1,0,0,0,1,1,3,3,3,3,3,3,3,3,1,1,0,0,0,1,3,3,3,3,
+3,3,3,3,1,0,0,0,0,1,1,1,1,1,1,1,1,1,1,0,0,0,0,1,3,3,3,3,
+3,3,3,3,1,0,0,0,0,0,1,1,0,0,2,1,1,1,0,0,0,0,0,1,3,3,3,3,
+3,3,3,3,1,0,0,0,0,0,0,0,0,0,0,0,0,0,0,0,0,0,0,1,3,3,3,3,
+3,3,3,3,1,0,0,0,0,0,0,0,0,0,0,0,0,0,0,0,0,0,0,1,3,3,3,3,
+3,3,3,3,1,0,0,0,0,0,0,0,0,0,0,0,0,0,0,0,0,0,0,1,3,3,3,3,
+3,3,3,3,1,1,1,1,1,1,1,1,1,1,1,1,1,1,1,1,1,1,1,1,3,3,3,3,
+3,3,3,3,3,3,3,3,3,3,3,3,3,3,3,3,3,3,3,3,3,3,3,3,3,3,3,3,
+3,3,3,3,3,3,3,3,3,3,3,3,3,3,3,3,3,3,3,3,3,3,3,3,3,3,3,3,
+3,3,3,3,3,3,3,3,3,3,3,3,3,3,3,3,3,3,3,3,3,3,3,3,3,3,3,3,
+3,3,3,3,3,3,3,3,3,3,3,3,3,3,3,3,3,3,3,3,3,3,3,3,3,3,3,3
+</data>
+ </layer>
+ <objectgroup id="22" name="event">
+  <object id="5" name="Urn" type="event" x="1344" y="1824" width="96" height="96">
+   <properties>
+    <property name="activate" value="on_trigger"/>
+    <property name="hotspot" value="location"/>
+    <property name="loot" value="loot/il_chest_common.txt"/>
+    <property name="loot_count" value="1"/>
+    <property name="mapmod" value="object,14,19,269"/>
+    <property name="repeat" value="false"/>
+    <property name="soundfx" value="soundfx/inventory/inventory_object.ogg"/>
+    <property name="tooltip" value="Urn"/>
+   </properties>
+  </object>
+  <object id="6" name="Crate" type="event" x="1824" y="1152" width="96" height="96">
+   <properties>
+    <property name="activate" value="on_trigger"/>
+    <property name="hotspot" value="location"/>
+    <property name="loot" value="loot/il_chest_common.txt"/>
+    <property name="loot_count" value="1"/>
+    <property name="mapmod" value="object,19,12,286"/>
+    <property name="repeat" value="false"/>
+    <property name="soundfx" value="soundfx/wood_open.ogg"/>
+    <property name="tooltip" value="Crate"/>
+   </properties>
+  </object>
+  <object id="12" name="Mastite pillar regen" type="event" x="480" y="480" width="288" height="288">
+   <properties>
+    <property name="activate" value="on_trigger"/>
+    <property name="cooldown" value="2s"/>
+    <property name="power" value="378"/>
+    <property name="power_path" value="6,6"/>
+    <property name="repeat" value="true"/>
+   </properties>
+  </object>
+ </objectgroup>
+ <objectgroup id="23" name="enemy" visible="0">
+  <object id="8" type="enemy" x="480" y="480" width="672" height="672">
+   <properties>
+    <property name="category" value="il_common"/>
+    <property name="number" value="1,3"/>
+    <property name="spawn_level" value="hero_level,1"/>
+   </properties>
+  </object>
+  <object id="9" type="enemy" x="480" y="1536" width="672" height="672">
+   <properties>
+    <property name="category" value="il_common"/>
+    <property name="number" value="1,3"/>
+    <property name="spawn_level" value="hero_level,1"/>
+   </properties>
+  </object>
+  <object id="10" type="enemy" x="1536" y="1536" width="672" height="672">
+   <properties>
+    <property name="category" value="il_common"/>
+    <property name="number" value="1,3"/>
+    <property name="spawn_level" value="hero_level,1"/>
+   </properties>
+  </object>
+  <object id="11" type="enemy" x="1536" y="480" width="672" height="672">
+   <properties>
+    <property name="category" value="il_common"/>
+    <property name="number" value="1,3"/>
+    <property name="spawn_level" value="hero_level,1"/>
+   </properties>
+  </object>
+ </objectgroup>
+</map>
