diff --git a/mods/empyrean_campaign/maps/nazia_highlands.txt b/mods/empyrean_campaign/maps/nazia_highlands.txt
index 60b407d68c864650377bb35dc05ad8b477f23619..b549857ad95ee209578d17d32e8830146180b088 100644
--- a/mods/empyrean_campaign/maps/nazia_highlands.txt
+++ b/mods/empyrean_campaign/maps/nazia_highlands.txt
@@ -167,9 +167,9 @@ data=
 0,0,0,0,0,0,0,0,52,0,0,0,0,0,0,0,0,50,0,0,0,0,0,0,0,0,0,0,0,0,48,0,0,0,0,0,0,0,0,250,65,53,53,53,64,128,0,0,0,0,0,0,0,0,0,0,0,0,0,0,0,0,0,0,0,0,0,0,0,0,0,0,0,0,0,70,62,0,0,0,
 0,0,0,0,0,0,56,53,64,253,0,0,0,0,0,0,0,50,0,0,0,0,0,0,0,0,0,0,0,0,63,67,0,0,0,0,0,0,0,0,96,112,0,255,0,0,0,0,0,0,0,0,0,0,0,0,0,0,0,0,0,0,0,0,0,0,0,0,0,0,0,0,0,0,0,54,0,0,0,0,
 0,0,56,53,49,53,68,0,0,0,0,0,0,0,0,0,0,65,61,0,0,0,0,0,0,0,0,0,0,0,0,48,0,0,0,0,0,0,0,0,0,0,0,0,0,0,0,0,0,0,0,0,0,0,0,70,55,55,51,55,55,55,51,67,0,0,0,0,0,0,0,0,0,70,51,58,0,0,0,0,
-0,0,52,0,252,0,130,250,138,0,0,0,0,0,0,0,0,0,50,0,0,0,0,0,0,0,0,0,0,0,0,63,71,255,0,0,0,0,0,0,0,0,0,0,0,0,0,0,0,0,0,0,0,0,70,58,0,0,0,0,0,0,0,0,71,0,0,0,0,0,0,0,0,54,0,0,0,0,0,0,
-0,0,48,0,0,0,0,0,105,0,0,0,0,0,0,0,0,245,50,0,0,0,0,0,0,0,0,0,0,0,0,0,63,67,0,0,0,0,0,0,0,0,0,0,0,0,0,0,0,0,0,0,66,51,58,0,0,0,0,0,0,0,0,0,0,71,0,0,0,0,0,0,0,50,0,0,0,0,0,0,
-0,0,48,251,0,0,0,0,104,0,0,0,0,0,0,0,0,66,62,0,0,0,0,0,0,0,0,0,0,0,0,0,0,63,51,71,0,0,0,0,0,0,0,0,0,0,0,0,0,0,0,66,58,0,0,0,0,0,0,0,0,0,0,0,0,0,67,0,0,0,0,0,0,69,61,0,0,0,0,0,
+0,0,52,0,252,0,130,250,138,0,0,0,0,0,0,0,0,0,50,0,0,0,0,0,0,0,0,0,0,0,0,63,71,255,0,0,0,0,0,0,0,0,0,0,0,0,0,0,0,0,0,0,0,0,70,58,0,0,0,0,0,0,0,59,71,0,0,0,0,0,0,0,0,54,0,0,0,0,0,0,
+0,0,48,0,0,0,0,0,105,0,0,0,0,0,0,0,0,245,50,0,0,0,0,0,0,0,0,0,0,0,0,0,63,67,0,0,0,0,0,0,0,0,0,0,0,0,0,0,0,0,0,0,66,51,58,0,0,0,0,0,0,0,0,0,59,71,0,0,0,0,0,0,0,50,0,0,0,0,0,0,
+0,0,48,251,0,0,0,0,104,0,0,0,0,0,0,0,0,66,62,0,0,0,0,0,0,0,0,0,0,0,0,0,0,63,51,71,0,0,0,0,0,0,0,0,0,0,0,0,0,0,0,66,58,0,0,0,0,0,0,0,0,0,0,0,0,59,71,0,0,0,0,0,0,69,61,0,0,0,0,0,
 0,0,52,0,0,0,0,0,109,0,0,0,0,0,0,254,66,62,0,0,0,0,0,0,0,0,0,0,0,0,0,0,0,0,0,63,51,55,51,51,55,51,55,51,67,0,0,0,0,0,70,62,0,0,0,0,0,0,0,0,0,0,0,0,0,0,48,251,0,0,0,0,0,248,50,0,0,0,0,0,
 0,0,52,248,0,0,0,0,108,0,0,0,0,0,66,55,62,0,0,0,0,0,0,0,0,0,0,0,0,0,0,0,0,0,0,0,0,0,0,0,0,0,0,0,59,71,117,0,0,66,58,0,0,0,0,0,56,53,53,61,0,0,0,0,0,60,68,0,0,0,0,0,0,0,50,0,0,0,0,0,
 0,0,52,0,0,93,93,0,0,0,0,0,0,70,58,0,0,0,0,0,0,0,0,0,0,0,0,0,0,0,0,0,0,0,0,0,0,0,0,0,0,0,0,0,0,63,71,0,0,50,0,0,0,0,0,56,64,0,0,65,53,49,61,0,56,64,0,0,0,0,0,0,0,0,50,0,0,0,0,0,
@@ -251,9 +251,9 @@ data=
 3,3,3,3,3,3,3,3,1,0,0,0,0,0,0,0,0,1,3,3,3,3,3,3,3,3,3,3,3,3,1,0,0,0,0,0,0,0,0,1,1,1,1,1,1,4,0,0,0,0,0,0,0,0,0,0,0,0,0,0,0,0,0,0,0,0,0,0,0,0,0,0,0,0,0,1,1,3,3,3,
 3,3,3,3,3,3,1,1,1,1,0,0,0,0,0,0,0,1,3,3,3,3,3,3,3,3,3,3,3,3,1,1,0,0,0,0,0,0,0,0,4,0,0,1,0,0,0,0,0,0,0,0,0,0,0,0,0,0,0,0,0,0,0,0,0,0,0,0,0,0,0,0,0,0,0,1,3,3,3,3,
 3,3,1,1,1,1,1,0,0,0,0,0,0,0,0,0,0,1,1,3,3,3,3,3,3,3,3,3,3,3,3,1,0,0,0,0,0,0,0,0,0,0,0,0,0,0,0,0,0,0,0,0,0,0,0,1,1,1,1,1,1,1,1,1,0,0,0,0,0,0,0,0,0,1,1,1,3,3,3,3,
-3,3,1,0,1,0,4,1,1,0,0,0,0,0,0,0,0,0,1,3,3,3,3,3,3,3,3,3,3,3,3,1,1,1,0,0,0,0,0,0,0,0,0,0,0,0,0,0,0,0,0,0,0,0,1,1,3,3,3,3,3,3,3,3,1,0,0,0,0,0,0,0,0,1,3,3,3,3,3,3,
-3,3,1,0,0,0,0,0,4,0,0,0,0,0,0,0,0,1,1,3,3,3,3,3,3,3,3,3,3,3,3,3,1,1,0,0,0,0,0,0,0,0,0,0,0,0,0,0,0,0,0,0,1,1,1,3,3,3,3,3,3,3,3,3,3,1,0,0,0,0,0,0,0,1,3,3,3,3,3,3,
-3,3,1,1,0,0,0,0,4,0,0,0,0,0,0,0,0,1,1,3,3,3,3,3,3,3,3,3,3,3,3,3,3,1,1,1,0,0,0,0,0,0,0,0,0,0,0,0,0,0,0,1,1,3,3,3,3,3,3,3,3,3,3,3,3,3,1,0,0,0,0,0,0,1,1,3,3,3,3,3,
+3,3,1,0,1,0,4,1,1,0,0,0,0,0,0,0,0,0,1,3,3,3,3,3,3,3,3,3,3,3,3,1,1,1,0,0,0,0,0,0,0,0,0,0,0,0,0,0,0,0,0,0,0,0,1,1,3,3,3,3,3,3,3,1,1,0,0,0,0,0,0,0,0,1,3,3,3,3,3,3,
+3,3,1,0,0,0,0,0,4,0,0,0,0,0,0,0,0,1,1,3,3,3,3,3,3,3,3,3,3,3,3,3,1,1,0,0,0,0,0,0,0,0,0,0,0,0,0,0,0,0,0,0,1,1,1,3,3,3,3,3,3,3,3,3,1,1,0,0,0,0,0,0,0,1,3,3,3,3,3,3,
+3,3,1,1,0,0,0,0,4,0,0,0,0,0,0,0,0,1,1,3,3,3,3,3,3,3,3,3,3,3,3,3,3,1,1,1,0,0,0,0,0,0,0,0,0,0,0,0,0,0,0,1,1,3,3,3,3,3,3,3,3,3,3,3,3,1,1,0,0,0,0,0,0,1,1,3,3,3,3,3,
 3,3,1,0,0,0,0,0,4,0,0,0,0,0,0,1,1,1,3,3,3,3,3,3,3,3,3,3,3,3,3,3,3,3,3,1,1,1,1,1,1,1,1,1,1,0,0,0,0,0,1,1,3,3,3,3,3,3,3,3,3,3,3,3,3,3,1,1,0,0,0,0,0,1,1,3,3,3,3,3,
 3,3,1,1,0,0,0,0,4,0,0,0,0,0,1,1,1,3,3,3,3,3,3,3,3,3,3,3,3,3,3,3,3,3,3,3,3,3,3,3,3,3,3,3,1,1,0,0,0,1,1,3,3,3,3,3,1,1,1,1,3,3,3,3,3,1,1,0,0,0,0,0,0,0,1,3,3,3,3,3,
 3,3,1,0,0,0,0,0,0,0,0,0,0,1,1,3,3,3,3,3,3,3,3,3,3,3,3,3,3,3,3,3,3,3,3,3,3,3,3,3,3,3,3,3,3,1,1,0,0,1,3,3,3,3,3,1,1,2,2,1,1,1,1,3,1,1,0,0,0,0,0,0,0,0,1,3,3,3,3,3,
diff --git a/tiled/empyrean_campaign/nazia_highlands.tmx b/tiled/empyrean_campaign/nazia_highlands.tmx
index 2c42e6260f223f9460f8ce149057118365812495..b8b9a77ee3fc5b8e9c4cb96a1883000bac2b1168 100644
--- a/tiled/empyrean_campaign/nazia_highlands.tmx
+++ b/tiled/empyrean_campaign/nazia_highlands.tmx
@@ -1,5 +1,8 @@
 <?xml version="1.0" encoding="UTF-8"?>
 <map version="1.11" tiledversion="1.11.2" orientation="isometric" renderorder="right-down" width="80" height="80" tilewidth="64" tileheight="32" infinite="0" backgroundcolor="#000000" nextlayerid="7" nextobjectid="23">
+ <editorsettings>
+  <export target="../../mods/empyrean_campaign/maps/nazia_highlands.txt" format="flare"/>
+ </editorsettings>
  <properties>
   <property name="hero_pos" value="69,9"/>
   <property name="music" value="music/overworld_theme.ogg"/>
@@ -177,9 +180,9 @@
 0,0,0,0,0,0,0,0,52,0,0,0,0,0,0,0,0,50,0,0,0,0,0,0,0,0,0,0,0,0,48,0,0,0,0,0,0,0,0,250,65,53,53,53,64,128,0,0,0,0,0,0,0,0,0,0,0,0,0,0,0,0,0,0,0,0,0,0,0,0,0,0,0,0,0,70,62,0,0,0,
 0,0,0,0,0,0,56,53,64,253,0,0,0,0,0,0,0,50,0,0,0,0,0,0,0,0,0,0,0,0,63,67,0,0,0,0,0,0,0,0,96,112,0,255,0,0,0,0,0,0,0,0,0,0,0,0,0,0,0,0,0,0,0,0,0,0,0,0,0,0,0,0,0,0,0,54,0,0,0,0,
 0,0,56,53,49,53,68,0,0,0,0,0,0,0,0,0,0,65,61,0,0,0,0,0,0,0,0,0,0,0,0,48,0,0,0,0,0,0,0,0,0,0,0,0,0,0,0,0,0,0,0,0,0,0,0,70,55,55,51,55,55,55,51,67,0,0,0,0,0,0,0,0,0,70,51,58,0,0,0,0,
-0,0,52,0,252,0,130,250,138,0,0,0,0,0,0,0,0,0,50,0,0,0,0,0,0,0,0,0,0,0,0,63,71,255,0,0,0,0,0,0,0,0,0,0,0,0,0,0,0,0,0,0,0,0,70,58,0,0,0,0,0,0,0,0,71,0,0,0,0,0,0,0,0,54,0,0,0,0,0,0,
-0,0,48,0,0,0,0,0,105,0,0,0,0,0,0,0,0,245,50,0,0,0,0,0,0,0,0,0,0,0,0,0,63,67,0,0,0,0,0,0,0,0,0,0,0,0,0,0,0,0,0,0,66,51,58,0,0,0,0,0,0,0,0,0,0,71,0,0,0,0,0,0,0,50,0,0,0,0,0,0,
-0,0,48,251,0,0,0,0,104,0,0,0,0,0,0,0,0,66,62,0,0,0,0,0,0,0,0,0,0,0,0,0,0,63,51,71,0,0,0,0,0,0,0,0,0,0,0,0,0,0,0,66,58,0,0,0,0,0,0,0,0,0,0,0,0,0,67,0,0,0,0,0,0,69,61,0,0,0,0,0,
+0,0,52,0,252,0,130,250,138,0,0,0,0,0,0,0,0,0,50,0,0,0,0,0,0,0,0,0,0,0,0,63,71,255,0,0,0,0,0,0,0,0,0,0,0,0,0,0,0,0,0,0,0,0,70,58,0,0,0,0,0,0,0,59,71,0,0,0,0,0,0,0,0,54,0,0,0,0,0,0,
+0,0,48,0,0,0,0,0,105,0,0,0,0,0,0,0,0,245,50,0,0,0,0,0,0,0,0,0,0,0,0,0,63,67,0,0,0,0,0,0,0,0,0,0,0,0,0,0,0,0,0,0,66,51,58,0,0,0,0,0,0,0,0,0,59,71,0,0,0,0,0,0,0,50,0,0,0,0,0,0,
+0,0,48,251,0,0,0,0,104,0,0,0,0,0,0,0,0,66,62,0,0,0,0,0,0,0,0,0,0,0,0,0,0,63,51,71,0,0,0,0,0,0,0,0,0,0,0,0,0,0,0,66,58,0,0,0,0,0,0,0,0,0,0,0,0,59,71,0,0,0,0,0,0,69,61,0,0,0,0,0,
 0,0,52,0,0,0,0,0,109,0,0,0,0,0,0,254,66,62,0,0,0,0,0,0,0,0,0,0,0,0,0,0,0,0,0,63,51,55,51,51,55,51,55,51,67,0,0,0,0,0,70,62,0,0,0,0,0,0,0,0,0,0,0,0,0,0,48,251,0,0,0,0,0,248,50,0,0,0,0,0,
 0,0,52,248,0,0,0,0,108,0,0,0,0,0,66,55,62,0,0,0,0,0,0,0,0,0,0,0,0,0,0,0,0,0,0,0,0,0,0,0,0,0,0,0,59,71,117,0,0,66,58,0,0,0,0,0,56,53,53,61,0,0,0,0,0,60,68,0,0,0,0,0,0,0,50,0,0,0,0,0,
 0,0,52,0,0,93,93,0,0,0,0,0,0,70,58,0,0,0,0,0,0,0,0,0,0,0,0,0,0,0,0,0,0,0,0,0,0,0,0,0,0,0,0,0,0,63,71,0,0,50,0,0,0,0,0,56,64,0,0,65,53,49,61,0,56,64,0,0,0,0,0,0,0,0,50,0,0,0,0,0,
@@ -261,9 +264,9 @@
 3,3,3,3,3,3,3,3,1,0,0,0,0,0,0,0,0,1,3,3,3,3,3,3,3,3,3,3,3,3,1,0,0,0,0,0,0,0,0,1,1,1,1,1,1,4,0,0,0,0,0,0,0,0,0,0,0,0,0,0,0,0,0,0,0,0,0,0,0,0,0,0,0,0,0,1,1,3,3,3,
 3,3,3,3,3,3,1,1,1,1,0,0,0,0,0,0,0,1,3,3,3,3,3,3,3,3,3,3,3,3,1,1,0,0,0,0,0,0,0,0,4,0,0,1,0,0,0,0,0,0,0,0,0,0,0,0,0,0,0,0,0,0,0,0,0,0,0,0,0,0,0,0,0,0,0,1,3,3,3,3,
 3,3,1,1,1,1,1,0,0,0,0,0,0,0,0,0,0,1,1,3,3,3,3,3,3,3,3,3,3,3,3,1,0,0,0,0,0,0,0,0,0,0,0,0,0,0,0,0,0,0,0,0,0,0,0,1,1,1,1,1,1,1,1,1,0,0,0,0,0,0,0,0,0,1,1,1,3,3,3,3,
-3,3,1,0,1,0,4,1,1,0,0,0,0,0,0,0,0,0,1,3,3,3,3,3,3,3,3,3,3,3,3,1,1,1,0,0,0,0,0,0,0,0,0,0,0,0,0,0,0,0,0,0,0,0,1,1,3,3,3,3,3,3,3,3,1,0,0,0,0,0,0,0,0,1,3,3,3,3,3,3,
-3,3,1,0,0,0,0,0,4,0,0,0,0,0,0,0,0,1,1,3,3,3,3,3,3,3,3,3,3,3,3,3,1,1,0,0,0,0,0,0,0,0,0,0,0,0,0,0,0,0,0,0,1,1,1,3,3,3,3,3,3,3,3,3,3,1,0,0,0,0,0,0,0,1,3,3,3,3,3,3,
-3,3,1,1,0,0,0,0,4,0,0,0,0,0,0,0,0,1,1,3,3,3,3,3,3,3,3,3,3,3,3,3,3,1,1,1,0,0,0,0,0,0,0,0,0,0,0,0,0,0,0,1,1,3,3,3,3,3,3,3,3,3,3,3,3,3,1,0,0,0,0,0,0,1,1,3,3,3,3,3,
+3,3,1,0,1,0,4,1,1,0,0,0,0,0,0,0,0,0,1,3,3,3,3,3,3,3,3,3,3,3,3,1,1,1,0,0,0,0,0,0,0,0,0,0,0,0,0,0,0,0,0,0,0,0,1,1,3,3,3,3,3,3,3,1,1,0,0,0,0,0,0,0,0,1,3,3,3,3,3,3,
+3,3,1,0,0,0,0,0,4,0,0,0,0,0,0,0,0,1,1,3,3,3,3,3,3,3,3,3,3,3,3,3,1,1,0,0,0,0,0,0,0,0,0,0,0,0,0,0,0,0,0,0,1,1,1,3,3,3,3,3,3,3,3,3,1,1,0,0,0,0,0,0,0,1,3,3,3,3,3,3,
+3,3,1,1,0,0,0,0,4,0,0,0,0,0,0,0,0,1,1,3,3,3,3,3,3,3,3,3,3,3,3,3,3,1,1,1,0,0,0,0,0,0,0,0,0,0,0,0,0,0,0,1,1,3,3,3,3,3,3,3,3,3,3,3,3,1,1,0,0,0,0,0,0,1,1,3,3,3,3,3,
 3,3,1,0,0,0,0,0,4,0,0,0,0,0,0,1,1,1,3,3,3,3,3,3,3,3,3,3,3,3,3,3,3,3,3,1,1,1,1,1,1,1,1,1,1,0,0,0,0,0,1,1,3,3,3,3,3,3,3,3,3,3,3,3,3,3,1,1,0,0,0,0,0,1,1,3,3,3,3,3,
 3,3,1,1,0,0,0,0,4,0,0,0,0,0,1,1,1,3,3,3,3,3,3,3,3,3,3,3,3,3,3,3,3,3,3,3,3,3,3,3,3,3,3,3,1,1,0,0,0,1,1,3,3,3,3,3,1,1,1,1,3,3,3,3,3,1,1,0,0,0,0,0,0,0,1,3,3,3,3,3,
 3,3,1,0,0,0,0,0,0,0,0,0,0,1,1,3,3,3,3,3,3,3,3,3,3,3,3,3,3,3,3,3,3,3,3,3,3,3,3,3,3,3,3,3,3,1,1,0,0,1,3,3,3,3,3,1,1,2,2,1,1,1,1,3,1,1,0,0,0,0,0,0,0,0,1,3,3,3,3,3,
