diff --git a/mods/empyrean_campaign/maps/black_oak_farm.txt b/mods/empyrean_campaign/maps/black_oak_farm.txt
index f40f4212bbb43106749d55b1e4eb7df959ab09e8..f76112c5ba87e053439a923b586fbd270fde15c7 100644
--- a/mods/empyrean_campaign/maps/black_oak_farm.txt
+++ b/mods/empyrean_campaign/maps/black_oak_farm.txt
@@ -226,7 +226,7 @@ data=
 0,0,0,63,51,55,55,51,67,0,0,0,0,0,0,0,0,0,0,0,66,58,0,0,0,0,0,0,0,59,55,58,0,0,0,0,0,0,0,0,0,0,0,0,0,0,0,0,0,0,0,0,0,0,0,0,0,0,0,0,0,0,0,0,0,0,0,0,0,0,0,0,0,0,0,0,0,0,0,0,0,0,0,63,71,0,0,0,0,0,0,50,0,0,0,0,0,0,0,0,
 0,0,0,0,0,0,0,0,63,55,51,51,55,71,0,0,0,0,66,55,58,0,0,0,0,0,0,0,0,0,0,0,0,0,0,0,0,0,0,0,0,0,0,0,0,0,0,0,0,0,0,0,0,0,0,0,0,0,0,0,0,0,0,0,0,0,0,0,0,0,0,0,0,0,0,0,0,0,0,0,0,0,0,0,63,67,0,0,0,0,0,50,0,0,0,0,0,0,0,0,
 0,0,0,0,0,0,0,0,0,0,0,0,0,59,55,55,51,51,62,0,0,0,0,0,0,0,0,0,0,0,0,0,0,0,0,0,0,0,0,0,0,0,0,0,0,0,0,0,0,0,0,0,0,0,0,0,0,0,0,0,0,0,0,0,0,0,0,0,0,0,0,0,0,0,0,0,0,0,0,0,0,0,0,0,0,59,71,0,0,0,0,54,0,0,0,0,0,0,0,0,
-0,0,0,0,0,0,0,0,0,0,0,0,0,0,0,0,0,0,0,0,0,0,0,0,0,0,0,0,0,0,0,0,0,0,0,0,0,0,0,0,0,0,0,0,0,0,0,0,0,0,0,0,0,0,0,0,0,0,0,0,0,0,0,0,0,0,0,0,0,0,0,0,0,0,0,0,0,0,0,0,0,0,0,0,0,0,52,93,93,93,93,54,0,0,0,0,0,0,0,0
+0,0,0,0,0,0,0,0,0,0,0,0,0,0,0,0,0,0,0,0,0,0,0,0,0,0,0,0,0,0,0,0,0,0,0,0,0,0,0,0,0,0,0,0,0,0,0,0,0,0,0,0,0,0,0,0,0,0,0,0,0,0,0,0,0,0,0,0,0,0,0,0,0,0,0,0,0,0,0,0,0,0,0,0,0,0,52,95,95,95,95,54,0,0,0,0,0,0,0,0
 
 [layer]
 type=collision
diff --git a/mods/empyrean_campaign/settings.txt b/mods/empyrean_campaign/settings.txt
index ccbe58f553e76d0020b872d41fd86ba803feb9ac..0f8ec4b207b2932d21a24a31ff9d6230ffdaecbb 100644
--- a/mods/empyrean_campaign/settings.txt
+++ b/mods/empyrean_campaign/settings.txt
@@ -1,5 +1,5 @@
 description=The new Flare 1.0 campaign
 requires=fantasycore:0.90:0
 game=flare-game
-version=1.06.04
+version=1.06.05
 engine_version_min=1.05.11
diff --git a/tiled/empyrean_campaign/black_oak_farm.tmx b/tiled/empyrean_campaign/black_oak_farm.tmx
index c844b98979c83e2cbf3a76fd38c2793d635d6849..ec5977e5d15b291fea5d989bd96223d74d1caeb6 100644
--- a/tiled/empyrean_campaign/black_oak_farm.tmx
+++ b/tiled/empyrean_campaign/black_oak_farm.tmx
@@ -1,5 +1,5 @@
 <?xml version="1.0" encoding="UTF-8"?>
-<map version="1.0" tiledversion="1.1.2" orientation="isometric" renderorder="right-down" width="100" height="100" tilewidth="64" tileheight="32" infinite="0" backgroundcolor="#000000" nextobjectid="51">
+<map version="1.0" tiledversion="1.1.5" orientation="isometric" renderorder="right-down" width="100" height="100" tilewidth="64" tileheight="32" infinite="0" backgroundcolor="#000000" nextobjectid="51">
  <properties>
   <property name="hero_pos" value="87,97"/>
   <property name="music" value="music/forest_theme.ogg"/>
@@ -239,7 +239,7 @@
 0,0,0,63,51,55,55,51,67,0,0,0,0,0,0,0,0,0,0,0,66,58,0,0,0,0,0,0,0,59,55,58,0,0,0,0,0,0,0,0,0,0,0,0,0,0,0,0,0,0,0,0,0,0,0,0,0,0,0,0,0,0,0,0,0,0,0,0,0,0,0,0,0,0,0,0,0,0,0,0,0,0,0,63,71,0,0,0,0,0,0,50,0,0,0,0,0,0,0,0,
 0,0,0,0,0,0,0,0,63,55,51,51,55,71,0,0,0,0,66,55,58,0,0,0,0,0,0,0,0,0,0,0,0,0,0,0,0,0,0,0,0,0,0,0,0,0,0,0,0,0,0,0,0,0,0,0,0,0,0,0,0,0,0,0,0,0,0,0,0,0,0,0,0,0,0,0,0,0,0,0,0,0,0,0,63,67,0,0,0,0,0,50,0,0,0,0,0,0,0,0,
 0,0,0,0,0,0,0,0,0,0,0,0,0,59,55,55,51,51,62,0,0,0,0,0,0,0,0,0,0,0,0,0,0,0,0,0,0,0,0,0,0,0,0,0,0,0,0,0,0,0,0,0,0,0,0,0,0,0,0,0,0,0,0,0,0,0,0,0,0,0,0,0,0,0,0,0,0,0,0,0,0,0,0,0,0,59,71,0,0,0,0,54,0,0,0,0,0,0,0,0,
-0,0,0,0,0,0,0,0,0,0,0,0,0,0,0,0,0,0,0,0,0,0,0,0,0,0,0,0,0,0,0,0,0,0,0,0,0,0,0,0,0,0,0,0,0,0,0,0,0,0,0,0,0,0,0,0,0,0,0,0,0,0,0,0,0,0,0,0,0,0,0,0,0,0,0,0,0,0,0,0,0,0,0,0,0,0,52,93,93,93,93,54,0,0,0,0,0,0,0,0
+0,0,0,0,0,0,0,0,0,0,0,0,0,0,0,0,0,0,0,0,0,0,0,0,0,0,0,0,0,0,0,0,0,0,0,0,0,0,0,0,0,0,0,0,0,0,0,0,0,0,0,0,0,0,0,0,0,0,0,0,0,0,0,0,0,0,0,0,0,0,0,0,0,0,0,0,0,0,0,0,0,0,0,0,0,0,52,95,95,95,95,54,0,0,0,0,0,0,0,0
 </data>
  </layer>
  <layer name="collision" width="100" height="100">
