diff --git a/mods/empyrean_campaign/maps/perdition_harbor.txt b/mods/empyrean_campaign/maps/perdition_harbor.txt
index 2187b5d37107cd69148aead60924c74b8da43b4c..4b2e6c79c1635ff3c8f187f00e88a34200fcfd4b 100644
--- a/mods/empyrean_campaign/maps/perdition_harbor.txt
+++ b/mods/empyrean_campaign/maps/perdition_harbor.txt
@@ -113,7 +113,7 @@ data=
 3,3,3,3,3,3,3,3,3,3,3,1,2,2,2,1,1,1,1,1,3,3,3,3,3,3,3,3,3,3,3,3,3,3,3,3,3,3,3,3,
 3,3,3,1,1,1,1,1,1,3,3,1,2,2,2,2,2,0,0,1,1,1,1,1,1,3,3,3,3,3,3,3,3,3,3,3,3,3,3,3,
 3,3,1,1,1,0,0,0,1,1,1,1,2,2,2,2,0,0,0,0,0,0,2,2,1,1,1,1,3,3,3,3,3,3,3,3,3,3,3,3,
-3,1,1,0,0,0,0,0,0,0,0,2,2,2,0,0,2,0,0,0,0,0,2,0,0,0,0,1,1,3,3,3,3,3,3,3,3,3,3,3,
+3,1,1,0,0,0,0,0,0,0,0,2,2,2,2,2,2,0,0,0,0,0,2,0,0,0,0,1,1,3,3,3,3,3,3,3,3,3,3,3,
 3,1,2,0,1,0,1,1,1,0,0,0,0,0,0,0,0,0,0,0,0,0,0,0,0,0,0,0,1,1,3,3,3,3,3,3,3,3,3,3,
 1,1,0,0,0,2,1,1,1,0,0,0,0,0,0,0,0,0,0,0,0,0,2,0,0,0,0,0,0,1,3,3,3,3,3,3,3,3,3,3,
 1,0,1,0,0,0,0,0,0,0,0,0,2,2,2,2,2,2,0,0,0,1,2,0,0,2,0,0,0,1,1,3,3,3,3,3,3,3,3,3,
@@ -129,7 +129,7 @@ data=
 3,3,3,3,1,0,0,0,0,2,2,2,2,2,2,2,2,2,2,2,0,0,0,2,0,0,0,0,0,1,0,0,0,0,0,0,0,0,1,3,
 3,3,1,1,1,0,0,0,2,2,2,2,2,2,2,2,2,2,2,2,0,0,0,0,0,0,0,0,0,0,0,0,0,0,0,0,0,0,1,3,
 3,1,1,0,0,0,0,0,2,2,2,2,2,0,0,0,0,2,2,2,0,0,2,2,2,2,2,2,2,2,0,0,0,0,0,0,0,0,1,3,
-3,1,0,0,0,0,2,2,0,2,2,2,0,1,0,0,0,0,0,2,0,0,2,2,2,2,2,2,2,2,2,0,0,0,0,0,0,0,1,3,
+3,1,0,0,0,0,2,2,2,2,2,2,0,1,0,0,0,0,0,2,0,0,2,2,2,2,2,2,2,2,2,0,0,0,0,0,0,0,1,3,
 3,0,0,0,0,0,0,0,0,0,0,0,0,0,0,0,0,0,0,0,0,0,2,2,2,2,2,2,2,2,2,2,0,0,0,0,1,1,1,3,
 3,0,0,0,0,0,0,0,0,0,0,0,0,0,0,0,0,0,0,0,0,0,2,2,2,2,2,2,2,2,2,2,0,0,1,1,1,3,3,3,
 3,0,0,0,0,1,2,2,2,2,2,2,0,0,0,0,0,0,0,0,0,0,2,2,2,2,2,2,2,2,1,0,0,1,1,3,3,3,3,3,
diff --git a/tiled/empyrean_campaign/perdition_harbor.tmx b/tiled/empyrean_campaign/perdition_harbor.tmx
index 5087107320603d450a3a638929a869d4e0b28dc5..04315210cab008ac5bf237b90ce03b4e14764ab6 100644
--- a/tiled/empyrean_campaign/perdition_harbor.tmx
+++ b/tiled/empyrean_campaign/perdition_harbor.tmx
@@ -117,14 +117,14 @@
 0,0,0,0,0,0,0,0,0,0,0,0,0,0,0,0,0,0,0,0,0,0,0,0,0,0,0,0,0,0,0,0,0,0,0,0,0,0,0,0
 </data>
  </layer>
- <layer name="collision" width="40" height="40" visible="0">
+ <layer name="collision" width="40" height="40">
   <data encoding="csv">
 3,3,3,3,3,3,3,3,3,3,3,3,3,3,3,3,3,3,3,3,3,3,3,3,3,3,3,3,3,3,3,3,3,3,3,3,3,3,3,3,
 3,3,3,3,3,3,3,3,3,3,3,1,2,2,2,1,3,3,3,3,3,3,3,3,3,3,3,3,3,3,3,3,3,3,3,3,3,3,3,3,
 3,3,3,3,3,3,3,3,3,3,3,1,2,2,2,1,1,1,1,1,3,3,3,3,3,3,3,3,3,3,3,3,3,3,3,3,3,3,3,3,
 3,3,3,1,1,1,1,1,1,3,3,1,2,2,2,2,2,0,0,1,1,1,1,1,1,3,3,3,3,3,3,3,3,3,3,3,3,3,3,3,
 3,3,1,1,1,0,0,0,1,1,1,1,2,2,2,2,0,0,0,0,0,0,2,2,1,1,1,1,3,3,3,3,3,3,3,3,3,3,3,3,
-3,1,1,0,0,0,0,0,0,0,0,2,2,2,0,0,2,0,0,0,0,0,2,0,0,0,0,1,1,3,3,3,3,3,3,3,3,3,3,3,
+3,1,1,0,0,0,0,0,0,0,0,2,2,2,2,2,2,0,0,0,0,0,2,0,0,0,0,1,1,3,3,3,3,3,3,3,3,3,3,3,
 3,1,2,0,1,0,1,1,1,0,0,0,0,0,0,0,0,0,0,0,0,0,0,0,0,0,0,0,1,1,3,3,3,3,3,3,3,3,3,3,
 1,1,0,0,0,2,1,1,1,0,0,0,0,0,0,0,0,0,0,0,0,0,2,0,0,0,0,0,0,1,3,3,3,3,3,3,3,3,3,3,
 1,0,1,0,0,0,0,0,0,0,0,0,2,2,2,2,2,2,0,0,0,1,2,0,0,2,0,0,0,1,1,3,3,3,3,3,3,3,3,3,
@@ -140,7 +140,7 @@
 3,3,3,3,1,0,0,0,0,2,2,2,2,2,2,2,2,2,2,2,0,0,0,2,0,0,0,0,0,1,0,0,0,0,0,0,0,0,1,3,
 3,3,1,1,1,0,0,0,2,2,2,2,2,2,2,2,2,2,2,2,0,0,0,0,0,0,0,0,0,0,0,0,0,0,0,0,0,0,1,3,
 3,1,1,0,0,0,0,0,2,2,2,2,2,0,0,0,0,2,2,2,0,0,2,2,2,2,2,2,2,2,0,0,0,0,0,0,0,0,1,3,
-3,1,0,0,0,0,2,2,0,2,2,2,0,1,0,0,0,0,0,2,0,0,2,2,2,2,2,2,2,2,2,0,0,0,0,0,0,0,1,3,
+3,1,0,0,0,0,2,2,2,2,2,2,0,1,0,0,0,0,0,2,0,0,2,2,2,2,2,2,2,2,2,0,0,0,0,0,0,0,1,3,
 3,0,0,0,0,0,0,0,0,0,0,0,0,0,0,0,0,0,0,0,0,0,2,2,2,2,2,2,2,2,2,2,0,0,0,0,1,1,1,3,
 3,0,0,0,0,0,0,0,0,0,0,0,0,0,0,0,0,0,0,0,0,0,2,2,2,2,2,2,2,2,2,2,0,0,1,1,1,3,3,3,
 3,0,0,0,0,1,2,2,2,2,2,2,0,0,0,0,0,0,0,0,0,0,2,2,2,2,2,2,2,2,1,0,0,1,1,3,3,3,3,3,
