diff --git a/mods/empyrean_campaign/maps/abandoned_mineshaft.txt b/mods/empyrean_campaign/maps/abandoned_mineshaft.txt
index ad22cdd7d36fc032b0d3c3e83c3f68024ca581f4..92f02ac68fb7bc0be7dea63d8ec232fc38153372 100644
--- a/mods/empyrean_campaign/maps/abandoned_mineshaft.txt
+++ b/mods/empyrean_campaign/maps/abandoned_mineshaft.txt
@@ -5,7 +5,7 @@ tilewidth=64
 tileheight=32
 music=cave_theme.ogg
 tileset=tileset_cave.txt
-title=New Cave Map
+title=Abandoned Mineshaft
 
 [tilesets]
 tileset=../../../../flare-game/tiled/cave/tiled_collision.png,64,32,0,0
@@ -169,6 +169,12 @@ location=11,21,1,1
 mapmod=object,11,25,176
 requires_status=e_forgottenring
 
+[event]
+# to Exile
+type=on_trigger
+location=27,35,2,1
+intermap=exile.txt,6,4
+
 [enemygroup]
 # random antlions
 type=antlion
diff --git a/mods/empyrean_campaign/maps/exile.txt b/mods/empyrean_campaign/maps/exile.txt
new file mode 100644
index 0000000000000000000000000000000000000000..e2336e88445b1cdf966607820f61ba1951f20425
--- /dev/null
+++ b/mods/empyrean_campaign/maps/exile.txt
@@ -0,0 +1,175 @@
+[header]
+width=40
+height=40
+tilewidth=64
+tileheight=32
+music=unrest_theme.ogg
+tileset=tileset_grassland.txt
+title=Exile
+
+[tilesets]
+tileset=../../../../flare-game/tiled/grassland/tiled_collision.png,64,32,0,0
+tileset=../../../../flare-game/tiled/grassland/grassland.png,64,128,0,0
+tileset=../../../../flare-game/tiled/grassland/grassland_water.png,64,64,0,32
+tileset=../../../../flare-game/tiled/grassland/grassland_structures.png,64,256,0,0
+tileset=../../../../flare-game/tiled/grassland/grassland_trees.png,128,256,-32,0
+tileset=../../../../flare-game/tiled/grassland/set_rules.png,64,32,0,0
+tileset=../../../../flare-game/tiled/grassland/tiled_grassland_2x2.png,128,64,0,16
+
+[layer]
+type=background
+data=
+0,0,0,0,0,0,0,0,0,0,0,0,0,0,0,0,0,0,0,0,0,0,0,0,0,0,0,0,0,0,0,0,0,0,0,0,0,0,0,0,
+0,0,0,0,0,0,0,0,0,0,0,0,0,0,0,0,0,0,0,0,0,0,0,0,0,0,0,0,0,0,0,0,0,0,0,0,0,0,0,0,
+0,0,0,0,0,0,0,0,0,0,0,0,0,0,0,0,0,0,0,0,0,0,0,0,0,0,0,0,0,0,0,0,0,0,0,0,0,0,0,0,
+0,0,0,0,19,16,17,18,19,0,0,0,0,0,0,0,0,0,0,0,0,0,0,0,0,0,0,0,0,0,0,0,0,0,0,0,0,0,0,0,
+0,20,21,22,23,20,21,22,23,20,21,22,23,20,0,0,0,0,0,0,0,0,0,0,0,0,0,22,23,20,21,22,0,0,0,0,0,0,0,0,
+0,24,25,26,27,24,25,26,27,24,25,26,27,24,25,26,0,0,0,0,0,0,0,0,0,0,0,26,27,24,25,26,0,0,0,0,0,0,0,0,
+0,28,29,30,31,28,29,30,31,28,29,30,31,28,29,30,31,28,0,0,0,0,0,0,0,0,0,30,31,28,29,30,31,0,0,0,0,0,0,0,
+0,16,17,18,19,16,17,18,19,16,17,18,19,16,17,18,19,16,17,0,0,0,0,0,0,0,17,18,19,16,17,18,19,0,0,0,0,0,0,0,
+0,20,21,22,23,20,21,22,23,156,149,145,149,157,21,22,23,20,21,22,0,0,0,0,0,20,21,22,23,20,21,22,23,0,0,0,0,0,0,0,
+0,145,149,145,145,193,193,145,145,164,177,178,179,161,157,26,27,24,25,26,27,0,0,0,27,24,25,26,27,24,25,26,27,0,0,0,0,0,0,0,
+0,180,181,182,183,199,199,182,183,180,181,182,183,180,165,157,31,28,29,30,31,28,29,30,31,28,29,30,31,28,29,30,0,0,0,0,0,0,0,0,
+0,184,185,186,187,203,207,186,187,184,185,186,187,184,185,150,19,16,17,18,19,16,17,18,19,16,17,18,19,16,17,18,0,0,0,0,0,0,0,0,
+0,188,189,190,191,197,197,190,191,188,189,190,191,188,189,150,23,20,21,22,23,20,21,22,23,20,21,22,23,20,21,0,0,0,0,0,0,0,0,0,
+0,176,177,178,179,176,177,178,179,176,177,178,179,176,177,146,27,24,25,26,27,24,25,26,27,24,25,26,27,24,25,0,0,0,0,0,0,0,0,0,
+0,180,181,182,183,180,181,182,183,180,181,182,183,180,181,161,157,28,29,30,31,28,29,30,31,28,29,30,31,0,0,0,0,0,0,0,0,0,0,0,
+0,184,185,186,187,184,185,186,187,184,185,186,187,184,185,186,165,193,193,145,153,16,17,18,152,145,149,157,0,0,0,0,0,0,0,0,0,0,0,0,
+0,188,189,190,191,188,189,190,191,188,189,190,191,162,151,151,147,195,195,167,161,145,149,145,160,176,176,146,0,0,0,0,0,0,0,0,0,0,0,0,
+0,176,177,178,179,176,177,178,179,176,177,162,147,158,18,19,16,17,18,159,151,147,147,147,147,147,147,158,16,17,0,0,0,0,0,0,0,0,0,0,
+0,180,181,182,183,180,181,182,183,180,181,146,20,21,22,23,20,21,22,23,20,21,22,23,20,21,22,23,20,21,22,0,0,0,0,0,0,0,0,0,
+0,184,185,186,187,184,185,186,187,184,185,146,24,0,0,27,24,25,26,27,24,25,26,27,24,25,26,27,24,25,26,0,0,0,0,0,0,0,0,0,
+0,188,189,190,191,188,189,190,191,188,189,146,28,265,0,31,28,29,30,31,28,29,30,31,28,29,30,31,28,29,0,0,0,0,0,0,0,0,0,0,
+0,176,177,178,179,176,177,178,179,176,177,161,153,17,18,19,16,17,18,19,16,17,18,19,16,17,18,19,16,17,0,0,0,0,0,0,0,0,0,0,
+0,180,181,182,183,180,181,182,183,180,181,182,150,21,22,23,20,21,22,23,20,21,22,23,20,21,22,23,20,21,0,0,0,0,0,0,0,0,0,0,
+0,184,185,186,187,184,185,186,187,184,185,186,150,25,26,27,24,25,26,27,24,25,26,27,24,25,26,27,24,0,0,0,0,0,0,0,0,0,0,0,
+0,188,189,190,191,188,189,190,191,188,189,190,165,153,30,31,28,29,30,31,28,29,30,31,28,29,30,31,28,29,0,0,0,0,0,0,0,0,0,0,
+0,176,177,178,179,176,177,178,179,176,177,178,179,150,18,19,16,17,18,19,16,17,18,19,16,17,18,19,16,17,0,0,0,0,0,0,0,0,0,0,
+0,180,181,182,183,180,181,182,183,180,181,182,183,150,22,23,20,21,22,23,20,21,22,23,20,21,22,23,20,21,22,23,0,0,0,0,0,0,0,0,
+0,184,185,186,187,184,185,186,187,184,185,186,187,165,153,27,24,25,26,27,24,25,26,27,24,25,26,27,24,25,26,27,0,0,0,0,0,0,0,0,
+0,188,189,190,191,188,189,190,191,188,189,190,191,188,161,153,28,29,30,31,28,29,30,31,28,29,30,31,28,29,30,31,28,0,0,0,0,0,0,0,
+0,176,177,178,179,176,177,178,179,176,177,178,179,176,177,165,149,157,18,19,16,17,18,19,16,17,18,19,16,17,18,19,16,0,0,0,0,0,0,0,
+0,180,181,182,183,180,181,182,183,180,181,182,183,180,181,182,183,161,149,145,153,21,22,23,0,0,0,0,20,21,22,23,20,21,22,0,0,0,0,0,
+0,184,185,186,187,184,185,186,187,184,185,186,187,184,185,186,187,184,185,186,165,149,145,153,0,0,0,0,0,25,26,27,24,25,26,27,24,0,0,0,
+0,188,189,190,191,188,189,190,191,188,189,190,191,188,189,190,191,188,189,190,191,188,189,146,16,0,0,0,0,0,30,31,28,29,30,31,28,0,0,0,
+0,176,177,178,179,176,177,178,179,176,177,178,179,176,177,178,179,176,177,178,179,176,177,165,153,0,0,0,0,0,0,19,16,17,18,19,16,0,0,0,
+0,180,181,182,183,180,181,182,183,180,181,182,183,180,181,182,183,180,181,182,183,180,181,182,150,16,0,0,0,0,0,0,20,21,22,23,20,0,0,0,
+0,184,185,186,187,184,185,186,187,184,185,186,187,184,185,186,187,184,185,186,187,184,185,186,161,153,16,0,0,0,0,0,0,25,26,27,24,0,0,0,
+0,188,189,190,191,188,189,190,191,188,189,190,191,188,189,190,191,188,189,190,191,188,189,190,191,161,157,0,0,0,0,0,0,0,0,0,0,0,0,0,
+0,176,177,178,179,176,177,178,179,176,177,178,179,176,177,178,179,176,177,178,179,176,177,178,179,176,146,0,0,0,0,0,0,0,0,0,0,0,0,0,
+0,180,181,182,183,180,181,182,183,180,181,182,183,180,181,182,183,180,181,182,183,180,181,182,183,180,146,0,0,0,0,0,0,0,0,0,0,0,0,0,
+0,0,0,0,0,0,0,0,0,0,0,0,0,0,0,0,0,0,0,0,0,0,0,0,0,0,0,0,0,0,0,0,0,0,0,0,0,0,0,0
+
+[layer]
+type=object
+data=
+0,0,0,0,0,0,0,0,0,0,0,0,0,0,0,0,0,0,0,0,0,0,0,0,0,0,0,0,0,0,0,0,0,0,0,0,0,0,0,0,
+0,0,0,0,0,0,0,0,0,0,0,0,0,0,0,0,0,0,0,0,0,0,0,0,0,0,0,0,0,0,0,0,0,0,0,0,0,0,0,0,
+0,0,0,0,0,0,0,0,0,0,0,0,0,0,0,0,0,0,0,0,0,0,0,0,0,0,0,0,0,0,0,0,0,0,0,0,0,0,0,0,
+0,0,0,56,53,53,230,231,53,57,0,0,0,0,0,0,0,0,0,0,0,0,0,0,0,0,0,0,0,0,0,0,0,0,0,0,0,0,0,0,
+0,49,53,64,99,0,34,35,137,69,53,49,53,49,61,0,0,0,0,0,0,0,0,0,0,0,0,48,93,93,93,93,50,0,0,0,0,0,0,0,
+0,92,0,126,0,46,32,34,0,97,0,117,125,0,65,49,57,0,0,0,0,0,0,0,0,0,0,52,0,0,0,0,54,0,0,0,0,0,0,0,
+0,92,0,0,0,32,32,34,36,124,0,0,0,0,127,249,69,53,57,0,0,0,0,0,0,0,60,64,0,126,0,0,65,0,0,0,0,0,0,0,
+0,92,0,0,0,32,35,44,0,0,41,38,37,37,43,16,0,125,69,57,0,0,0,0,0,0,48,139,0,0,125,0,0,54,0,0,0,0,0,0,
+0,92,0,126,0,32,35,0,128,0,0,0,0,39,39,0,0,0,0,69,61,0,0,0,56,49,64,0,0,0,0,0,0,50,0,0,0,0,0,0,
+0,0,0,0,130,0,0,0,0,124,0,0,0,0,0,0,34,0,0,0,69,61,0,60,68,252,0,125,0,0,0,0,0,54,0,0,0,0,0,0,
+0,0,0,0,0,0,0,0,114,0,0,121,0,120,0,0,0,34,0,0,0,69,49,68,129,0,0,0,0,127,0,0,66,58,0,0,0,0,0,0,
+0,0,121,0,0,0,97,173,0,114,0,0,0,0,0,0,125,35,32,0,0,0,0,0,0,0,0,0,0,0,0,0,54,0,0,0,0,0,0,0,
+0,0,0,0,0,0,99,172,0,0,0,0,0,0,0,0,0,32,32,0,126,0,0,0,0,0,126,0,0,0,0,70,62,0,0,0,0,0,0,0,
+0,0,0,0,0,0,0,171,0,0,0,0,0,0,0,0,0,33,32,0,0,0,0,0,0,124,0,0,0,0,0,50,0,0,0,0,0,0,0,0,
+0,0,0,0,0,0,0,0,0,0,0,0,0,0,0,0,124,34,32,0,0,0,0,0,0,0,117,0,0,66,55,58,0,0,0,0,0,0,0,0,
+0,0,0,0,0,0,0,0,0,0,0,0,0,0,0,0,120,0,0,0,0,0,125,0,0,115,0,0,66,62,0,0,0,0,0,0,0,0,0,0,
+0,0,0,0,0,0,0,0,0,0,0,0,0,0,0,0,0,0,0,0,0,0,0,0,0,0,0,121,54,0,0,0,0,0,0,0,0,0,0,0,
+0,0,0,0,0,0,0,0,0,0,0,0,0,0,110,111,0,35,32,0,121,0,0,0,0,0,0,0,69,53,61,0,0,0,0,0,0,0,0,0,
+0,0,0,0,0,0,0,0,0,0,0,0,133,0,0,0,0,35,32,0,105,116,116,117,0,0,215,137,101,244,65,57,0,0,0,0,0,0,0,0,
+0,0,0,0,0,0,0,0,0,0,0,0,0,0,0,38,39,32,32,0,104,117,117,116,212,213,214,0,124,0,0,50,0,0,0,0,0,0,0,0,
+0,0,0,0,0,0,0,0,0,0,0,0,0,0,0,37,37,34,34,0,0,106,107,0,0,0,0,0,0,0,70,62,0,0,0,0,0,0,0,0,
+0,0,0,0,0,0,0,0,0,0,0,0,135,0,0,0,0,34,33,47,0,0,0,0,126,0,0,127,0,0,54,0,0,0,0,0,0,0,0,0,
+0,0,0,0,0,0,0,0,0,0,0,0,124,0,0,0,126,41,33,38,32,43,0,0,0,0,0,0,0,0,50,0,0,0,0,0,0,0,0,0,
+0,0,0,0,0,0,0,0,0,0,0,0,115,0,0,0,0,0,45,37,102,36,0,0,0,127,0,0,0,70,58,0,0,0,0,0,0,0,0,0,
+0,0,0,0,0,0,0,0,0,0,0,0,0,0,0,0,0,0,0,41,33,44,0,74,75,0,0,0,0,65,57,0,0,0,0,0,0,0,0,0,
+0,0,0,0,0,0,0,0,0,0,0,0,0,0,0,0,211,0,0,0,0,0,0,77,0,0,0,0,0,0,54,0,0,0,0,0,0,0,0,0,
+0,0,0,0,0,0,0,0,0,0,0,0,0,0,0,0,210,0,0,0,0,0,0,0,0,0,0,0,124,0,69,49,57,0,0,0,0,0,0,0,
+0,0,0,0,0,0,0,0,0,0,0,0,0,0,0,208,209,0,103,0,0,0,0,0,0,127,0,125,0,0,0,0,54,0,0,0,0,0,0,0,
+0,0,0,0,0,0,0,0,0,0,0,0,0,0,0,99,100,0,0,126,0,0,0,0,0,0,0,0,0,0,0,0,69,57,0,0,0,0,0,0,
+0,0,0,0,0,0,0,0,0,0,0,0,0,0,0,0,0,0,0,0,0,0,0,0,0,0,0,0,0,0,0,0,0,54,0,0,0,0,0,0,
+0,0,0,0,0,0,0,0,0,0,0,0,0,0,0,0,0,120,0,0,115,0,0,0,70,51,55,55,71,0,0,0,0,65,53,57,0,0,0,0,
+0,0,0,0,0,0,0,0,0,0,0,0,0,0,0,0,0,0,0,0,0,0,126,0,50,0,0,0,63,71,0,124,0,0,138,69,53,0,0,0,
+0,0,0,0,0,0,0,0,0,0,0,0,0,0,0,0,0,0,0,0,121,0,0,120,65,57,0,0,0,63,71,0,0,0,0,0,94,0,0,0,
+0,0,0,0,0,0,0,0,0,0,0,0,0,0,0,0,0,0,0,0,0,0,0,0,246,54,0,0,0,0,0,71,0,0,127,0,94,0,0,0,
+0,0,0,0,0,0,0,0,0,0,0,0,0,0,0,0,0,0,0,0,0,0,0,0,124,65,61,0,0,0,0,59,67,124,0,0,94,0,0,0,
+0,0,0,0,0,0,0,0,0,0,0,0,0,0,0,0,0,0,0,0,0,0,0,0,121,131,69,61,0,0,0,0,59,67,0,0,94,0,0,0,
+0,0,0,0,0,0,0,0,0,0,0,0,0,0,0,0,0,0,0,0,0,0,0,0,0,0,0,54,0,0,0,0,0,63,55,55,55,0,0,0,
+0,0,0,0,0,0,0,0,0,0,0,0,0,0,0,0,0,0,0,0,0,0,0,0,0,0,0,50,0,0,0,0,0,0,0,0,0,0,0,0,
+0,0,0,0,0,0,0,0,0,0,0,0,0,0,0,0,0,0,0,0,0,0,0,0,0,0,0,54,0,0,0,0,0,0,0,0,0,0,0,0,
+0,0,0,0,0,0,0,0,0,0,0,0,0,0,0,0,0,0,0,0,0,0,0,0,0,0,0,0,0,0,0,0,0,0,0,0,0,0,0,0
+
+[layer]
+type=collision
+data=
+3,3,3,3,3,3,3,3,3,3,3,3,3,3,3,3,3,3,3,3,3,3,3,3,3,3,3,3,3,3,3,3,3,3,3,3,3,3,3,3,
+3,3,3,3,3,3,3,3,3,3,3,3,3,3,3,3,3,3,3,3,3,3,3,3,3,3,3,3,3,3,3,3,3,3,3,3,3,3,3,3,
+3,3,3,3,3,3,3,3,3,3,3,3,3,3,3,3,3,3,3,3,3,3,3,3,3,3,3,3,3,3,3,3,3,3,3,3,3,3,3,3,
+3,3,3,1,1,1,0,0,1,1,3,3,3,3,3,3,3,3,3,3,3,3,3,3,3,3,3,3,3,3,3,3,3,3,3,3,3,3,3,3,
+3,1,1,1,4,0,0,0,4,1,1,1,1,1,1,3,3,3,3,3,3,3,3,3,3,3,3,1,0,0,0,0,1,3,3,3,3,3,3,3,
+3,0,0,0,0,0,0,0,0,4,0,0,0,0,1,1,1,3,3,3,3,3,3,3,3,3,3,1,0,0,0,0,1,3,3,3,3,3,3,3,
+3,0,0,0,0,0,0,0,0,0,0,0,0,0,0,1,1,1,1,3,3,3,3,3,3,3,1,1,0,0,0,0,1,3,3,3,3,3,3,3,
+3,0,0,0,0,0,0,0,0,0,0,0,0,0,0,0,0,0,1,1,3,3,3,3,3,3,1,4,0,0,0,0,0,1,3,3,3,3,3,3,
+3,0,0,0,0,0,0,0,4,2,2,2,2,2,0,0,0,0,0,1,1,3,3,3,1,1,1,0,0,0,0,0,0,1,3,3,3,3,3,3,
+3,2,2,2,2,0,0,2,2,2,2,2,2,2,2,0,0,0,0,0,1,1,3,1,1,1,0,0,0,0,0,0,0,1,3,3,3,3,3,3,
+3,2,2,2,2,0,0,2,2,2,2,2,2,2,2,2,0,0,0,0,0,1,1,1,4,0,0,0,0,0,0,0,1,1,3,3,3,3,3,3,
+3,2,2,2,2,0,2,2,2,2,2,2,2,2,2,2,0,0,0,0,0,0,0,0,0,0,0,0,0,0,0,0,1,3,3,3,3,3,3,3,
+3,2,2,2,2,0,2,2,2,2,2,2,2,2,2,2,0,0,0,0,0,0,0,0,0,0,0,0,0,0,0,1,1,3,3,3,3,3,3,3,
+3,2,2,2,2,2,2,2,2,2,2,2,2,2,2,2,0,0,0,0,0,0,0,0,0,0,0,0,0,0,0,1,3,3,3,3,3,3,3,3,
+3,2,2,2,2,2,2,2,2,2,2,2,2,2,2,2,2,0,0,0,0,0,0,0,0,0,0,0,0,1,1,1,3,3,3,3,3,3,3,3,
+3,2,2,2,2,2,2,2,2,2,2,2,2,2,2,2,2,0,0,2,2,0,0,0,2,2,2,2,1,1,3,3,3,3,3,3,3,3,3,3,
+3,2,2,2,2,2,2,2,2,2,2,2,2,2,2,2,2,0,0,2,2,2,2,2,2,2,2,2,1,3,3,3,3,3,3,3,3,3,3,3,
+3,2,2,2,2,2,2,2,2,2,2,2,2,2,4,4,0,0,0,2,2,2,2,2,2,2,2,2,1,1,1,3,3,3,3,3,3,3,3,3,
+3,2,2,2,2,2,2,2,2,2,2,2,1,0,0,0,0,0,0,0,4,0,0,0,1,1,1,4,4,1,1,1,3,3,3,3,3,3,3,3,
+3,2,2,2,2,2,2,2,2,2,2,2,0,0,0,0,0,0,0,0,4,0,0,0,1,1,1,0,0,0,0,1,3,3,3,3,3,3,3,3,
+3,2,2,2,2,2,2,2,2,2,2,2,0,0,0,0,0,0,0,0,0,4,4,0,0,0,0,0,0,0,1,1,3,3,3,3,3,3,3,3,
+3,2,2,2,2,2,2,2,2,2,2,2,1,0,0,0,0,0,0,0,0,0,0,0,4,0,0,0,0,0,1,3,3,3,3,3,3,3,3,3,
+3,2,2,2,2,2,2,2,2,2,2,2,2,0,0,0,0,0,0,0,0,0,0,0,0,0,0,0,0,0,1,3,3,3,3,3,3,3,3,3,
+3,2,2,2,2,2,2,2,2,2,2,2,2,0,0,0,0,0,0,0,4,0,0,0,0,0,0,0,0,1,1,3,3,3,3,3,3,3,3,3,
+3,2,2,2,2,2,2,2,2,2,2,2,2,2,2,0,0,0,0,0,0,0,0,4,4,0,0,0,0,1,1,3,3,3,3,3,3,3,3,3,
+3,2,2,2,2,2,2,2,2,2,2,2,2,2,2,1,1,0,0,0,0,0,0,4,0,0,0,0,0,0,1,3,3,3,3,3,3,3,3,3,
+3,2,2,2,2,2,2,2,2,2,2,2,2,2,2,1,1,0,4,0,0,0,0,0,0,0,0,0,0,0,1,1,1,3,3,3,3,3,3,3,
+3,2,2,2,2,2,2,2,2,2,2,2,2,2,2,1,1,0,4,0,0,0,0,0,0,0,0,0,0,0,0,0,1,3,3,3,3,3,3,3,
+3,2,2,2,2,2,2,2,2,2,2,2,2,2,2,2,4,0,0,0,0,0,0,0,0,0,0,0,0,0,0,0,1,1,3,3,3,3,3,3,
+3,2,2,2,2,2,2,2,2,2,2,2,2,2,2,2,2,2,0,0,0,0,0,0,0,0,0,0,0,0,0,0,0,1,3,3,3,3,3,3,
+3,2,2,2,2,2,2,2,2,2,2,2,2,2,2,2,2,2,2,2,2,0,0,0,1,1,1,1,1,0,0,0,0,1,1,1,3,3,3,3,
+3,2,2,2,2,2,2,2,2,2,2,2,2,2,2,2,2,2,2,2,2,2,2,2,1,3,3,3,1,1,0,0,0,0,4,1,1,3,3,3,
+3,2,2,2,2,2,2,2,2,2,2,2,2,2,2,2,2,2,2,2,2,2,2,2,1,1,3,3,3,1,1,0,0,0,0,0,0,3,3,3,
+3,2,2,2,2,2,2,2,2,2,2,2,2,2,2,2,2,2,2,2,2,2,2,2,1,1,3,3,3,3,3,1,0,0,0,0,0,3,3,3,
+3,2,2,2,2,2,2,2,2,2,2,2,2,2,2,2,2,2,2,2,2,2,2,2,2,1,1,3,3,3,3,1,1,0,0,0,0,3,3,3,
+3,2,2,2,2,2,2,2,2,2,2,2,2,2,2,2,2,2,2,2,2,2,2,2,2,2,1,1,3,3,3,3,1,1,0,0,0,3,3,3,
+3,2,2,2,2,2,2,2,2,2,2,2,2,2,2,2,2,2,2,2,2,2,2,2,2,2,2,1,3,3,3,3,3,1,1,1,1,3,3,3,
+3,2,2,2,2,2,2,2,2,2,2,2,2,2,2,2,2,2,2,2,2,2,2,2,2,2,2,1,3,3,3,3,3,3,3,3,3,3,3,3,
+3,2,2,2,2,2,2,2,2,2,2,2,2,2,2,2,2,2,2,2,2,2,2,2,2,2,2,1,3,3,3,3,3,3,3,3,3,3,3,3,
+3,3,3,3,3,3,3,3,3,3,3,3,3,3,3,3,3,3,3,3,3,3,3,3,3,3,3,3,3,3,3,3,3,3,3,3,3,3,3,3
+
+[event]
+# to Abandoned Mineshaft
+type=on_trigger
+location=6,3,2,1
+intermap=abandoned_mineshaft.txt,27,34
+
+[event]
+# Shared Stash
+type=on_trigger
+location=23,25,1,1
+hotspot=location
+soundfx=soundfx/wood_open.ogg
+stash=true
+tooltip=Shared Stash
+
+[npc]
+# Blacksmith
+type=udana
+location=18,26,1,1
+
+[npc]
+# Apothecary
+type=florin
+location=24,21,1,1
+
diff --git a/mods/empyrean_campaign/npcs/florin.txt b/mods/empyrean_campaign/npcs/florin.txt
new file mode 100644
index 0000000000000000000000000000000000000000..a9f4eae0703109c6a5f94598433ca51759343827
--- /dev/null
+++ b/mods/empyrean_campaign/npcs/florin.txt
@@ -0,0 +1,44 @@
+name=Florin, Apothecary
+
+portrait=male02
+
+# animation info
+gfx=peasant_man1
+
+# shop info
+vendor=true
+constant_stock=1,1,1,1,1,2,2,2,2,2,40,41,64,65,66,67,125
+
+# voiceover files
+vox_intro=male_merchant_01.ogg
+vox_intro=male_merchant_02.ogg
+vox_intro=male_merchant_03.ogg
+vox_intro=male_merchant_04.ogg
+
+talker=true
+
+[dialog]
+topic=Introduction
+requires_not_status=florin_intro
+him=Welcome stranger. My name is Florin. Cause no trouble and you may rest here.
+you=It is good to see a friendly face. Where are we?
+set_status=florin_intro
+him=We call this place Exile. It's our tiny foothold on the Surface. Life is short and terrible here, so we try to help the newly arrived.
+
+[dialog]
+topic=Udana
+requires_status=udana_intro
+requires_status=florin_intro
+requires_not_status=florin_udana
+you=Is Udana trustworthy?
+reward_xp=10
+set_status=florin_udana
+him=I don't apologize for her abrasive exterior. Udana is absolutely loyal to anyone who proves their competence.
+
+[dialog]
+topic=Shared Stash
+requires_status=florin_intro
+requires_not_status=florin_stash
+set_status=florin_stash
+him=You can store spare equipment in the Shared Stash next to the spare tent. Take items if you will put them to good use, but try to leave something for your fellow survivors.
+
diff --git a/mods/empyrean_campaign/npcs/udana.txt b/mods/empyrean_campaign/npcs/udana.txt
new file mode 100644
index 0000000000000000000000000000000000000000..f525342a797dc21896173758f530c1d0baf12148
--- /dev/null
+++ b/mods/empyrean_campaign/npcs/udana.txt
@@ -0,0 +1,49 @@
+name=Udana, Metalworker
+
+portrait=female07
+
+# animation info
+gfx=peasant_woman2
+
+# shop info
+vendor=true
+constant_stock=32,33,48,49,56,57,80,81,82,83,84,88,89,90,91,92,118
+
+# voiceover files
+vox_intro=female_merchant_01.ogg
+vox_intro=female_merchant_02.ogg
+vox_intro=female_merchant_03.ogg
+vox_intro=female_merchant_04.ogg
+
+talker=true
+
+[dialog]
+topic=Introduction
+requires_not_status=udana_intro
+her=I'm Udana. I was a union smith in Empyrean. Supplies are thin here but I can spare a few pieces.
+you=Thanks Udana. I'm not sure yet where here is. My name is ...
+set_status=udana_intro
+her=Stop. I'd rather not know. Exiles like you show up every few days and don't last long.
+
+[dialog]
+topic=Florin
+requires_not_status=udana_florin
+requires_status=florin_intro
+requires_status=udana_intro
+you=Is Florin trustworthy?
+her=Florin is a decent person. That's rare anywhere, much less down here on the surface.
+reward_xp=10
+set_status=udana_florin
+her=If you tell him I said that I will break your arms.
+
+[dialog]
+topic=Equipment
+requires_status=udana_intro
+requires_not_status=ore_search
+set_status=ore_search
+her=I live to work with steel. There's never enough material here. I've exhausted the ore in the mineshaft. It's too dangerous to go deeper in, past the breach.
+
+[dialog]
+topic=Equipment
+requires_status=ore_search
+her=Yeah. I wish we had better equipment here too. Why don't you talk to the monsters deep down in the mineshaft? Best case scenario, they'll just eat your face and we'll lose the gear I already sold you.
diff --git a/mods/empyrean_campaign/quests/exile.txt b/mods/empyrean_campaign/quests/exile.txt
new file mode 100644
index 0000000000000000000000000000000000000000..93adb6bc812a0abe636828f2386af69255b870ab
--- /dev/null
+++ b/mods/empyrean_campaign/quests/exile.txt
@@ -0,0 +1,4 @@
+[quest]
+requires_status=ore_search
+requires_not_status=ore_found
+quest_text=Search The Breach beyond the Abandoned Mineshaft for ore. Udana in Exile can use it to craft better equipment.
diff --git a/mods/empyrean_campaign/quests/index.txt b/mods/empyrean_campaign/quests/index.txt
new file mode 100644
index 0000000000000000000000000000000000000000..6f634615c597d8d2a991086a48109231691eef31
--- /dev/null
+++ b/mods/empyrean_campaign/quests/index.txt
@@ -0,0 +1,3 @@
+exile.txt
+
+
diff --git a/tiled/empyrean_campaign/abandoned_mineshaft.tmx b/tiled/empyrean_campaign/abandoned_mineshaft.tmx
index fe043189c1bfe148793b0e784f6be3a5b708cf9d..7f7ed81a9512113061a48d61cb66793d8902b1f7 100644
--- a/tiled/empyrean_campaign/abandoned_mineshaft.tmx
+++ b/tiled/empyrean_campaign/abandoned_mineshaft.tmx
@@ -3,7 +3,7 @@
  <properties>
   <property name="music" value="cave_theme.ogg"/>
   <property name="tileset" value="tileset_cave.txt"/>
-  <property name="title" value="New Cave Map"/>
+  <property name="title" value="Abandoned Mineshaft"/>
  </properties>
  <tileset firstgid="1" name="collision" tilewidth="64" tileheight="32">
   <image source="../cave/tiled_collision.png" width="960" height="32"/>
@@ -170,6 +170,11 @@
     <property name="requires_status" value="e_forgottenring"/>
    </properties>
   </object>
+  <object name="to Exile" type="on_trigger" x="864" y="1120" width="64" height="32">
+   <properties>
+    <property name="intermap" value="exile.txt,6,4"/>
+   </properties>
+  </object>
  </objectgroup>
  <objectgroup name="enemygroup" width="40" height="40">
   <object name="random antlions" type="antlion" x="576" y="480" width="160" height="288">
diff --git a/tiled/empyrean_campaign/exile.tmx b/tiled/empyrean_campaign/exile.tmx
new file mode 100644
index 0000000000000000000000000000000000000000..a0faeaeba6e05752f48077123cc3112a4327afe6
--- /dev/null
+++ b/tiled/empyrean_campaign/exile.tmx
@@ -0,0 +1,187 @@
+<?xml version="1.0" encoding="UTF-8"?>
+<map version="1.0" orientation="isometric" width="40" height="40" tilewidth="64" tileheight="32" backgroundcolor="#000000">
+ <properties>
+  <property name="music" value="unrest_theme.ogg"/>
+  <property name="tileset" value="tileset_grassland.txt"/>
+  <property name="title" value="Exile"/>
+ </properties>
+ <tileset firstgid="1" name="collision" tilewidth="64" tileheight="32">
+  <image source="../grassland/tiled_collision.png" width="960" height="32"/>
+ </tileset>
+ <tileset firstgid="16" name="grassland" tilewidth="64" tileheight="128">
+  <image source="../grassland/grassland.png" width="1024" height="1024"/>
+ </tileset>
+ <tileset firstgid="144" name="water" tilewidth="64" tileheight="64">
+  <tileoffset x="0" y="32"/>
+  <image source="../grassland/grassland_water.png" width="1024" height="256"/>
+ </tileset>
+ <tileset firstgid="208" name="tall structures" tilewidth="64" tileheight="256">
+  <image source="../grassland/grassland_structures.png" width="1024" height="512"/>
+ </tileset>
+ <tileset firstgid="240" name="trees" tilewidth="128" tileheight="256">
+  <tileoffset x="-32" y="0"/>
+  <image source="../grassland/grassland_trees.png" width="1024" height="512"/>
+ </tileset>
+ <tileset firstgid="256" name="set_rules" tilewidth="64" tileheight="32">
+  <image source="../grassland/set_rules.png" width="128" height="128"/>
+ </tileset>
+ <tileset firstgid="264" name="tiled_grassland_2x2" tilewidth="128" tileheight="64">
+  <tileoffset x="0" y="16"/>
+  <image source="../grassland/tiled_grassland_2x2.png" width="512" height="512"/>
+ </tileset>
+ <layer name="background" width="40" height="40">
+  <data encoding="csv">
+0,0,0,0,0,0,0,0,0,0,0,0,0,0,0,0,0,0,0,0,0,0,0,0,0,0,0,0,0,0,0,0,0,0,0,0,0,0,0,0,
+0,0,0,0,0,0,0,0,0,0,0,0,0,0,0,0,0,0,0,0,0,0,0,0,0,0,0,0,0,0,0,0,0,0,0,0,0,0,0,0,
+0,0,0,0,0,0,0,0,0,0,0,0,0,0,0,0,0,0,0,0,0,0,0,0,0,0,0,0,0,0,0,0,0,0,0,0,0,0,0,0,
+0,0,0,0,19,16,17,18,19,0,0,0,0,0,0,0,0,0,0,0,0,0,0,0,0,0,0,0,0,0,0,0,0,0,0,0,0,0,0,0,
+0,20,21,22,23,20,21,22,23,20,21,22,23,20,0,0,0,0,0,0,0,0,0,0,0,0,0,22,23,20,21,22,0,0,0,0,0,0,0,0,
+0,24,25,26,27,24,25,26,27,24,25,26,27,24,25,26,0,0,0,0,0,0,0,0,0,0,0,26,27,24,25,26,0,0,0,0,0,0,0,0,
+0,28,29,30,31,28,29,30,31,28,29,30,31,28,29,30,31,28,0,0,0,0,0,0,0,0,0,30,31,28,29,30,31,0,0,0,0,0,0,0,
+0,16,17,18,19,16,17,18,19,16,17,18,19,16,17,18,19,16,17,0,0,0,0,0,0,0,17,18,19,16,17,18,19,0,0,0,0,0,0,0,
+0,20,21,22,23,20,21,22,23,156,149,145,149,157,21,22,23,20,21,22,0,0,0,0,0,20,21,22,23,20,21,22,23,0,0,0,0,0,0,0,
+0,145,149,145,145,193,193,145,145,164,177,178,179,161,157,26,27,24,25,26,27,0,0,0,27,24,25,26,27,24,25,26,27,0,0,0,0,0,0,0,
+0,180,181,182,183,199,199,182,183,180,181,182,183,180,165,157,31,28,29,30,31,28,29,30,31,28,29,30,31,28,29,30,0,0,0,0,0,0,0,0,
+0,184,185,186,187,203,207,186,187,184,185,186,187,184,185,150,19,16,17,18,19,16,17,18,19,16,17,18,19,16,17,18,0,0,0,0,0,0,0,0,
+0,188,189,190,191,197,197,190,191,188,189,190,191,188,189,150,23,20,21,22,23,20,21,22,23,20,21,22,23,20,21,0,0,0,0,0,0,0,0,0,
+0,176,177,178,179,176,177,178,179,176,177,178,179,176,177,146,27,24,25,26,27,24,25,26,27,24,25,26,27,24,25,0,0,0,0,0,0,0,0,0,
+0,180,181,182,183,180,181,182,183,180,181,182,183,180,181,161,157,28,29,30,31,28,29,30,31,28,29,30,31,0,0,0,0,0,0,0,0,0,0,0,
+0,184,185,186,187,184,185,186,187,184,185,186,187,184,185,186,165,193,193,145,153,16,17,18,152,145,149,157,0,0,0,0,0,0,0,0,0,0,0,0,
+0,188,189,190,191,188,189,190,191,188,189,190,191,162,151,151,147,195,195,167,161,145,149,145,160,176,176,146,0,0,0,0,0,0,0,0,0,0,0,0,
+0,176,177,178,179,176,177,178,179,176,177,162,147,158,18,19,16,17,18,159,151,147,147,147,147,147,147,158,16,17,0,0,0,0,0,0,0,0,0,0,
+0,180,181,182,183,180,181,182,183,180,181,146,20,21,22,23,20,21,22,23,20,21,22,23,20,21,22,23,20,21,22,0,0,0,0,0,0,0,0,0,
+0,184,185,186,187,184,185,186,187,184,185,146,24,0,0,27,24,25,26,27,24,25,26,27,24,25,26,27,24,25,26,0,0,0,0,0,0,0,0,0,
+0,188,189,190,191,188,189,190,191,188,189,146,28,265,0,31,28,29,30,31,28,29,30,31,28,29,30,31,28,29,0,0,0,0,0,0,0,0,0,0,
+0,176,177,178,179,176,177,178,179,176,177,161,153,17,18,19,16,17,18,19,16,17,18,19,16,17,18,19,16,17,0,0,0,0,0,0,0,0,0,0,
+0,180,181,182,183,180,181,182,183,180,181,182,150,21,22,23,20,21,22,23,20,21,22,23,20,21,22,23,20,21,0,0,0,0,0,0,0,0,0,0,
+0,184,185,186,187,184,185,186,187,184,185,186,150,25,26,27,24,25,26,27,24,25,26,27,24,25,26,27,24,0,0,0,0,0,0,0,0,0,0,0,
+0,188,189,190,191,188,189,190,191,188,189,190,165,153,30,31,28,29,30,31,28,29,30,31,28,29,30,31,28,29,0,0,0,0,0,0,0,0,0,0,
+0,176,177,178,179,176,177,178,179,176,177,178,179,150,18,19,16,17,18,19,16,17,18,19,16,17,18,19,16,17,0,0,0,0,0,0,0,0,0,0,
+0,180,181,182,183,180,181,182,183,180,181,182,183,150,22,23,20,21,22,23,20,21,22,23,20,21,22,23,20,21,22,23,0,0,0,0,0,0,0,0,
+0,184,185,186,187,184,185,186,187,184,185,186,187,165,153,27,24,25,26,27,24,25,26,27,24,25,26,27,24,25,26,27,0,0,0,0,0,0,0,0,
+0,188,189,190,191,188,189,190,191,188,189,190,191,188,161,153,28,29,30,31,28,29,30,31,28,29,30,31,28,29,30,31,28,0,0,0,0,0,0,0,
+0,176,177,178,179,176,177,178,179,176,177,178,179,176,177,165,149,157,18,19,16,17,18,19,16,17,18,19,16,17,18,19,16,0,0,0,0,0,0,0,
+0,180,181,182,183,180,181,182,183,180,181,182,183,180,181,182,183,161,149,145,153,21,22,23,0,0,0,0,20,21,22,23,20,21,22,0,0,0,0,0,
+0,184,185,186,187,184,185,186,187,184,185,186,187,184,185,186,187,184,185,186,165,149,145,153,0,0,0,0,0,25,26,27,24,25,26,27,24,0,0,0,
+0,188,189,190,191,188,189,190,191,188,189,190,191,188,189,190,191,188,189,190,191,188,189,146,16,0,0,0,0,0,30,31,28,29,30,31,28,0,0,0,
+0,176,177,178,179,176,177,178,179,176,177,178,179,176,177,178,179,176,177,178,179,176,177,165,153,0,0,0,0,0,0,19,16,17,18,19,16,0,0,0,
+0,180,181,182,183,180,181,182,183,180,181,182,183,180,181,182,183,180,181,182,183,180,181,182,150,16,0,0,0,0,0,0,20,21,22,23,20,0,0,0,
+0,184,185,186,187,184,185,186,187,184,185,186,187,184,185,186,187,184,185,186,187,184,185,186,161,153,16,0,0,0,0,0,0,25,26,27,24,0,0,0,
+0,188,189,190,191,188,189,190,191,188,189,190,191,188,189,190,191,188,189,190,191,188,189,190,191,161,157,0,0,0,0,0,0,0,0,0,0,0,0,0,
+0,176,177,178,179,176,177,178,179,176,177,178,179,176,177,178,179,176,177,178,179,176,177,178,179,176,146,0,0,0,0,0,0,0,0,0,0,0,0,0,
+0,180,181,182,183,180,181,182,183,180,181,182,183,180,181,182,183,180,181,182,183,180,181,182,183,180,146,0,0,0,0,0,0,0,0,0,0,0,0,0,
+0,0,0,0,0,0,0,0,0,0,0,0,0,0,0,0,0,0,0,0,0,0,0,0,0,0,0,0,0,0,0,0,0,0,0,0,0,0,0,0
+</data>
+ </layer>
+ <layer name="object" width="40" height="40">
+  <data encoding="csv">
+0,0,0,0,0,0,0,0,0,0,0,0,0,0,0,0,0,0,0,0,0,0,0,0,0,0,0,0,0,0,0,0,0,0,0,0,0,0,0,0,
+0,0,0,0,0,0,0,0,0,0,0,0,0,0,0,0,0,0,0,0,0,0,0,0,0,0,0,0,0,0,0,0,0,0,0,0,0,0,0,0,
+0,0,0,0,0,0,0,0,0,0,0,0,0,0,0,0,0,0,0,0,0,0,0,0,0,0,0,0,0,0,0,0,0,0,0,0,0,0,0,0,
+0,0,0,56,53,53,230,231,53,57,0,0,0,0,0,0,0,0,0,0,0,0,0,0,0,0,0,0,0,0,0,0,0,0,0,0,0,0,0,0,
+0,49,53,64,99,0,34,35,137,69,53,49,53,49,61,0,0,0,0,0,0,0,0,0,0,0,0,48,93,93,93,93,50,0,0,0,0,0,0,0,
+0,92,0,126,0,46,32,34,0,97,0,117,125,0,65,49,57,0,0,0,0,0,0,0,0,0,0,52,0,0,0,0,54,0,0,0,0,0,0,0,
+0,92,0,0,0,32,32,34,36,124,0,0,0,0,127,249,69,53,57,0,0,0,0,0,0,0,60,64,0,126,0,0,65,0,0,0,0,0,0,0,
+0,92,0,0,0,32,35,44,0,0,41,38,37,37,43,16,0,125,69,57,0,0,0,0,0,0,48,139,0,0,125,0,0,54,0,0,0,0,0,0,
+0,92,0,126,0,32,35,0,128,0,0,0,0,39,39,0,0,0,0,69,61,0,0,0,56,49,64,0,0,0,0,0,0,50,0,0,0,0,0,0,
+0,0,0,0,130,0,0,0,0,124,0,0,0,0,0,0,34,0,0,0,69,61,0,60,68,252,0,125,0,0,0,0,0,54,0,0,0,0,0,0,
+0,0,0,0,0,0,0,0,114,0,0,121,0,120,0,0,0,34,0,0,0,69,49,68,129,0,0,0,0,127,0,0,66,58,0,0,0,0,0,0,
+0,0,121,0,0,0,97,173,0,114,0,0,0,0,0,0,125,35,32,0,0,0,0,0,0,0,0,0,0,0,0,0,54,0,0,0,0,0,0,0,
+0,0,0,0,0,0,99,172,0,0,0,0,0,0,0,0,0,32,32,0,126,0,0,0,0,0,126,0,0,0,0,70,62,0,0,0,0,0,0,0,
+0,0,0,0,0,0,0,171,0,0,0,0,0,0,0,0,0,33,32,0,0,0,0,0,0,124,0,0,0,0,0,50,0,0,0,0,0,0,0,0,
+0,0,0,0,0,0,0,0,0,0,0,0,0,0,0,0,124,34,32,0,0,0,0,0,0,0,117,0,0,66,55,58,0,0,0,0,0,0,0,0,
+0,0,0,0,0,0,0,0,0,0,0,0,0,0,0,0,120,0,0,0,0,0,125,0,0,115,0,0,66,62,0,0,0,0,0,0,0,0,0,0,
+0,0,0,0,0,0,0,0,0,0,0,0,0,0,0,0,0,0,0,0,0,0,0,0,0,0,0,121,54,0,0,0,0,0,0,0,0,0,0,0,
+0,0,0,0,0,0,0,0,0,0,0,0,0,0,110,111,0,35,32,0,121,0,0,0,0,0,0,0,69,53,61,0,0,0,0,0,0,0,0,0,
+0,0,0,0,0,0,0,0,0,0,0,0,133,0,0,0,0,35,32,0,105,116,116,117,0,0,215,137,101,244,65,57,0,0,0,0,0,0,0,0,
+0,0,0,0,0,0,0,0,0,0,0,0,0,0,0,38,39,32,32,0,104,117,117,116,212,213,214,0,124,0,0,50,0,0,0,0,0,0,0,0,
+0,0,0,0,0,0,0,0,0,0,0,0,0,0,0,37,37,34,34,0,0,106,107,0,0,0,0,0,0,0,70,62,0,0,0,0,0,0,0,0,
+0,0,0,0,0,0,0,0,0,0,0,0,135,0,0,0,0,34,33,47,0,0,0,0,126,0,0,127,0,0,54,0,0,0,0,0,0,0,0,0,
+0,0,0,0,0,0,0,0,0,0,0,0,124,0,0,0,126,41,33,38,32,43,0,0,0,0,0,0,0,0,50,0,0,0,0,0,0,0,0,0,
+0,0,0,0,0,0,0,0,0,0,0,0,115,0,0,0,0,0,45,37,102,36,0,0,0,127,0,0,0,70,58,0,0,0,0,0,0,0,0,0,
+0,0,0,0,0,0,0,0,0,0,0,0,0,0,0,0,0,0,0,41,33,44,0,74,75,0,0,0,0,65,57,0,0,0,0,0,0,0,0,0,
+0,0,0,0,0,0,0,0,0,0,0,0,0,0,0,0,211,0,0,0,0,0,0,77,0,0,0,0,0,0,54,0,0,0,0,0,0,0,0,0,
+0,0,0,0,0,0,0,0,0,0,0,0,0,0,0,0,210,0,0,0,0,0,0,0,0,0,0,0,124,0,69,49,57,0,0,0,0,0,0,0,
+0,0,0,0,0,0,0,0,0,0,0,0,0,0,0,208,209,0,103,0,0,0,0,0,0,127,0,125,0,0,0,0,54,0,0,0,0,0,0,0,
+0,0,0,0,0,0,0,0,0,0,0,0,0,0,0,99,100,0,0,126,0,0,0,0,0,0,0,0,0,0,0,0,69,57,0,0,0,0,0,0,
+0,0,0,0,0,0,0,0,0,0,0,0,0,0,0,0,0,0,0,0,0,0,0,0,0,0,0,0,0,0,0,0,0,54,0,0,0,0,0,0,
+0,0,0,0,0,0,0,0,0,0,0,0,0,0,0,0,0,120,0,0,115,0,0,0,70,51,55,55,71,0,0,0,0,65,53,57,0,0,0,0,
+0,0,0,0,0,0,0,0,0,0,0,0,0,0,0,0,0,0,0,0,0,0,126,0,50,0,0,0,63,71,0,124,0,0,138,69,53,0,0,0,
+0,0,0,0,0,0,0,0,0,0,0,0,0,0,0,0,0,0,0,0,121,0,0,120,65,57,0,0,0,63,71,0,0,0,0,0,94,0,0,0,
+0,0,0,0,0,0,0,0,0,0,0,0,0,0,0,0,0,0,0,0,0,0,0,0,246,54,0,0,0,0,0,71,0,0,127,0,94,0,0,0,
+0,0,0,0,0,0,0,0,0,0,0,0,0,0,0,0,0,0,0,0,0,0,0,0,124,65,61,0,0,0,0,59,67,124,0,0,94,0,0,0,
+0,0,0,0,0,0,0,0,0,0,0,0,0,0,0,0,0,0,0,0,0,0,0,0,121,131,69,61,0,0,0,0,59,67,0,0,94,0,0,0,
+0,0,0,0,0,0,0,0,0,0,0,0,0,0,0,0,0,0,0,0,0,0,0,0,0,0,0,54,0,0,0,0,0,63,55,55,55,0,0,0,
+0,0,0,0,0,0,0,0,0,0,0,0,0,0,0,0,0,0,0,0,0,0,0,0,0,0,0,50,0,0,0,0,0,0,0,0,0,0,0,0,
+0,0,0,0,0,0,0,0,0,0,0,0,0,0,0,0,0,0,0,0,0,0,0,0,0,0,0,54,0,0,0,0,0,0,0,0,0,0,0,0,
+0,0,0,0,0,0,0,0,0,0,0,0,0,0,0,0,0,0,0,0,0,0,0,0,0,0,0,0,0,0,0,0,0,0,0,0,0,0,0,0
+</data>
+ </layer>
+ <layer name="collision" width="40" height="40" visible="0">
+  <data encoding="csv">
+3,3,3,3,3,3,3,3,3,3,3,3,3,3,3,3,3,3,3,3,3,3,3,3,3,3,3,3,3,3,3,3,3,3,3,3,3,3,3,3,
+3,3,3,3,3,3,3,3,3,3,3,3,3,3,3,3,3,3,3,3,3,3,3,3,3,3,3,3,3,3,3,3,3,3,3,3,3,3,3,3,
+3,3,3,3,3,3,3,3,3,3,3,3,3,3,3,3,3,3,3,3,3,3,3,3,3,3,3,3,3,3,3,3,3,3,3,3,3,3,3,3,
+3,3,3,1,1,1,0,0,1,1,3,3,3,3,3,3,3,3,3,3,3,3,3,3,3,3,3,3,3,3,3,3,3,3,3,3,3,3,3,3,
+3,1,1,1,4,0,0,0,4,1,1,1,1,1,1,3,3,3,3,3,3,3,3,3,3,3,3,1,0,0,0,0,1,3,3,3,3,3,3,3,
+3,0,0,0,0,0,0,0,0,4,0,0,0,0,1,1,1,3,3,3,3,3,3,3,3,3,3,1,0,0,0,0,1,3,3,3,3,3,3,3,
+3,0,0,0,0,0,0,0,0,0,0,0,0,0,0,1,1,1,1,3,3,3,3,3,3,3,1,1,0,0,0,0,1,3,3,3,3,3,3,3,
+3,0,0,0,0,0,0,0,0,0,0,0,0,0,0,0,0,0,1,1,3,3,3,3,3,3,1,4,0,0,0,0,0,1,3,3,3,3,3,3,
+3,0,0,0,0,0,0,0,4,2,2,2,2,2,0,0,0,0,0,1,1,3,3,3,1,1,1,0,0,0,0,0,0,1,3,3,3,3,3,3,
+3,2,2,2,2,0,0,2,2,2,2,2,2,2,2,0,0,0,0,0,1,1,3,1,1,1,0,0,0,0,0,0,0,1,3,3,3,3,3,3,
+3,2,2,2,2,0,0,2,2,2,2,2,2,2,2,2,0,0,0,0,0,1,1,1,4,0,0,0,0,0,0,0,1,1,3,3,3,3,3,3,
+3,2,2,2,2,0,2,2,2,2,2,2,2,2,2,2,0,0,0,0,0,0,0,0,0,0,0,0,0,0,0,0,1,3,3,3,3,3,3,3,
+3,2,2,2,2,0,2,2,2,2,2,2,2,2,2,2,0,0,0,0,0,0,0,0,0,0,0,0,0,0,0,1,1,3,3,3,3,3,3,3,
+3,2,2,2,2,2,2,2,2,2,2,2,2,2,2,2,0,0,0,0,0,0,0,0,0,0,0,0,0,0,0,1,3,3,3,3,3,3,3,3,
+3,2,2,2,2,2,2,2,2,2,2,2,2,2,2,2,2,0,0,0,0,0,0,0,0,0,0,0,0,1,1,1,3,3,3,3,3,3,3,3,
+3,2,2,2,2,2,2,2,2,2,2,2,2,2,2,2,2,0,0,2,2,0,0,0,2,2,2,2,1,1,3,3,3,3,3,3,3,3,3,3,
+3,2,2,2,2,2,2,2,2,2,2,2,2,2,2,2,2,0,0,2,2,2,2,2,2,2,2,2,1,3,3,3,3,3,3,3,3,3,3,3,
+3,2,2,2,2,2,2,2,2,2,2,2,2,2,4,4,0,0,0,2,2,2,2,2,2,2,2,2,1,1,1,3,3,3,3,3,3,3,3,3,
+3,2,2,2,2,2,2,2,2,2,2,2,1,0,0,0,0,0,0,0,4,0,0,0,1,1,1,4,4,1,1,1,3,3,3,3,3,3,3,3,
+3,2,2,2,2,2,2,2,2,2,2,2,0,0,0,0,0,0,0,0,4,0,0,0,1,1,1,0,0,0,0,1,3,3,3,3,3,3,3,3,
+3,2,2,2,2,2,2,2,2,2,2,2,0,0,0,0,0,0,0,0,0,4,4,0,0,0,0,0,0,0,1,1,3,3,3,3,3,3,3,3,
+3,2,2,2,2,2,2,2,2,2,2,2,1,0,0,0,0,0,0,0,0,0,0,0,4,0,0,0,0,0,1,3,3,3,3,3,3,3,3,3,
+3,2,2,2,2,2,2,2,2,2,2,2,2,0,0,0,0,0,0,0,0,0,0,0,0,0,0,0,0,0,1,3,3,3,3,3,3,3,3,3,
+3,2,2,2,2,2,2,2,2,2,2,2,2,0,0,0,0,0,0,0,4,0,0,0,0,0,0,0,0,1,1,3,3,3,3,3,3,3,3,3,
+3,2,2,2,2,2,2,2,2,2,2,2,2,2,2,0,0,0,0,0,0,0,0,4,4,0,0,0,0,1,1,3,3,3,3,3,3,3,3,3,
+3,2,2,2,2,2,2,2,2,2,2,2,2,2,2,1,1,0,0,0,0,0,0,4,0,0,0,0,0,0,1,3,3,3,3,3,3,3,3,3,
+3,2,2,2,2,2,2,2,2,2,2,2,2,2,2,1,1,0,4,0,0,0,0,0,0,0,0,0,0,0,1,1,1,3,3,3,3,3,3,3,
+3,2,2,2,2,2,2,2,2,2,2,2,2,2,2,1,1,0,4,0,0,0,0,0,0,0,0,0,0,0,0,0,1,3,3,3,3,3,3,3,
+3,2,2,2,2,2,2,2,2,2,2,2,2,2,2,2,4,0,0,0,0,0,0,0,0,0,0,0,0,0,0,0,1,1,3,3,3,3,3,3,
+3,2,2,2,2,2,2,2,2,2,2,2,2,2,2,2,2,2,0,0,0,0,0,0,0,0,0,0,0,0,0,0,0,1,3,3,3,3,3,3,
+3,2,2,2,2,2,2,2,2,2,2,2,2,2,2,2,2,2,2,2,2,0,0,0,1,1,1,1,1,0,0,0,0,1,1,1,3,3,3,3,
+3,2,2,2,2,2,2,2,2,2,2,2,2,2,2,2,2,2,2,2,2,2,2,2,1,3,3,3,1,1,0,0,0,0,4,1,1,3,3,3,
+3,2,2,2,2,2,2,2,2,2,2,2,2,2,2,2,2,2,2,2,2,2,2,2,1,1,3,3,3,1,1,0,0,0,0,0,0,3,3,3,
+3,2,2,2,2,2,2,2,2,2,2,2,2,2,2,2,2,2,2,2,2,2,2,2,1,1,3,3,3,3,3,1,0,0,0,0,0,3,3,3,
+3,2,2,2,2,2,2,2,2,2,2,2,2,2,2,2,2,2,2,2,2,2,2,2,2,1,1,3,3,3,3,1,1,0,0,0,0,3,3,3,
+3,2,2,2,2,2,2,2,2,2,2,2,2,2,2,2,2,2,2,2,2,2,2,2,2,2,1,1,3,3,3,3,1,1,0,0,0,3,3,3,
+3,2,2,2,2,2,2,2,2,2,2,2,2,2,2,2,2,2,2,2,2,2,2,2,2,2,2,1,3,3,3,3,3,1,1,1,1,3,3,3,
+3,2,2,2,2,2,2,2,2,2,2,2,2,2,2,2,2,2,2,2,2,2,2,2,2,2,2,1,3,3,3,3,3,3,3,3,3,3,3,3,
+3,2,2,2,2,2,2,2,2,2,2,2,2,2,2,2,2,2,2,2,2,2,2,2,2,2,2,1,3,3,3,3,3,3,3,3,3,3,3,3,
+3,3,3,3,3,3,3,3,3,3,3,3,3,3,3,3,3,3,3,3,3,3,3,3,3,3,3,3,3,3,3,3,3,3,3,3,3,3,3,3
+</data>
+ </layer>
+ <objectgroup name="event" width="40" height="40" visible="0">
+  <object name="to Abandoned Mineshaft" type="on_trigger" x="192" y="96" width="64" height="32">
+   <properties>
+    <property name="intermap" value="abandoned_mineshaft.txt,27,34"/>
+   </properties>
+  </object>
+  <object x="32" y="160" width="32" height="128"/>
+  <object x="896" y="128" width="128" height="32"/>
+  <object x="1152" y="1024" width="32" height="128"/>
+  <object name="Shared Stash" type="on_trigger" x="736" y="800" width="32" height="32">
+   <properties>
+    <property name="hotspot" value="location"/>
+    <property name="soundfx" value="soundfx/wood_open.ogg"/>
+    <property name="stash" value="true"/>
+    <property name="tooltip" value="Shared Stash"/>
+   </properties>
+  </object>
+  <object x="416" y="608" width="64" height="64"/>
+ </objectgroup>
+ <objectgroup name="npc" width="40" height="40">
+  <object name="Blacksmith" type="udana" x="576" y="832" width="32" height="32"/>
+  <object name="Apothecary" type="florin" x="768" y="672" width="32" height="32"/>
+ </objectgroup>
+</map>
