diff --git a/mods/empyrean_campaign/maps/st_maria_2.txt b/mods/empyrean_campaign/maps/st_maria_2.txt
index 56d14d9a9324caf072065e642adfc6cc388252a3..98bd49e37bcb668b2381b9457f7853f952250cf0 100644
--- a/mods/empyrean_campaign/maps/st_maria_2.txt
+++ b/mods/empyrean_campaign/maps/st_maria_2.txt
@@ -27,16 +27,16 @@ data=
 0,0,0,0,0,0,46,43,37,36,46,39,37,44,38,39,46,0,0,0,0,51,51,0,0,0,37,39,40,47,32,43,44,45,39,34,37,44,43,0,0,0,0,0,0,0,0,0,0,0,0,0,0,0,0,0,0,0,0,0,0,0,0,0,0,0,0,0,0,0,
 0,0,0,0,0,0,46,43,39,36,40,45,43,39,43,38,37,0,0,0,0,51,51,0,0,0,38,47,41,46,35,38,45,46,42,33,18,37,42,0,0,0,0,0,0,0,0,0,0,0,0,0,0,0,0,0,0,0,0,0,0,0,0,0,0,0,0,0,0,0,
 0,0,0,0,0,0,46,44,19,39,36,42,46,40,43,38,40,287,0,0,0,51,51,0,0,0,37,44,44,16,32,39,33,34,36,34,38,39,36,0,0,0,0,0,0,0,0,0,0,0,38,47,38,37,38,45,43,36,41,36,44,42,43,43,47,39,45,0,0,0,
-0,0,0,0,0,0,18,38,37,38,37,0,0,0,47,47,51,51,51,51,51,51,51,0,0,0,36,36,36,37,32,32,34,34,32,34,38,46,45,0,0,0,0,0,0,0,0,0,0,0,38,36,45,17,16,40,37,46,44,45,39,44,42,17,45,39,41,0,0,0,
-0,0,0,0,0,0,37,19,38,46,46,0,0,0,38,51,51,51,51,51,51,51,51,0,0,0,43,47,43,42,46,36,33,34,36,45,45,41,36,0,0,0,0,0,0,0,0,0,0,0,38,39,42,18,19,17,36,39,37,39,43,39,36,17,37,45,47,0,0,0,
-0,0,0,0,0,0,46,45,39,36,41,0,0,0,0,0,0,0,0,0,0,0,0,0,0,0,0,0,0,0,46,42,35,35,44,0,0,0,0,0,0,0,0,0,0,0,0,0,0,0,44,44,43,17,36,45,39,36,47,44,45,19,47,17,39,17,42,0,0,0,
-0,0,0,0,0,0,40,42,40,18,36,0,0,0,0,0,0,0,0,0,0,0,0,0,0,0,0,0,0,0,38,47,32,33,41,0,0,0,0,0,0,0,0,0,0,0,0,0,0,0,36,40,17,17,41,36,43,38,45,39,45,43,40,43,36,44,43,0,0,0,
+0,0,0,0,0,0,18,38,37,38,37,0,0,0,47,47,51,51,51,51,51,51,51,0,0,0,36,36,36,37,32,32,34,34,32,34,38,46,45,0,0,0,0,0,0,0,0,0,0,0,38,33,34,32,33,34,32,32,32,33,32,35,32,32,34,33,32,0,0,0,
+0,0,0,0,0,0,37,19,38,46,46,0,0,0,38,51,51,51,51,51,51,51,51,0,0,0,43,47,43,42,46,36,33,34,36,45,45,41,36,0,0,0,0,0,0,0,0,0,0,0,38,34,42,18,33,17,36,33,37,39,35,39,36,33,37,45,35,0,0,0,
+0,0,0,0,0,0,46,45,39,36,41,0,0,0,0,0,0,0,0,0,0,0,0,0,0,0,0,0,0,0,46,42,35,35,44,0,0,0,0,0,0,0,0,0,0,0,0,0,0,0,44,32,43,17,32,45,39,34,47,44,34,19,47,34,39,17,35,0,0,0,
+0,0,0,0,0,0,40,42,40,18,36,0,0,0,0,0,0,0,0,0,0,0,0,0,0,0,0,0,0,0,38,47,32,33,41,0,0,0,0,0,0,0,0,0,0,0,0,0,0,0,36,33,33,32,32,32,32,33,32,34,32,34,33,33,35,33,35,0,0,0,
 0,0,0,0,0,0,36,47,43,47,45,0,0,0,0,0,0,0,0,0,0,0,0,0,0,0,0,0,0,0,44,39,34,32,43,0,0,0,0,0,0,0,0,0,0,0,0,0,0,0,44,42,44,37,43,0,0,0,0,0,0,0,38,38,42,41,44,0,0,0,
 0,0,0,0,0,0,39,46,39,43,39,0,0,0,0,0,0,0,37,44,42,43,43,0,38,38,38,39,38,45,45,47,33,33,39,18,43,38,43,45,36,0,40,47,42,46,41,0,0,0,39,37,39,43,46,0,0,0,0,0,0,0,42,44,46,36,40,0,0,0,
 0,0,0,0,0,0,43,39,42,45,43,0,0,0,0,0,0,0,44,44,40,44,38,0,39,39,37,36,37,19,18,19,36,39,16,19,17,45,47,45,40,0,44,18,38,36,41,0,0,0,45,43,39,16,39,0,0,0,0,0,0,0,47,45,17,38,38,0,0,0,
 0,0,0,0,0,0,46,39,17,43,42,0,0,0,0,0,0,0,18,46,39,36,44,0,43,44,46,38,37,16,37,18,47,38,30,42,19,44,36,46,44,0,47,36,42,47,39,0,0,0,44,43,44,46,45,0,0,0,0,0,0,0,39,43,16,39,39,0,0,0,
 0,0,0,0,0,0,43,38,46,45,45,0,0,0,0,0,0,0,17,40,39,37,37,0,42,47,37,19,16,32,32,32,32,32,32,32,32,16,39,41,38,0,45,36,37,39,40,0,0,0,42,44,39,39,42,0,0,0,0,0,0,0,44,38,45,39,36,0,0,0,
-0,0,41,38,45,40,42,18,38,39,47,0,0,0,0,0,0,0,17,41,43,36,36,40,45,42,38,37,18,33,30,23,23,23,23,31,33,18,46,45,16,47,41,44,18,39,47,0,0,0,18,37,47,37,45,0,0,0,0,0,0,0,45,42,45,44,44,0,0,0,
+0,0,41,38,45,40,42,18,38,39,47,0,0,0,0,0,0,0,17,41,43,36,36,40,45,42,38,37,18,33,30,23,23,23,23,31,33,18,46,45,16,47,41,44,18,39,47,0,0,0,18,37,47,37,45,0,0,0,0,0,0,0,45,51,51,51,51,0,0,0,
 0,0,43,51,51,51,51,38,45,42,36,0,0,0,0,0,0,0,36,36,46,46,45,0,37,36,43,16,36,32,22,48,50,50,50,20,33,45,16,38,42,0,45,36,47,43,45,0,0,0,43,45,46,46,43,0,0,0,0,0,0,0,39,38,36,37,40,0,0,0,
 0,0,16,51,39,41,18,38,41,43,37,0,0,0,0,0,0,0,39,44,36,44,40,0,38,45,39,17,44,33,22,49,0,0,0,20,34,41,36,43,47,0,39,39,42,47,42,0,0,0,17,18,36,41,47,0,0,0,0,0,0,0,39,37,45,39,44,0,0,0,
 0,0,38,51,36,44,17,36,38,46,36,0,0,0,0,0,0,0,0,0,0,0,0,0,36,41,44,47,45,32,22,49,0,0,0,20,32,47,46,38,36,0,0,0,0,0,0,0,0,0,40,36,42,47,36,0,0,0,0,0,0,0,45,38,38,47,39,0,0,0,
@@ -53,7 +53,7 @@ data=
 0,0,18,51,36,43,41,45,47,19,45,18,44,36,44,0,0,0,38,37,36,42,43,0,36,39,17,39,37,32,39,36,17,46,45,19,33,36,17,43,42,0,36,37,42,37,37,18,39,45,44,18,19,43,47,0,0,0,0,0,0,0,37,18,37,37,41,0,0,0,
 0,0,43,51,39,44,37,46,37,42,44,37,47,39,36,0,0,0,45,37,39,45,42,0,44,47,38,18,43,33,39,44,40,41,44,45,35,16,38,47,38,0,38,37,45,44,47,36,37,43,45,36,45,44,40,0,0,0,0,0,0,0,18,43,18,36,43,0,0,0,
 0,0,46,51,51,51,51,47,42,46,37,44,45,45,37,0,0,0,36,45,41,45,41,38,45,45,42,36,18,35,41,45,0,0,44,38,34,16,18,41,41,42,42,41,36,37,40,43,47,16,38,41,17,37,42,0,0,0,0,0,0,0,38,39,45,46,46,0,0,0,
-0,0,0,0,0,0,0,0,0,0,37,44,46,40,47,0,0,0,41,36,46,37,44,0,37,36,36,36,47,35,17,17,0,0,46,41,33,19,43,45,40,0,41,47,47,39,39,40,39,39,16,43,47,44,37,0,0,0,0,0,0,0,38,43,37,47,44,0,0,0,
+0,0,0,0,0,0,0,0,0,0,37,44,46,40,47,0,0,0,41,36,46,37,44,0,37,36,36,36,47,35,17,17,0,0,46,41,33,19,43,45,40,0,41,47,47,39,39,40,39,39,16,43,47,44,37,0,0,0,0,0,0,0,38,51,51,51,51,0,0,0,
 0,0,0,0,0,0,0,0,0,0,39,42,47,36,41,0,0,0,40,47,37,38,43,0,47,44,39,17,16,32,43,47,0,0,38,37,33,37,16,47,41,0,46,45,46,40,40,37,46,38,41,18,38,37,42,0,0,0,0,0,0,0,47,43,46,17,41,0,0,0,
 0,0,0,0,0,0,0,0,0,0,39,47,46,42,40,0,0,0,0,0,0,0,0,0,38,43,45,44,38,35,19,39,0,0,47,38,35,46,39,47,46,0,0,40,37,0,0,0,0,0,0,0,0,0,0,0,0,0,0,0,0,0,36,40,19,44,41,0,0,0,
 0,0,0,0,0,0,0,0,0,0,36,16,36,46,46,0,0,0,40,41,37,43,43,0,37,39,47,19,47,33,46,41,0,0,40,37,33,42,37,44,37,0,43,44,41,44,45,0,0,0,0,0,0,0,0,0,0,0,0,0,0,0,37,37,36,38,39,0,0,0,
@@ -101,9 +101,9 @@ data=
 0,0,0,0,0,0,102,0,0,0,0,0,0,0,0,0,0,0,0,0,0,0,0,82,0,0,102,0,110,0,0,0,0,0,0,0,0,110,0,82,0,0,0,0,0,0,0,0,0,0,0,0,0,0,0,0,0,0,0,0,0,0,0,0,0,0,0,0,0,0,
 0,0,0,0,0,0,64,0,0,0,0,0,0,0,0,0,0,0,0,0,0,0,0,82,0,0,68,0,0,0,0,0,0,0,0,0,0,0,0,82,0,0,0,0,0,0,0,0,0,0,0,0,0,0,0,0,0,0,0,0,0,0,0,0,0,0,0,0,0,0,
 0,0,0,0,0,0,106,0,0,0,0,0,0,0,0,0,178,0,0,0,0,0,0,82,0,0,96,0,0,0,0,284,0,0,0,0,0,0,0,82,0,0,0,0,0,0,0,0,0,0,77,97,65,99,69,103,65,97,105,97,65,109,103,105,99,69,97,78,0,0,
-0,0,0,0,0,0,104,0,0,0,0,91,83,83,88,180,167,0,0,0,0,192,0,82,0,0,108,0,0,167,0,0,0,0,0,0,167,0,0,82,0,0,0,0,0,0,0,0,0,0,64,0,0,146,0,0,0,0,0,0,0,0,0,0,0,0,0,70,0,0,
-0,0,0,0,0,0,98,0,0,0,0,82,0,0,108,0,0,0,0,0,0,0,0,82,0,0,64,0,0,0,0,0,0,0,0,0,0,0,0,82,0,0,0,0,0,0,0,0,0,0,96,147,0,0,0,0,0,0,0,0,0,0,0,0,0,0,0,82,0,0,
-0,0,0,0,0,0,64,0,0,0,0,82,0,0,76,71,83,83,83,83,83,83,83,95,0,0,76,71,83,83,88,0,0,0,0,91,83,83,83,95,0,0,0,0,0,0,0,0,0,0,96,0,0,0,0,0,0,0,0,0,0,0,0,0,0,0,0,82,0,0,
+0,0,0,0,0,0,104,0,0,0,0,91,83,83,88,180,167,0,0,0,0,192,0,82,0,0,108,0,0,167,0,0,0,0,0,0,167,0,0,82,0,0,0,0,0,0,0,0,0,0,64,0,0,0,0,0,0,0,0,0,0,0,0,0,0,0,0,70,0,0,
+0,0,0,0,0,0,98,0,0,0,0,82,0,0,108,0,0,0,0,0,0,0,0,82,0,0,64,0,0,0,0,0,0,0,0,0,0,0,0,82,0,0,0,0,0,0,0,0,0,0,96,0,0,146,0,0,0,0,0,0,0,0,0,0,0,0,0,82,0,0,
+0,0,0,0,0,0,64,0,0,0,0,82,0,0,76,71,83,83,83,83,83,83,83,95,0,0,76,71,83,83,88,0,0,0,0,91,83,83,83,95,0,0,0,0,0,0,0,0,0,0,96,0,0,110,0,0,0,0,0,0,0,0,0,0,110,0,0,82,0,0,
 0,0,0,0,0,0,106,0,0,0,0,82,0,0,0,0,0,0,0,0,0,0,0,0,0,0,0,0,0,0,80,0,0,0,0,82,0,0,0,0,0,0,0,0,0,0,0,0,0,0,68,0,0,0,0,0,0,0,0,0,0,0,0,0,0,0,0,82,0,0,
 0,0,0,0,0,0,68,0,0,0,0,82,0,0,0,0,0,0,0,0,0,0,0,0,0,0,0,0,0,0,64,0,0,0,0,82,0,0,0,0,0,0,0,0,0,0,0,0,0,0,106,0,0,0,0,91,83,83,83,83,83,83,88,0,0,0,0,82,0,0,
 0,0,0,0,0,0,102,0,0,0,0,82,0,0,0,0,0,0,77,69,105,65,65,78,77,69,103,65,99,69,73,0,0,0,0,90,81,105,99,69,65,78,77,65,105,65,97,78,0,0,68,0,0,0,0,82,0,0,0,0,0,0,80,0,0,0,0,82,0,0,
@@ -118,12 +118,12 @@ data=
 0,0,102,0,0,0,0,91,83,83,83,95,0,0,0,0,0,0,64,205,0,0,0,66,64,0,0,0,0,0,0,66,0,0,64,0,0,0,0,0,0,66,68,0,0,0,0,66,0,0,68,0,0,0,0,82,0,0,0,0,0,0,96,0,0,0,0,82,0,0,
 0,0,64,0,0,0,0,82,0,0,0,0,0,0,0,0,0,0,64,204,0,0,0,66,64,0,0,0,0,0,0,66,0,0,64,0,0,0,0,0,0,66,106,0,0,0,0,66,0,0,96,0,0,0,0,82,0,0,0,0,0,0,102,0,0,0,0,82,0,0,
 0,0,106,0,0,0,0,82,0,0,0,0,0,0,0,0,0,0,104,0,0,0,0,66,102,0,0,0,0,0,0,66,0,0,64,0,0,0,0,0,0,66,102,0,0,0,0,66,0,0,108,0,0,0,0,82,0,0,0,0,0,0,68,0,0,0,0,82,0,0,
-0,0,64,0,0,0,0,82,0,0,0,0,0,0,0,0,0,0,68,0,0,0,0,116,114,0,0,0,0,0,0,66,0,0,64,0,0,0,0,0,0,116,112,0,0,0,0,66,0,0,64,0,0,0,0,82,0,0,0,0,0,0,98,0,0,0,0,82,0,0,
-0,0,108,0,0,0,0,82,0,0,0,0,0,0,0,0,0,0,96,0,0,0,0,66,64,0,0,0,0,0,0,66,0,0,64,0,0,0,0,0,0,66,96,0,0,0,0,66,0,0,106,0,0,0,0,82,0,0,0,0,0,0,106,0,0,0,0,82,0,0,
-0,0,106,0,0,0,0,82,0,0,0,0,0,0,0,0,0,0,68,0,0,0,0,66,68,0,0,0,0,0,0,74,65,65,73,0,0,0,0,0,0,66,68,0,0,0,0,66,0,0,68,0,0,0,0,82,0,0,0,0,0,0,104,0,0,0,0,82,0,0,
+0,0,64,0,75,72,0,82,0,0,0,0,0,0,0,0,0,0,68,0,0,0,0,116,114,0,0,0,0,0,0,66,0,0,64,0,0,0,0,0,0,116,112,0,0,0,0,66,0,0,64,0,0,0,0,82,0,0,0,0,0,0,98,0,0,0,0,82,0,0,
+0,0,108,0,74,73,0,82,0,0,0,0,0,0,0,0,0,0,96,0,0,0,0,66,64,0,0,0,0,0,0,66,0,0,64,0,0,0,0,0,0,66,96,0,0,0,0,66,0,0,106,0,0,0,0,82,0,0,0,0,0,0,106,0,0,0,0,82,0,0,
+0,0,106,0,146,0,0,82,0,0,0,0,0,0,0,0,0,0,68,0,0,0,0,66,68,0,0,0,0,0,0,74,65,65,73,0,0,0,0,0,0,66,68,0,0,0,0,66,0,0,68,0,0,0,0,82,0,0,0,0,0,0,104,0,0,0,0,82,0,0,
 0,0,64,0,0,0,0,82,0,0,0,0,0,0,0,0,0,0,76,67,72,0,75,79,106,0,0,0,0,0,0,0,0,0,0,0,0,0,0,0,0,66,76,67,67,67,67,79,0,0,104,0,0,0,0,82,0,0,0,0,0,0,68,0,0,0,0,82,0,0,
 0,0,102,0,0,0,0,90,81,109,103,65,105,103,65,78,0,0,77,105,73,0,74,78,104,0,0,0,0,0,0,0,0,0,0,0,0,0,0,0,0,66,77,65,97,109,69,78,0,0,96,0,0,0,0,82,0,0,0,0,0,0,102,0,0,0,0,82,0,0,
-0,0,98,0,0,0,0,0,0,0,0,0,0,180,146,70,0,0,96,0,0,0,0,66,68,0,0,0,0,0,0,0,0,0,0,0,0,0,0,0,0,66,96,202,203,0,0,66,0,0,64,0,0,0,0,82,0,0,0,0,0,0,108,0,0,0,0,82,0,0,
+0,0,98,0,0,0,0,0,0,0,0,0,0,180,0,70,0,0,96,0,0,0,0,66,68,0,0,0,0,0,0,0,0,0,0,0,0,0,0,0,0,66,96,202,203,0,0,66,0,0,64,0,0,0,0,82,0,0,0,0,0,0,108,0,0,0,0,82,0,0,
 0,0,64,0,0,0,0,0,0,0,0,0,0,0,0,82,0,0,108,182,0,0,0,66,68,0,0,0,0,0,0,0,0,0,0,0,0,0,0,0,0,66,68,0,0,0,182,74,105,103,73,0,0,0,0,82,0,0,0,0,0,0,64,0,0,0,0,82,0,0,
 0,0,106,0,0,0,0,0,0,0,0,0,0,0,0,82,0,0,64,0,0,0,0,66,102,0,0,0,0,0,0,75,67,67,72,0,0,0,0,0,0,66,68,0,0,0,0,0,0,0,0,0,0,0,0,82,0,0,0,0,0,0,106,0,0,0,0,82,0,0,
 0,0,68,0,0,0,0,0,0,0,0,0,0,0,0,82,0,0,68,0,0,0,0,116,112,0,0,0,0,0,0,66,0,0,64,0,0,0,0,0,0,116,114,0,0,0,0,0,0,0,0,0,0,0,0,82,0,0,0,0,0,0,68,0,0,0,0,82,0,0,
@@ -133,8 +133,8 @@ data=
 0,0,0,0,0,0,0,0,0,0,106,0,0,0,0,82,0,0,77,109,97,69,65,78,98,0,0,0,0,0,0,66,0,0,64,0,0,0,0,0,0,66,77,73,0,74,105,78,0,0,0,0,0,0,0,0,0,0,0,0,0,0,98,0,0,0,0,82,0,0,
 0,0,0,0,0,0,0,0,0,0,68,0,0,0,0,82,0,0,64,205,0,0,0,66,64,0,0,0,0,0,0,74,69,69,73,0,0,0,0,0,0,66,64,205,0,0,0,66,0,0,0,0,0,0,0,0,0,0,0,0,0,0,64,0,0,0,0,82,0,0,
 0,0,0,0,0,0,0,0,0,0,102,0,0,0,0,82,0,0,64,204,0,0,0,66,64,0,0,0,0,0,0,0,0,0,0,0,0,0,0,0,0,66,98,204,0,0,0,66,0,0,77,65,97,105,103,99,97,99,103,69,105,109,73,0,0,0,0,82,0,0,
-0,0,0,0,0,0,0,0,0,0,68,0,0,0,0,82,0,0,68,147,0,0,0,66,64,0,0,0,0,0,0,0,0,0,0,0,0,0,0,0,0,66,96,181,0,0,0,66,0,0,68,0,0,0,0,0,0,0,0,0,0,0,0,0,0,0,0,82,0,0,
-0,0,0,0,0,0,0,0,0,0,98,0,0,0,0,82,0,0,68,0,0,0,0,66,102,0,0,0,0,0,0,0,0,0,0,0,0,0,0,0,0,66,68,0,0,0,0,66,0,0,108,0,0,0,0,0,0,0,0,0,0,0,0,0,0,0,0,82,0,0,
+0,0,0,0,0,0,0,0,0,0,68,0,0,0,0,82,0,0,68,147,0,0,0,66,64,0,0,0,0,0,0,0,0,0,0,0,0,0,0,0,0,66,96,181,0,0,0,66,0,0,68,147,0,0,0,0,0,0,0,0,0,0,0,0,0,0,0,82,0,0,
+0,0,0,0,0,0,0,0,0,0,98,0,0,0,0,82,0,0,68,0,0,0,0,66,102,0,0,0,0,0,0,0,0,0,0,0,0,0,0,0,0,66,68,0,0,0,0,66,0,0,108,136,0,0,0,0,0,0,0,0,0,0,0,0,0,0,0,82,0,0,
 0,0,0,0,0,0,0,0,0,0,102,0,0,0,0,82,0,0,96,183,0,0,0,116,112,0,0,0,0,0,111,0,0,0,0,111,0,0,0,0,0,116,112,0,0,0,0,66,0,0,108,0,0,0,0,0,0,0,0,0,0,0,0,0,0,0,0,82,0,0,
 0,0,0,0,0,0,0,0,0,0,68,0,0,0,0,82,0,0,96,0,0,0,0,66,64,0,0,0,0,0,0,0,0,0,0,0,0,0,0,0,0,66,64,0,0,0,0,66,0,0,102,0,0,0,0,0,0,0,0,0,0,0,0,0,0,0,0,82,0,0,
 0,0,0,0,0,0,0,0,0,0,106,0,0,0,0,82,0,0,104,0,0,0,0,66,68,0,0,0,0,0,0,0,0,0,0,0,0,0,0,0,0,66,68,0,0,0,0,66,0,0,96,0,0,0,0,91,83,83,83,83,83,83,83,83,83,83,83,95,0,0,
@@ -147,14 +147,14 @@ data=
 0,0,0,0,0,0,0,0,0,0,106,0,0,0,0,0,0,0,0,0,0,0,0,0,0,0,0,0,281,0,0,0,0,0,0,82,0,0,77,65,103,97,97,69,99,69,65,99,103,109,73,0,0,0,0,90,81,69,105,78,0,0,0,0,0,0,0,0,0,0,
 0,0,0,0,0,0,0,0,0,0,68,0,0,0,0,0,0,0,0,0,0,0,0,0,0,0,0,0,280,0,0,0,0,0,0,82,0,0,68,0,0,0,0,0,0,0,0,0,0,0,0,0,0,0,0,0,0,0,0,70,0,0,0,0,0,0,0,0,0,0,
 0,0,0,0,0,0,0,0,0,0,64,0,0,0,0,0,0,0,0,0,0,0,0,0,0,0,91,83,88,0,0,0,0,0,0,82,0,0,104,0,0,0,0,0,0,0,0,0,0,0,0,0,0,0,0,0,0,0,0,82,0,0,0,0,0,0,0,0,0,0,
-0,0,0,0,0,0,0,0,0,0,76,71,83,83,83,83,83,83,83,83,83,83,83,83,83,83,95,0,92,83,83,83,83,83,83,95,0,0,108,0,0,0,128,0,0,0,0,0,0,0,0,0,0,0,0,0,0,0,0,82,0,0,0,0,0,0,0,0,0,0,
+0,0,0,0,0,0,0,0,0,0,76,71,83,83,83,83,83,83,83,83,83,83,83,83,83,83,95,0,92,83,83,83,83,83,83,95,0,0,108,0,0,0,128,0,0,0,0,151,0,0,151,0,0,0,0,0,0,0,0,82,0,0,0,0,0,0,0,0,0,0,
 0,0,0,0,0,0,0,0,0,0,0,0,0,0,0,0,0,0,0,0,0,0,0,0,0,0,0,0,0,0,0,0,0,0,0,0,0,0,64,0,0,0,0,0,0,0,0,0,0,0,0,0,0,0,0,0,0,0,0,82,0,0,0,0,0,0,0,0,0,0,
 0,0,0,0,0,0,0,0,0,0,0,0,0,0,0,0,0,0,0,0,0,0,0,0,0,0,0,0,0,0,0,0,0,0,0,0,0,0,102,0,0,0,0,0,0,0,0,0,0,0,0,0,0,0,0,0,0,0,0,82,0,0,0,0,0,0,0,0,0,0,
 0,0,0,0,0,0,0,0,0,0,0,0,0,0,0,0,0,0,0,0,0,0,0,0,0,0,0,0,0,0,0,0,0,0,0,0,0,0,68,0,0,0,0,0,0,0,0,120,123,123,118,0,0,0,0,0,0,0,0,82,0,0,0,0,0,0,0,0,0,0,
-0,0,0,0,0,0,0,0,0,0,0,0,0,0,0,0,0,0,0,0,0,0,0,0,0,0,0,0,0,0,0,0,0,0,0,0,0,0,98,144,0,0,0,0,0,0,0,0,181,0,0,121,0,0,0,0,0,0,0,82,0,0,0,0,0,0,0,0,0,0,
-0,0,0,0,0,0,0,0,0,0,0,0,0,0,0,0,0,0,0,0,0,0,0,0,0,0,0,0,0,0,0,0,0,0,0,0,0,0,96,0,0,0,0,0,0,0,0,0,150,0,0,122,0,0,0,0,0,0,0,82,0,0,0,0,0,0,0,0,0,0,
-0,0,0,0,0,0,0,0,0,0,0,0,0,0,0,0,0,0,0,0,0,0,0,0,0,0,0,0,0,0,0,0,0,0,0,0,0,0,96,0,0,0,0,0,0,0,0,0,0,0,0,122,0,0,0,0,0,0,0,82,0,0,0,0,0,0,0,0,0,0,
-0,0,0,0,0,0,0,0,0,0,0,0,0,0,0,0,0,0,0,0,0,0,0,0,0,0,0,0,0,0,0,0,0,0,0,0,0,0,104,144,0,0,0,0,0,0,0,0,0,0,0,119,0,0,0,0,0,0,0,82,0,0,0,0,0,0,0,0,0,0,
+0,0,0,0,0,0,0,0,0,0,0,0,0,0,0,0,0,0,0,0,0,0,0,0,0,0,0,0,0,0,0,0,0,0,0,0,0,0,98,144,0,0,0,0,0,0,0,0,181,0,0,121,0,180,167,0,0,0,0,82,0,0,0,0,0,0,0,0,0,0,
+0,0,0,0,0,0,0,0,0,0,0,0,0,0,0,0,0,0,0,0,0,0,0,0,0,0,0,0,0,0,0,0,0,0,0,0,0,0,96,0,0,0,0,0,0,0,0,0,150,0,0,122,181,0,0,0,0,0,0,82,0,0,0,0,0,0,0,0,0,0,
+0,0,0,0,0,0,0,0,0,0,0,0,0,0,0,0,0,0,0,0,0,0,0,0,0,0,0,0,0,0,0,0,0,0,0,0,0,0,96,0,0,0,0,0,0,0,0,0,0,0,0,122,0,146,0,0,0,0,0,82,0,0,0,0,0,0,0,0,0,0,
+0,0,0,0,0,0,0,0,0,0,0,0,0,0,0,0,0,0,0,0,0,0,0,0,0,0,0,0,0,0,0,0,0,0,0,0,0,0,104,144,0,0,0,0,0,0,0,0,0,0,0,119,0,0,151,0,0,0,0,82,0,0,0,0,0,0,0,0,0,0,
 0,0,0,0,0,0,0,0,0,0,0,0,0,0,0,0,0,0,0,0,0,0,0,0,0,0,0,0,0,0,0,0,0,0,0,0,0,0,68,0,0,0,0,0,0,0,0,0,137,137,0,0,0,0,0,0,0,0,0,82,0,0,0,0,0,0,0,0,0,0,
 0,0,0,0,0,0,0,0,0,0,0,0,0,0,0,0,0,0,0,0,0,0,0,0,0,0,0,0,0,0,0,0,0,0,0,0,0,0,102,0,0,0,0,0,0,0,0,0,0,0,0,0,0,0,0,0,0,0,0,82,0,0,0,0,0,0,0,0,0,0,
 0,0,0,0,0,0,0,0,0,0,0,0,0,0,0,0,0,0,0,0,0,0,0,0,0,0,0,0,0,0,0,0,0,0,0,0,0,0,68,0,0,0,0,0,0,0,0,0,0,0,0,0,0,0,0,0,0,0,0,82,0,0,0,0,0,0,0,0,0,0,
@@ -175,9 +175,9 @@ data=
 3,3,3,3,3,3,1,0,0,0,0,0,0,0,0,0,0,0,0,0,1,0,0,1,3,3,1,0,1,0,0,1,3,3,1,0,0,1,0,1,3,3,3,3,3,3,3,3,3,3,3,3,3,3,3,3,3,3,3,3,3,3,3,3,3,3,3,3,3,3,
 3,3,3,3,3,3,1,0,0,0,0,0,0,0,0,0,0,0,0,0,1,0,0,1,3,3,1,0,0,0,0,1,3,3,1,0,0,0,0,1,3,3,3,3,3,3,3,3,3,3,3,3,3,3,3,3,3,3,3,3,3,3,3,3,3,3,3,3,3,3,
 3,3,3,3,3,3,1,0,0,0,0,0,0,0,0,0,0,0,1,1,1,0,0,1,3,3,1,0,0,0,0,1,0,0,1,0,0,0,0,1,3,3,3,3,3,3,3,3,3,3,1,1,1,1,1,1,1,1,1,1,1,1,1,1,1,1,1,1,3,3,
-3,3,3,3,3,3,1,0,0,0,0,1,1,1,1,0,4,0,0,0,0,4,0,1,3,3,1,0,0,4,0,0,0,0,0,0,4,0,0,1,3,3,3,3,3,3,3,3,3,3,1,0,0,4,0,0,0,0,0,0,0,0,0,0,0,0,0,1,3,3,
-3,3,3,3,3,3,1,0,0,0,0,1,3,3,1,0,0,0,0,0,0,0,0,1,3,3,1,0,0,0,0,0,0,0,0,0,0,0,0,1,3,3,3,3,3,3,3,3,3,3,1,4,0,0,0,0,0,0,0,0,0,0,0,0,0,0,0,1,3,3,
-3,3,3,3,3,3,1,0,0,0,0,1,3,3,1,1,1,1,1,1,1,1,1,1,3,3,1,1,1,1,1,0,0,0,0,1,1,1,1,1,3,3,3,3,3,3,3,3,3,3,1,0,0,0,0,0,0,0,0,0,0,0,0,0,0,0,0,1,3,3,
+3,3,3,3,3,3,1,0,0,0,0,1,1,1,1,0,4,0,0,0,0,4,0,1,3,3,1,0,0,4,0,0,0,0,0,0,4,0,0,1,3,3,3,3,3,3,3,3,3,3,1,0,0,0,0,0,0,0,0,0,0,0,0,0,0,0,0,1,3,3,
+3,3,3,3,3,3,1,0,0,0,0,1,3,3,1,0,0,0,0,0,0,0,0,1,3,3,1,0,0,0,0,0,0,0,0,0,0,0,0,1,3,3,3,3,3,3,3,3,3,3,1,0,0,4,0,0,0,0,0,0,0,0,0,0,0,0,0,1,3,3,
+3,3,3,3,3,3,1,0,0,0,0,1,3,3,1,1,1,1,1,1,1,1,1,1,3,3,1,1,1,1,1,0,0,0,0,1,1,1,1,1,3,3,3,3,3,3,3,3,3,3,1,0,0,1,0,0,0,0,0,0,0,0,0,0,1,0,0,1,3,3,
 3,3,3,3,3,3,1,0,0,0,0,1,3,3,3,3,3,3,3,3,3,3,3,3,3,3,3,3,3,3,1,0,0,0,0,1,3,3,3,3,3,3,3,3,3,3,3,3,3,3,1,0,0,0,0,0,0,0,0,0,0,0,0,0,0,0,0,1,3,3,
 3,3,3,3,3,3,1,0,0,0,0,1,3,3,3,3,3,3,3,3,3,3,3,3,3,3,3,3,3,3,1,0,0,0,0,1,3,3,3,3,3,3,3,3,3,3,3,3,3,3,1,0,0,0,0,1,1,1,1,1,1,1,1,0,0,0,0,1,3,3,
 3,3,3,3,3,3,1,0,0,0,0,1,3,3,3,3,3,3,1,1,1,1,1,1,1,1,1,1,1,1,1,0,0,0,0,1,1,1,1,1,1,1,1,1,1,1,1,1,3,3,1,0,0,0,0,1,3,3,3,3,3,3,1,0,0,0,0,1,3,3,
@@ -192,12 +192,12 @@ data=
 3,3,1,0,0,0,0,1,1,1,1,1,3,3,3,3,3,3,1,4,0,0,0,1,1,0,0,0,0,0,0,1,3,3,1,0,0,0,0,0,0,1,1,0,0,0,0,1,3,3,1,0,0,0,0,1,3,3,3,3,3,3,1,0,0,0,0,1,3,3,
 3,3,1,0,0,0,0,1,3,3,3,3,3,3,3,3,3,3,1,4,0,0,0,1,1,0,0,0,0,0,0,1,3,3,1,0,0,0,0,0,0,1,1,0,0,0,0,1,3,3,1,0,0,0,0,1,3,3,3,3,3,3,1,0,0,0,0,1,3,3,
 3,3,1,0,0,0,0,1,3,3,3,3,3,3,3,3,3,3,1,0,0,0,0,1,1,0,0,0,0,0,0,1,3,3,1,0,0,0,0,0,0,1,1,0,0,0,0,1,3,3,1,0,0,0,0,1,3,3,3,3,3,3,1,0,0,0,0,1,3,3,
-3,3,1,0,0,0,0,1,3,3,3,3,3,3,3,3,3,3,1,0,0,0,0,1,1,0,0,0,0,0,0,1,3,3,1,0,0,0,0,0,0,0,0,0,0,0,0,1,3,3,1,0,0,0,0,1,3,3,3,3,3,3,1,0,0,0,0,1,3,3,
-3,3,1,0,0,0,0,1,3,3,3,3,3,3,3,3,3,3,1,0,0,0,0,1,1,0,0,0,0,0,0,1,3,3,1,0,0,0,0,0,0,1,1,0,0,0,0,1,3,3,1,0,0,0,0,1,3,3,3,3,3,3,1,0,0,0,0,1,3,3,
-3,3,1,0,0,0,0,1,3,3,3,3,3,3,3,3,3,3,1,0,0,0,0,1,1,0,0,0,0,0,0,1,1,1,1,0,0,0,0,0,0,1,1,0,0,0,0,1,3,3,1,0,0,0,0,1,3,3,3,3,3,3,1,0,0,0,0,1,3,3,
+3,3,1,0,1,1,0,1,3,3,3,3,3,3,3,3,3,3,1,0,0,0,0,1,1,0,0,0,0,0,0,1,3,3,1,0,0,0,0,0,0,0,0,0,0,0,0,1,3,3,1,0,0,0,0,1,3,3,3,3,3,3,1,0,0,0,0,1,3,3,
+3,3,1,0,1,1,0,1,3,3,3,3,3,3,3,3,3,3,1,0,0,0,0,1,1,0,0,0,0,0,0,1,3,3,1,0,0,0,0,0,0,1,1,0,0,0,0,1,3,3,1,0,0,0,0,1,3,3,3,3,3,3,1,0,0,0,0,1,3,3,
+3,3,1,0,4,0,0,1,3,3,3,3,3,3,3,3,3,3,1,0,0,0,0,1,1,0,0,0,0,0,0,1,1,1,1,0,0,0,0,0,0,1,1,0,0,0,0,1,3,3,1,0,0,0,0,1,3,3,3,3,3,3,1,0,0,0,0,1,3,3,
 3,3,1,0,0,0,0,1,3,3,3,3,3,3,3,3,3,3,1,1,1,0,1,1,1,0,0,0,0,0,0,0,0,0,0,0,0,0,0,0,0,1,1,1,1,1,1,1,3,3,1,0,0,0,0,1,3,3,3,3,3,3,1,0,0,0,0,1,3,3,
 3,3,1,0,0,0,0,1,1,1,1,1,1,1,1,1,3,3,1,1,1,0,1,1,1,0,0,0,0,0,0,0,0,0,0,0,0,0,0,0,0,1,1,1,1,1,1,1,3,3,1,0,0,0,0,1,3,3,3,3,3,3,1,0,0,0,0,1,3,3,
-3,3,1,0,0,0,0,0,0,0,0,0,0,0,4,1,3,3,1,0,0,0,0,1,1,0,0,0,0,0,0,0,0,0,0,0,0,0,0,0,0,1,1,4,4,0,0,1,3,3,1,0,0,0,0,1,3,3,3,3,3,3,1,0,0,0,0,1,3,3,
+3,3,1,0,0,0,0,0,0,0,0,0,0,0,0,1,3,3,1,0,0,0,0,1,1,0,0,0,0,0,0,0,0,0,0,0,0,0,0,0,0,1,1,4,4,0,0,1,3,3,1,0,0,0,0,1,3,3,3,3,3,3,1,0,0,0,0,1,3,3,
 3,3,1,0,0,0,0,0,0,0,0,0,0,0,0,1,3,3,1,0,0,0,0,1,1,0,0,0,0,0,0,0,0,0,0,0,0,0,0,0,0,1,1,0,0,0,0,1,1,1,1,0,0,0,0,1,3,3,3,3,3,3,1,0,0,0,0,1,3,3,
 3,3,1,0,0,0,0,0,0,0,0,0,0,0,0,1,3,3,1,0,0,0,0,1,1,0,0,0,0,0,0,1,1,1,1,0,0,0,0,0,0,1,1,0,0,0,0,0,0,0,0,0,0,0,0,1,3,3,3,3,3,3,1,0,0,0,0,1,3,3,
 3,3,1,0,0,0,0,0,0,0,0,0,0,0,0,1,3,3,1,0,0,0,0,0,0,0,0,0,0,0,0,1,3,3,1,0,0,0,0,0,0,1,1,0,0,0,0,0,0,0,0,0,0,0,0,1,3,3,3,3,3,3,1,0,0,0,0,1,3,3,
@@ -207,8 +207,8 @@ data=
 3,3,3,3,3,3,3,3,3,3,1,0,0,0,0,1,3,3,1,1,1,1,1,1,1,0,0,0,0,0,0,1,3,3,1,0,0,0,0,0,0,1,1,1,0,1,1,1,3,3,3,3,3,3,3,3,3,3,3,3,3,3,1,0,0,0,0,1,3,3,
 3,3,3,3,3,3,3,3,3,3,1,0,0,0,0,1,3,3,1,4,0,0,0,1,1,0,0,0,0,0,0,1,1,1,1,0,0,0,0,0,0,1,1,4,0,0,0,1,3,3,3,3,3,3,3,3,3,3,3,3,3,3,1,0,0,0,0,1,3,3,
 3,3,3,3,3,3,3,3,3,3,1,0,0,0,0,1,3,3,1,4,0,0,0,1,1,0,0,0,0,0,0,2,2,2,2,0,0,0,0,0,0,1,1,4,0,0,0,1,3,3,1,1,1,1,1,1,1,1,1,1,1,1,1,0,0,0,0,1,3,3,
-3,3,3,3,3,3,3,3,3,3,1,0,0,0,0,1,3,3,1,4,0,0,0,1,1,0,0,0,0,0,0,2,4,4,2,0,0,0,0,0,0,1,1,0,0,0,0,1,3,3,1,0,0,0,0,0,0,0,0,0,0,0,0,0,0,0,0,1,3,3,
-3,3,3,3,3,3,3,3,3,3,1,0,0,0,0,1,3,3,1,0,0,0,0,1,1,0,0,0,0,0,0,2,2,2,2,0,0,0,0,0,0,1,1,0,0,0,0,1,3,3,1,0,0,0,0,0,0,0,0,0,0,0,0,0,0,0,0,1,3,3,
+3,3,3,3,3,3,3,3,3,3,1,0,0,0,0,1,3,3,1,4,0,0,0,1,1,0,0,0,0,0,0,2,4,4,2,0,0,0,0,0,0,1,1,0,0,0,0,1,3,3,1,4,0,0,0,0,0,0,0,0,0,0,0,0,0,0,0,1,3,3,
+3,3,3,3,3,3,3,3,3,3,1,0,0,0,0,1,3,3,1,0,0,0,0,1,1,0,0,0,0,0,0,2,2,2,2,0,0,0,0,0,0,1,1,0,0,0,0,1,3,3,1,4,0,0,0,0,0,0,0,0,0,0,0,0,0,0,0,1,3,3,
 3,3,3,3,3,3,3,3,3,3,1,0,0,0,0,1,3,3,1,0,0,0,0,0,0,0,0,0,0,0,1,0,0,0,0,1,0,0,0,0,0,0,0,0,0,0,0,1,3,3,1,0,0,0,0,0,0,0,0,0,0,0,0,0,0,0,0,1,3,3,
 3,3,3,3,3,3,3,3,3,3,1,0,0,0,0,1,3,3,1,0,0,0,0,1,1,0,0,0,0,0,0,0,0,0,0,0,0,0,0,0,0,1,1,0,0,0,0,1,3,3,1,0,0,0,0,0,0,0,0,0,0,0,0,0,0,0,0,1,3,3,
 3,3,3,3,3,3,3,3,3,3,1,0,0,0,0,1,3,3,1,0,0,0,0,1,1,0,0,0,0,0,0,0,0,0,0,0,0,0,0,0,0,1,1,0,0,0,0,1,3,3,1,0,0,0,0,1,1,1,1,1,1,1,1,1,1,1,1,1,3,3,
@@ -221,14 +221,14 @@ data=
 3,3,3,3,3,3,3,3,3,3,1,0,0,0,0,0,0,0,0,0,0,0,0,0,0,0,0,1,1,0,0,0,0,0,0,1,3,3,1,1,1,1,1,1,1,1,1,1,1,1,1,0,0,0,0,1,1,1,1,1,3,3,3,3,3,3,3,3,3,3,
 3,3,3,3,3,3,3,3,3,3,1,0,0,0,0,0,0,0,0,0,0,0,0,0,0,0,0,1,1,0,0,0,0,0,0,1,3,3,1,0,0,0,0,0,0,0,0,0,0,0,0,0,0,0,0,0,0,0,0,1,3,3,3,3,3,3,3,3,3,3,
 3,3,3,3,3,3,3,3,3,3,1,0,0,0,0,0,0,0,0,0,0,0,0,0,0,0,1,1,1,0,0,0,0,0,0,1,3,3,1,0,0,0,0,0,0,0,0,0,0,0,0,0,0,0,0,0,0,0,0,1,3,3,3,3,3,3,3,3,3,3,
-3,3,3,3,3,3,3,3,3,3,1,1,1,1,1,1,1,1,1,1,1,1,1,1,1,1,1,3,1,1,1,1,1,1,1,1,3,3,1,0,0,0,4,2,2,2,2,0,0,0,0,2,2,2,2,0,0,0,0,1,3,3,3,3,3,3,3,3,3,3,
+3,3,3,3,3,3,3,3,3,3,1,1,1,1,1,1,1,1,1,1,1,1,1,1,1,1,1,3,1,1,1,1,1,1,1,1,3,3,1,0,0,0,4,2,2,2,2,4,0,0,4,2,2,2,2,0,0,0,0,1,3,3,3,3,3,3,3,3,3,3,
 3,3,3,3,3,3,3,3,3,3,3,3,3,3,3,3,3,3,3,3,3,3,3,3,3,3,3,3,3,3,3,3,3,3,3,3,3,3,1,0,0,0,0,2,4,4,2,0,0,0,0,2,4,4,2,0,0,0,0,1,3,3,3,3,3,3,3,3,3,3,
 3,3,3,3,3,3,3,3,3,3,3,3,3,3,3,3,3,3,3,3,3,3,3,3,3,3,3,3,3,3,3,3,3,3,3,3,3,3,1,0,0,0,0,2,4,4,2,0,0,0,0,2,4,4,2,0,0,0,0,1,3,3,3,3,3,3,3,3,3,3,
 3,3,3,3,3,3,3,3,3,3,3,3,3,3,3,3,3,3,3,3,3,3,3,3,3,3,3,3,3,3,3,3,3,3,3,3,3,3,1,0,0,0,0,2,2,2,2,4,4,4,4,2,2,2,2,0,0,0,0,1,3,3,3,3,3,3,3,3,3,3,
-3,3,3,3,3,3,3,3,3,3,3,3,3,3,3,3,3,3,3,3,3,3,3,3,3,3,3,3,3,3,3,3,3,3,3,3,3,3,1,4,0,0,0,0,0,0,0,0,0,0,0,4,0,0,0,0,0,0,0,1,3,3,3,3,3,3,3,3,3,3,
+3,3,3,3,3,3,3,3,3,3,3,3,3,3,3,3,3,3,3,3,3,3,3,3,3,3,3,3,3,3,3,3,3,3,3,3,3,3,1,4,0,0,0,0,0,0,0,0,0,0,0,4,0,0,4,0,0,0,0,1,3,3,3,3,3,3,3,3,3,3,
 3,3,3,3,3,3,3,3,3,3,3,3,3,3,3,3,3,3,3,3,3,3,3,3,3,3,3,3,3,3,3,3,3,3,3,3,3,3,1,0,0,0,0,0,0,0,0,0,4,0,0,4,0,0,0,0,0,0,0,1,3,3,3,3,3,3,3,3,3,3,
-3,3,3,3,3,3,3,3,3,3,3,3,3,3,3,3,3,3,3,3,3,3,3,3,3,3,3,3,3,3,3,3,3,3,3,3,3,3,1,0,0,0,0,0,0,0,0,0,0,0,0,4,0,0,0,0,0,0,0,1,3,3,3,3,3,3,3,3,3,3,
-3,3,3,3,3,3,3,3,3,3,3,3,3,3,3,3,3,3,3,3,3,3,3,3,3,3,3,3,3,3,3,3,3,3,3,3,3,3,1,4,0,0,0,0,0,0,0,0,0,0,0,4,0,0,0,0,0,0,0,1,3,3,3,3,3,3,3,3,3,3,
+3,3,3,3,3,3,3,3,3,3,3,3,3,3,3,3,3,3,3,3,3,3,3,3,3,3,3,3,3,3,3,3,3,3,3,3,3,3,1,0,0,0,0,0,0,0,0,0,0,0,0,4,0,4,0,0,0,0,0,1,3,3,3,3,3,3,3,3,3,3,
+3,3,3,3,3,3,3,3,3,3,3,3,3,3,3,3,3,3,3,3,3,3,3,3,3,3,3,3,3,3,3,3,3,3,3,3,3,3,1,4,0,0,0,0,0,0,0,0,0,0,0,4,0,0,4,0,0,0,0,1,3,3,3,3,3,3,3,3,3,3,
 3,3,3,3,3,3,3,3,3,3,3,3,3,3,3,3,3,3,3,3,3,3,3,3,3,3,3,3,3,3,3,3,3,3,3,3,3,3,1,0,0,0,0,2,2,2,2,0,4,4,0,2,2,2,2,0,0,0,0,1,3,3,3,3,3,3,3,3,3,3,
 3,3,3,3,3,3,3,3,3,3,3,3,3,3,3,3,3,3,3,3,3,3,3,3,3,3,3,3,3,3,3,3,3,3,3,3,3,3,1,0,0,0,0,2,4,4,2,0,0,0,0,2,4,4,2,0,0,0,0,1,3,3,3,3,3,3,3,3,3,3,
 3,3,3,3,3,3,3,3,3,3,3,3,3,3,3,3,3,3,3,3,3,3,3,3,3,3,3,3,3,3,3,3,3,3,3,3,3,3,1,0,0,0,0,2,4,4,2,0,0,0,0,2,4,4,2,0,0,0,0,1,3,3,3,3,3,3,3,3,3,3,
@@ -343,20 +343,20 @@ tooltip=Treasure Chest
 
 [event]
 type=on_trigger
-location=51,8,1,1
+location=51,39,1,1
 hotspot=location
 loot=loot/level_3.txt
-mapmod=object,51,8,163
+mapmod=object,51,39,163
 repeat=false
 soundfx=soundfx/wood_open.ogg
 tooltip=Crate
 
 [event]
 type=on_trigger
-location=53,7,1,1
+location=53,8,1,1
 hotspot=location
 loot=loot/level_3.txt
-mapmod=object,53,7,162
+mapmod=object,53,8,162
 repeat=false
 soundfx=soundfx/wood_open.ogg
 tooltip=Barrel
@@ -373,10 +373,10 @@ tooltip=Crate
 
 [event]
 type=on_trigger
-location=14,29,1,1
+location=4,26,1,1
 hotspot=location
 loot=loot/level_3.txt
-mapmod=object,14,29,162
+mapmod=object,4,26,162
 repeat=false
 soundfx=soundfx/wood_open.ogg
 tooltip=Barrel
@@ -411,6 +411,22 @@ type=on_load
 location=0,0,1,1
 soundfx=soundfx/environment/cave_wind_loop.ogg
 
+[event]
+type=on_trigger
+location=53,59,1,1
+hotspot=location
+loot=loot/level_3.txt
+mapmod=object,53,59,162
+repeat=false
+soundfx=soundfx/wood_open.ogg
+tooltip=Barrel
+
+[event]
+# brazier sound effect
+type=on_load
+location=54,57,1,1
+soundfx=soundfx/environment/open_fire_loop.ogg
+
 [enemy]
 type=undead
 location=31,27,4,4
diff --git a/tiled/empyrean_campaign/st_maria_2.tmx b/tiled/empyrean_campaign/st_maria_2.tmx
index f45fe9742d4dba50b535f17eac7ec7c86442c7d7..f89c1924e3f3a2fccb521b4144771cbbf9a69318 100644
--- a/tiled/empyrean_campaign/st_maria_2.tmx
+++ b/tiled/empyrean_campaign/st_maria_2.tmx
@@ -1,5 +1,5 @@
 <?xml version="1.0" encoding="UTF-8"?>
-<map version="1.0" orientation="isometric" renderorder="right-down" width="70" height="70" tilewidth="64" tileheight="32" backgroundcolor="#000000" nextobjectid="51">
+<map version="1.0" orientation="isometric" renderorder="right-down" width="70" height="70" tilewidth="64" tileheight="32" backgroundcolor="#000000" nextobjectid="53">
  <properties>
   <property name="music" value="music/dungeon_theme.ogg"/>
   <property name="tileset" value="tilesetdefs/tileset_dungeon.txt"/>
@@ -39,16 +39,16 @@
 0,0,0,0,0,0,46,43,37,36,46,39,37,44,38,39,46,0,0,0,0,51,51,0,0,0,37,39,40,47,32,43,44,45,39,34,37,44,43,0,0,0,0,0,0,0,0,0,0,0,0,0,0,0,0,0,0,0,0,0,0,0,0,0,0,0,0,0,0,0,
 0,0,0,0,0,0,46,43,39,36,40,45,43,39,43,38,37,0,0,0,0,51,51,0,0,0,38,47,41,46,35,38,45,46,42,33,18,37,42,0,0,0,0,0,0,0,0,0,0,0,0,0,0,0,0,0,0,0,0,0,0,0,0,0,0,0,0,0,0,0,
 0,0,0,0,0,0,46,44,19,39,36,42,46,40,43,38,40,287,0,0,0,51,51,0,0,0,37,44,44,16,32,39,33,34,36,34,38,39,36,0,0,0,0,0,0,0,0,0,0,0,38,47,38,37,38,45,43,36,41,36,44,42,43,43,47,39,45,0,0,0,
-0,0,0,0,0,0,18,38,37,38,37,0,0,0,47,47,51,51,51,51,51,51,51,0,0,0,36,36,36,37,32,32,34,34,32,34,38,46,45,0,0,0,0,0,0,0,0,0,0,0,38,36,45,17,16,40,37,46,44,45,39,44,42,17,45,39,41,0,0,0,
-0,0,0,0,0,0,37,19,38,46,46,0,0,0,38,51,51,51,51,51,51,51,51,0,0,0,43,47,43,42,46,36,33,34,36,45,45,41,36,0,0,0,0,0,0,0,0,0,0,0,38,39,42,18,19,17,36,39,37,39,43,39,36,17,37,45,47,0,0,0,
-0,0,0,0,0,0,46,45,39,36,41,0,0,0,0,0,0,0,0,0,0,0,0,0,0,0,0,0,0,0,46,42,35,35,44,0,0,0,0,0,0,0,0,0,0,0,0,0,0,0,44,44,43,17,36,45,39,36,47,44,45,19,47,17,39,17,42,0,0,0,
-0,0,0,0,0,0,40,42,40,18,36,0,0,0,0,0,0,0,0,0,0,0,0,0,0,0,0,0,0,0,38,47,32,33,41,0,0,0,0,0,0,0,0,0,0,0,0,0,0,0,36,40,17,17,41,36,43,38,45,39,45,43,40,43,36,44,43,0,0,0,
+0,0,0,0,0,0,18,38,37,38,37,0,0,0,47,47,51,51,51,51,51,51,51,0,0,0,36,36,36,37,32,32,34,34,32,34,38,46,45,0,0,0,0,0,0,0,0,0,0,0,38,33,34,32,33,34,32,32,32,33,32,35,32,32,34,33,32,0,0,0,
+0,0,0,0,0,0,37,19,38,46,46,0,0,0,38,51,51,51,51,51,51,51,51,0,0,0,43,47,43,42,46,36,33,34,36,45,45,41,36,0,0,0,0,0,0,0,0,0,0,0,38,34,42,18,33,17,36,33,37,39,35,39,36,33,37,45,35,0,0,0,
+0,0,0,0,0,0,46,45,39,36,41,0,0,0,0,0,0,0,0,0,0,0,0,0,0,0,0,0,0,0,46,42,35,35,44,0,0,0,0,0,0,0,0,0,0,0,0,0,0,0,44,32,43,17,32,45,39,34,47,44,34,19,47,34,39,17,35,0,0,0,
+0,0,0,0,0,0,40,42,40,18,36,0,0,0,0,0,0,0,0,0,0,0,0,0,0,0,0,0,0,0,38,47,32,33,41,0,0,0,0,0,0,0,0,0,0,0,0,0,0,0,36,33,33,32,32,32,32,33,32,34,32,34,33,33,35,33,35,0,0,0,
 0,0,0,0,0,0,36,47,43,47,45,0,0,0,0,0,0,0,0,0,0,0,0,0,0,0,0,0,0,0,44,39,34,32,43,0,0,0,0,0,0,0,0,0,0,0,0,0,0,0,44,42,44,37,43,0,0,0,0,0,0,0,38,38,42,41,44,0,0,0,
 0,0,0,0,0,0,39,46,39,43,39,0,0,0,0,0,0,0,37,44,42,43,43,0,38,38,38,39,38,45,45,47,33,33,39,18,43,38,43,45,36,0,40,47,42,46,41,0,0,0,39,37,39,43,46,0,0,0,0,0,0,0,42,44,46,36,40,0,0,0,
 0,0,0,0,0,0,43,39,42,45,43,0,0,0,0,0,0,0,44,44,40,44,38,0,39,39,37,36,37,19,18,19,36,39,16,19,17,45,47,45,40,0,44,18,38,36,41,0,0,0,45,43,39,16,39,0,0,0,0,0,0,0,47,45,17,38,38,0,0,0,
 0,0,0,0,0,0,46,39,17,43,42,0,0,0,0,0,0,0,18,46,39,36,44,0,43,44,46,38,37,16,37,18,47,38,30,42,19,44,36,46,44,0,47,36,42,47,39,0,0,0,44,43,44,46,45,0,0,0,0,0,0,0,39,43,16,39,39,0,0,0,
 0,0,0,0,0,0,43,38,46,45,45,0,0,0,0,0,0,0,17,40,39,37,37,0,42,47,37,19,16,32,32,32,32,32,32,32,32,16,39,41,38,0,45,36,37,39,40,0,0,0,42,44,39,39,42,0,0,0,0,0,0,0,44,38,45,39,36,0,0,0,
-0,0,41,38,45,40,42,18,38,39,47,0,0,0,0,0,0,0,17,41,43,36,36,40,45,42,38,37,18,33,30,23,23,23,23,31,33,18,46,45,16,47,41,44,18,39,47,0,0,0,18,37,47,37,45,0,0,0,0,0,0,0,45,42,45,44,44,0,0,0,
+0,0,41,38,45,40,42,18,38,39,47,0,0,0,0,0,0,0,17,41,43,36,36,40,45,42,38,37,18,33,30,23,23,23,23,31,33,18,46,45,16,47,41,44,18,39,47,0,0,0,18,37,47,37,45,0,0,0,0,0,0,0,45,51,51,51,51,0,0,0,
 0,0,43,51,51,51,51,38,45,42,36,0,0,0,0,0,0,0,36,36,46,46,45,0,37,36,43,16,36,32,22,48,50,50,50,20,33,45,16,38,42,0,45,36,47,43,45,0,0,0,43,45,46,46,43,0,0,0,0,0,0,0,39,38,36,37,40,0,0,0,
 0,0,16,51,39,41,18,38,41,43,37,0,0,0,0,0,0,0,39,44,36,44,40,0,38,45,39,17,44,33,22,49,0,0,0,20,34,41,36,43,47,0,39,39,42,47,42,0,0,0,17,18,36,41,47,0,0,0,0,0,0,0,39,37,45,39,44,0,0,0,
 0,0,38,51,36,44,17,36,38,46,36,0,0,0,0,0,0,0,0,0,0,0,0,0,36,41,44,47,45,32,22,49,0,0,0,20,32,47,46,38,36,0,0,0,0,0,0,0,0,0,40,36,42,47,36,0,0,0,0,0,0,0,45,38,38,47,39,0,0,0,
@@ -65,7 +65,7 @@
 0,0,18,51,36,43,41,45,47,19,45,18,44,36,44,0,0,0,38,37,36,42,43,0,36,39,17,39,37,32,39,36,17,46,45,19,33,36,17,43,42,0,36,37,42,37,37,18,39,45,44,18,19,43,47,0,0,0,0,0,0,0,37,18,37,37,41,0,0,0,
 0,0,43,51,39,44,37,46,37,42,44,37,47,39,36,0,0,0,45,37,39,45,42,0,44,47,38,18,43,33,39,44,40,41,44,45,35,16,38,47,38,0,38,37,45,44,47,36,37,43,45,36,45,44,40,0,0,0,0,0,0,0,18,43,18,36,43,0,0,0,
 0,0,46,51,51,51,51,47,42,46,37,44,45,45,37,0,0,0,36,45,41,45,41,38,45,45,42,36,18,35,41,45,0,0,44,38,34,16,18,41,41,42,42,41,36,37,40,43,47,16,38,41,17,37,42,0,0,0,0,0,0,0,38,39,45,46,46,0,0,0,
-0,0,0,0,0,0,0,0,0,0,37,44,46,40,47,0,0,0,41,36,46,37,44,0,37,36,36,36,47,35,17,17,0,0,46,41,33,19,43,45,40,0,41,47,47,39,39,40,39,39,16,43,47,44,37,0,0,0,0,0,0,0,38,43,37,47,44,0,0,0,
+0,0,0,0,0,0,0,0,0,0,37,44,46,40,47,0,0,0,41,36,46,37,44,0,37,36,36,36,47,35,17,17,0,0,46,41,33,19,43,45,40,0,41,47,47,39,39,40,39,39,16,43,47,44,37,0,0,0,0,0,0,0,38,51,51,51,51,0,0,0,
 0,0,0,0,0,0,0,0,0,0,39,42,47,36,41,0,0,0,40,47,37,38,43,0,47,44,39,17,16,32,43,47,0,0,38,37,33,37,16,47,41,0,46,45,46,40,40,37,46,38,41,18,38,37,42,0,0,0,0,0,0,0,47,43,46,17,41,0,0,0,
 0,0,0,0,0,0,0,0,0,0,39,47,46,42,40,0,0,0,0,0,0,0,0,0,38,43,45,44,38,35,19,39,0,0,47,38,35,46,39,47,46,0,0,40,37,0,0,0,0,0,0,0,0,0,0,0,0,0,0,0,0,0,36,40,19,44,41,0,0,0,
 0,0,0,0,0,0,0,0,0,0,36,16,36,46,46,0,0,0,40,41,37,43,43,0,37,39,47,19,47,33,46,41,0,0,40,37,33,42,37,44,37,0,43,44,41,44,45,0,0,0,0,0,0,0,0,0,0,0,0,0,0,0,37,37,36,38,39,0,0,0,
@@ -113,9 +113,9 @@
 0,0,0,0,0,0,102,0,0,0,0,0,0,0,0,0,0,0,0,0,0,0,0,82,0,0,102,0,110,0,0,0,0,0,0,0,0,110,0,82,0,0,0,0,0,0,0,0,0,0,0,0,0,0,0,0,0,0,0,0,0,0,0,0,0,0,0,0,0,0,
 0,0,0,0,0,0,64,0,0,0,0,0,0,0,0,0,0,0,0,0,0,0,0,82,0,0,68,0,0,0,0,0,0,0,0,0,0,0,0,82,0,0,0,0,0,0,0,0,0,0,0,0,0,0,0,0,0,0,0,0,0,0,0,0,0,0,0,0,0,0,
 0,0,0,0,0,0,106,0,0,0,0,0,0,0,0,0,178,0,0,0,0,0,0,82,0,0,96,0,0,0,0,284,0,0,0,0,0,0,0,82,0,0,0,0,0,0,0,0,0,0,77,97,65,99,69,103,65,97,105,97,65,109,103,105,99,69,97,78,0,0,
-0,0,0,0,0,0,104,0,0,0,0,91,83,83,88,180,167,0,0,0,0,192,0,82,0,0,108,0,0,167,0,0,0,0,0,0,167,0,0,82,0,0,0,0,0,0,0,0,0,0,64,0,0,146,0,0,0,0,0,0,0,0,0,0,0,0,0,70,0,0,
-0,0,0,0,0,0,98,0,0,0,0,82,0,0,108,0,0,0,0,0,0,0,0,82,0,0,64,0,0,0,0,0,0,0,0,0,0,0,0,82,0,0,0,0,0,0,0,0,0,0,96,147,0,0,0,0,0,0,0,0,0,0,0,0,0,0,0,82,0,0,
-0,0,0,0,0,0,64,0,0,0,0,82,0,0,76,71,83,83,83,83,83,83,83,95,0,0,76,71,83,83,88,0,0,0,0,91,83,83,83,95,0,0,0,0,0,0,0,0,0,0,96,0,0,0,0,0,0,0,0,0,0,0,0,0,0,0,0,82,0,0,
+0,0,0,0,0,0,104,0,0,0,0,91,83,83,88,180,167,0,0,0,0,192,0,82,0,0,108,0,0,167,0,0,0,0,0,0,167,0,0,82,0,0,0,0,0,0,0,0,0,0,64,0,0,0,0,0,0,0,0,0,0,0,0,0,0,0,0,70,0,0,
+0,0,0,0,0,0,98,0,0,0,0,82,0,0,108,0,0,0,0,0,0,0,0,82,0,0,64,0,0,0,0,0,0,0,0,0,0,0,0,82,0,0,0,0,0,0,0,0,0,0,96,0,0,146,0,0,0,0,0,0,0,0,0,0,0,0,0,82,0,0,
+0,0,0,0,0,0,64,0,0,0,0,82,0,0,76,71,83,83,83,83,83,83,83,95,0,0,76,71,83,83,88,0,0,0,0,91,83,83,83,95,0,0,0,0,0,0,0,0,0,0,96,0,0,110,0,0,0,0,0,0,0,0,0,0,110,0,0,82,0,0,
 0,0,0,0,0,0,106,0,0,0,0,82,0,0,0,0,0,0,0,0,0,0,0,0,0,0,0,0,0,0,80,0,0,0,0,82,0,0,0,0,0,0,0,0,0,0,0,0,0,0,68,0,0,0,0,0,0,0,0,0,0,0,0,0,0,0,0,82,0,0,
 0,0,0,0,0,0,68,0,0,0,0,82,0,0,0,0,0,0,0,0,0,0,0,0,0,0,0,0,0,0,64,0,0,0,0,82,0,0,0,0,0,0,0,0,0,0,0,0,0,0,106,0,0,0,0,91,83,83,83,83,83,83,88,0,0,0,0,82,0,0,
 0,0,0,0,0,0,102,0,0,0,0,82,0,0,0,0,0,0,77,69,105,65,65,78,77,69,103,65,99,69,73,0,0,0,0,90,81,105,99,69,65,78,77,65,105,65,97,78,0,0,68,0,0,0,0,82,0,0,0,0,0,0,80,0,0,0,0,82,0,0,
@@ -130,12 +130,12 @@
 0,0,102,0,0,0,0,91,83,83,83,95,0,0,0,0,0,0,64,205,0,0,0,66,64,0,0,0,0,0,0,66,0,0,64,0,0,0,0,0,0,66,68,0,0,0,0,66,0,0,68,0,0,0,0,82,0,0,0,0,0,0,96,0,0,0,0,82,0,0,
 0,0,64,0,0,0,0,82,0,0,0,0,0,0,0,0,0,0,64,204,0,0,0,66,64,0,0,0,0,0,0,66,0,0,64,0,0,0,0,0,0,66,106,0,0,0,0,66,0,0,96,0,0,0,0,82,0,0,0,0,0,0,102,0,0,0,0,82,0,0,
 0,0,106,0,0,0,0,82,0,0,0,0,0,0,0,0,0,0,104,0,0,0,0,66,102,0,0,0,0,0,0,66,0,0,64,0,0,0,0,0,0,66,102,0,0,0,0,66,0,0,108,0,0,0,0,82,0,0,0,0,0,0,68,0,0,0,0,82,0,0,
-0,0,64,0,0,0,0,82,0,0,0,0,0,0,0,0,0,0,68,0,0,0,0,116,114,0,0,0,0,0,0,66,0,0,64,0,0,0,0,0,0,116,112,0,0,0,0,66,0,0,64,0,0,0,0,82,0,0,0,0,0,0,98,0,0,0,0,82,0,0,
-0,0,108,0,0,0,0,82,0,0,0,0,0,0,0,0,0,0,96,0,0,0,0,66,64,0,0,0,0,0,0,66,0,0,64,0,0,0,0,0,0,66,96,0,0,0,0,66,0,0,106,0,0,0,0,82,0,0,0,0,0,0,106,0,0,0,0,82,0,0,
-0,0,106,0,0,0,0,82,0,0,0,0,0,0,0,0,0,0,68,0,0,0,0,66,68,0,0,0,0,0,0,74,65,65,73,0,0,0,0,0,0,66,68,0,0,0,0,66,0,0,68,0,0,0,0,82,0,0,0,0,0,0,104,0,0,0,0,82,0,0,
+0,0,64,0,75,72,0,82,0,0,0,0,0,0,0,0,0,0,68,0,0,0,0,116,114,0,0,0,0,0,0,66,0,0,64,0,0,0,0,0,0,116,112,0,0,0,0,66,0,0,64,0,0,0,0,82,0,0,0,0,0,0,98,0,0,0,0,82,0,0,
+0,0,108,0,74,73,0,82,0,0,0,0,0,0,0,0,0,0,96,0,0,0,0,66,64,0,0,0,0,0,0,66,0,0,64,0,0,0,0,0,0,66,96,0,0,0,0,66,0,0,106,0,0,0,0,82,0,0,0,0,0,0,106,0,0,0,0,82,0,0,
+0,0,106,0,146,0,0,82,0,0,0,0,0,0,0,0,0,0,68,0,0,0,0,66,68,0,0,0,0,0,0,74,65,65,73,0,0,0,0,0,0,66,68,0,0,0,0,66,0,0,68,0,0,0,0,82,0,0,0,0,0,0,104,0,0,0,0,82,0,0,
 0,0,64,0,0,0,0,82,0,0,0,0,0,0,0,0,0,0,76,67,72,0,75,79,106,0,0,0,0,0,0,0,0,0,0,0,0,0,0,0,0,66,76,67,67,67,67,79,0,0,104,0,0,0,0,82,0,0,0,0,0,0,68,0,0,0,0,82,0,0,
 0,0,102,0,0,0,0,90,81,109,103,65,105,103,65,78,0,0,77,105,73,0,74,78,104,0,0,0,0,0,0,0,0,0,0,0,0,0,0,0,0,66,77,65,97,109,69,78,0,0,96,0,0,0,0,82,0,0,0,0,0,0,102,0,0,0,0,82,0,0,
-0,0,98,0,0,0,0,0,0,0,0,0,0,180,146,70,0,0,96,0,0,0,0,66,68,0,0,0,0,0,0,0,0,0,0,0,0,0,0,0,0,66,96,202,203,0,0,66,0,0,64,0,0,0,0,82,0,0,0,0,0,0,108,0,0,0,0,82,0,0,
+0,0,98,0,0,0,0,0,0,0,0,0,0,180,0,70,0,0,96,0,0,0,0,66,68,0,0,0,0,0,0,0,0,0,0,0,0,0,0,0,0,66,96,202,203,0,0,66,0,0,64,0,0,0,0,82,0,0,0,0,0,0,108,0,0,0,0,82,0,0,
 0,0,64,0,0,0,0,0,0,0,0,0,0,0,0,82,0,0,108,182,0,0,0,66,68,0,0,0,0,0,0,0,0,0,0,0,0,0,0,0,0,66,68,0,0,0,182,74,105,103,73,0,0,0,0,82,0,0,0,0,0,0,64,0,0,0,0,82,0,0,
 0,0,106,0,0,0,0,0,0,0,0,0,0,0,0,82,0,0,64,0,0,0,0,66,102,0,0,0,0,0,0,75,67,67,72,0,0,0,0,0,0,66,68,0,0,0,0,0,0,0,0,0,0,0,0,82,0,0,0,0,0,0,106,0,0,0,0,82,0,0,
 0,0,68,0,0,0,0,0,0,0,0,0,0,0,0,82,0,0,68,0,0,0,0,116,112,0,0,0,0,0,0,66,0,0,64,0,0,0,0,0,0,116,114,0,0,0,0,0,0,0,0,0,0,0,0,82,0,0,0,0,0,0,68,0,0,0,0,82,0,0,
@@ -145,8 +145,8 @@
 0,0,0,0,0,0,0,0,0,0,106,0,0,0,0,82,0,0,77,109,97,69,65,78,98,0,0,0,0,0,0,66,0,0,64,0,0,0,0,0,0,66,77,73,0,74,105,78,0,0,0,0,0,0,0,0,0,0,0,0,0,0,98,0,0,0,0,82,0,0,
 0,0,0,0,0,0,0,0,0,0,68,0,0,0,0,82,0,0,64,205,0,0,0,66,64,0,0,0,0,0,0,74,69,69,73,0,0,0,0,0,0,66,64,205,0,0,0,66,0,0,0,0,0,0,0,0,0,0,0,0,0,0,64,0,0,0,0,82,0,0,
 0,0,0,0,0,0,0,0,0,0,102,0,0,0,0,82,0,0,64,204,0,0,0,66,64,0,0,0,0,0,0,0,0,0,0,0,0,0,0,0,0,66,98,204,0,0,0,66,0,0,77,65,97,105,103,99,97,99,103,69,105,109,73,0,0,0,0,82,0,0,
-0,0,0,0,0,0,0,0,0,0,68,0,0,0,0,82,0,0,68,147,0,0,0,66,64,0,0,0,0,0,0,0,0,0,0,0,0,0,0,0,0,66,96,181,0,0,0,66,0,0,68,0,0,0,0,0,0,0,0,0,0,0,0,0,0,0,0,82,0,0,
-0,0,0,0,0,0,0,0,0,0,98,0,0,0,0,82,0,0,68,0,0,0,0,66,102,0,0,0,0,0,0,0,0,0,0,0,0,0,0,0,0,66,68,0,0,0,0,66,0,0,108,0,0,0,0,0,0,0,0,0,0,0,0,0,0,0,0,82,0,0,
+0,0,0,0,0,0,0,0,0,0,68,0,0,0,0,82,0,0,68,147,0,0,0,66,64,0,0,0,0,0,0,0,0,0,0,0,0,0,0,0,0,66,96,181,0,0,0,66,0,0,68,147,0,0,0,0,0,0,0,0,0,0,0,0,0,0,0,82,0,0,
+0,0,0,0,0,0,0,0,0,0,98,0,0,0,0,82,0,0,68,0,0,0,0,66,102,0,0,0,0,0,0,0,0,0,0,0,0,0,0,0,0,66,68,0,0,0,0,66,0,0,108,136,0,0,0,0,0,0,0,0,0,0,0,0,0,0,0,82,0,0,
 0,0,0,0,0,0,0,0,0,0,102,0,0,0,0,82,0,0,96,183,0,0,0,116,112,0,0,0,0,0,111,0,0,0,0,111,0,0,0,0,0,116,112,0,0,0,0,66,0,0,108,0,0,0,0,0,0,0,0,0,0,0,0,0,0,0,0,82,0,0,
 0,0,0,0,0,0,0,0,0,0,68,0,0,0,0,82,0,0,96,0,0,0,0,66,64,0,0,0,0,0,0,0,0,0,0,0,0,0,0,0,0,66,64,0,0,0,0,66,0,0,102,0,0,0,0,0,0,0,0,0,0,0,0,0,0,0,0,82,0,0,
 0,0,0,0,0,0,0,0,0,0,106,0,0,0,0,82,0,0,104,0,0,0,0,66,68,0,0,0,0,0,0,0,0,0,0,0,0,0,0,0,0,66,68,0,0,0,0,66,0,0,96,0,0,0,0,91,83,83,83,83,83,83,83,83,83,83,83,95,0,0,
@@ -159,14 +159,14 @@
 0,0,0,0,0,0,0,0,0,0,106,0,0,0,0,0,0,0,0,0,0,0,0,0,0,0,0,0,281,0,0,0,0,0,0,82,0,0,77,65,103,97,97,69,99,69,65,99,103,109,73,0,0,0,0,90,81,69,105,78,0,0,0,0,0,0,0,0,0,0,
 0,0,0,0,0,0,0,0,0,0,68,0,0,0,0,0,0,0,0,0,0,0,0,0,0,0,0,0,280,0,0,0,0,0,0,82,0,0,68,0,0,0,0,0,0,0,0,0,0,0,0,0,0,0,0,0,0,0,0,70,0,0,0,0,0,0,0,0,0,0,
 0,0,0,0,0,0,0,0,0,0,64,0,0,0,0,0,0,0,0,0,0,0,0,0,0,0,91,83,88,0,0,0,0,0,0,82,0,0,104,0,0,0,0,0,0,0,0,0,0,0,0,0,0,0,0,0,0,0,0,82,0,0,0,0,0,0,0,0,0,0,
-0,0,0,0,0,0,0,0,0,0,76,71,83,83,83,83,83,83,83,83,83,83,83,83,83,83,95,0,92,83,83,83,83,83,83,95,0,0,108,0,0,0,128,0,0,0,0,0,0,0,0,0,0,0,0,0,0,0,0,82,0,0,0,0,0,0,0,0,0,0,
+0,0,0,0,0,0,0,0,0,0,76,71,83,83,83,83,83,83,83,83,83,83,83,83,83,83,95,0,92,83,83,83,83,83,83,95,0,0,108,0,0,0,128,0,0,0,0,151,0,0,151,0,0,0,0,0,0,0,0,82,0,0,0,0,0,0,0,0,0,0,
 0,0,0,0,0,0,0,0,0,0,0,0,0,0,0,0,0,0,0,0,0,0,0,0,0,0,0,0,0,0,0,0,0,0,0,0,0,0,64,0,0,0,0,0,0,0,0,0,0,0,0,0,0,0,0,0,0,0,0,82,0,0,0,0,0,0,0,0,0,0,
 0,0,0,0,0,0,0,0,0,0,0,0,0,0,0,0,0,0,0,0,0,0,0,0,0,0,0,0,0,0,0,0,0,0,0,0,0,0,102,0,0,0,0,0,0,0,0,0,0,0,0,0,0,0,0,0,0,0,0,82,0,0,0,0,0,0,0,0,0,0,
 0,0,0,0,0,0,0,0,0,0,0,0,0,0,0,0,0,0,0,0,0,0,0,0,0,0,0,0,0,0,0,0,0,0,0,0,0,0,68,0,0,0,0,0,0,0,0,120,123,123,118,0,0,0,0,0,0,0,0,82,0,0,0,0,0,0,0,0,0,0,
-0,0,0,0,0,0,0,0,0,0,0,0,0,0,0,0,0,0,0,0,0,0,0,0,0,0,0,0,0,0,0,0,0,0,0,0,0,0,98,144,0,0,0,0,0,0,0,0,181,0,0,121,0,0,0,0,0,0,0,82,0,0,0,0,0,0,0,0,0,0,
-0,0,0,0,0,0,0,0,0,0,0,0,0,0,0,0,0,0,0,0,0,0,0,0,0,0,0,0,0,0,0,0,0,0,0,0,0,0,96,0,0,0,0,0,0,0,0,0,150,0,0,122,0,0,0,0,0,0,0,82,0,0,0,0,0,0,0,0,0,0,
-0,0,0,0,0,0,0,0,0,0,0,0,0,0,0,0,0,0,0,0,0,0,0,0,0,0,0,0,0,0,0,0,0,0,0,0,0,0,96,0,0,0,0,0,0,0,0,0,0,0,0,122,0,0,0,0,0,0,0,82,0,0,0,0,0,0,0,0,0,0,
-0,0,0,0,0,0,0,0,0,0,0,0,0,0,0,0,0,0,0,0,0,0,0,0,0,0,0,0,0,0,0,0,0,0,0,0,0,0,104,144,0,0,0,0,0,0,0,0,0,0,0,119,0,0,0,0,0,0,0,82,0,0,0,0,0,0,0,0,0,0,
+0,0,0,0,0,0,0,0,0,0,0,0,0,0,0,0,0,0,0,0,0,0,0,0,0,0,0,0,0,0,0,0,0,0,0,0,0,0,98,144,0,0,0,0,0,0,0,0,181,0,0,121,0,180,167,0,0,0,0,82,0,0,0,0,0,0,0,0,0,0,
+0,0,0,0,0,0,0,0,0,0,0,0,0,0,0,0,0,0,0,0,0,0,0,0,0,0,0,0,0,0,0,0,0,0,0,0,0,0,96,0,0,0,0,0,0,0,0,0,150,0,0,122,181,0,0,0,0,0,0,82,0,0,0,0,0,0,0,0,0,0,
+0,0,0,0,0,0,0,0,0,0,0,0,0,0,0,0,0,0,0,0,0,0,0,0,0,0,0,0,0,0,0,0,0,0,0,0,0,0,96,0,0,0,0,0,0,0,0,0,0,0,0,122,0,146,0,0,0,0,0,82,0,0,0,0,0,0,0,0,0,0,
+0,0,0,0,0,0,0,0,0,0,0,0,0,0,0,0,0,0,0,0,0,0,0,0,0,0,0,0,0,0,0,0,0,0,0,0,0,0,104,144,0,0,0,0,0,0,0,0,0,0,0,119,0,0,151,0,0,0,0,82,0,0,0,0,0,0,0,0,0,0,
 0,0,0,0,0,0,0,0,0,0,0,0,0,0,0,0,0,0,0,0,0,0,0,0,0,0,0,0,0,0,0,0,0,0,0,0,0,0,68,0,0,0,0,0,0,0,0,0,137,137,0,0,0,0,0,0,0,0,0,82,0,0,0,0,0,0,0,0,0,0,
 0,0,0,0,0,0,0,0,0,0,0,0,0,0,0,0,0,0,0,0,0,0,0,0,0,0,0,0,0,0,0,0,0,0,0,0,0,0,102,0,0,0,0,0,0,0,0,0,0,0,0,0,0,0,0,0,0,0,0,82,0,0,0,0,0,0,0,0,0,0,
 0,0,0,0,0,0,0,0,0,0,0,0,0,0,0,0,0,0,0,0,0,0,0,0,0,0,0,0,0,0,0,0,0,0,0,0,0,0,68,0,0,0,0,0,0,0,0,0,0,0,0,0,0,0,0,0,0,0,0,82,0,0,0,0,0,0,0,0,0,0,
@@ -187,9 +187,9 @@
 3,3,3,3,3,3,1,0,0,0,0,0,0,0,0,0,0,0,0,0,1,0,0,1,3,3,1,0,1,0,0,1,3,3,1,0,0,1,0,1,3,3,3,3,3,3,3,3,3,3,3,3,3,3,3,3,3,3,3,3,3,3,3,3,3,3,3,3,3,3,
 3,3,3,3,3,3,1,0,0,0,0,0,0,0,0,0,0,0,0,0,1,0,0,1,3,3,1,0,0,0,0,1,3,3,1,0,0,0,0,1,3,3,3,3,3,3,3,3,3,3,3,3,3,3,3,3,3,3,3,3,3,3,3,3,3,3,3,3,3,3,
 3,3,3,3,3,3,1,0,0,0,0,0,0,0,0,0,0,0,1,1,1,0,0,1,3,3,1,0,0,0,0,1,0,0,1,0,0,0,0,1,3,3,3,3,3,3,3,3,3,3,1,1,1,1,1,1,1,1,1,1,1,1,1,1,1,1,1,1,3,3,
-3,3,3,3,3,3,1,0,0,0,0,1,1,1,1,0,4,0,0,0,0,4,0,1,3,3,1,0,0,4,0,0,0,0,0,0,4,0,0,1,3,3,3,3,3,3,3,3,3,3,1,0,0,4,0,0,0,0,0,0,0,0,0,0,0,0,0,1,3,3,
-3,3,3,3,3,3,1,0,0,0,0,1,3,3,1,0,0,0,0,0,0,0,0,1,3,3,1,0,0,0,0,0,0,0,0,0,0,0,0,1,3,3,3,3,3,3,3,3,3,3,1,4,0,0,0,0,0,0,0,0,0,0,0,0,0,0,0,1,3,3,
-3,3,3,3,3,3,1,0,0,0,0,1,3,3,1,1,1,1,1,1,1,1,1,1,3,3,1,1,1,1,1,0,0,0,0,1,1,1,1,1,3,3,3,3,3,3,3,3,3,3,1,0,0,0,0,0,0,0,0,0,0,0,0,0,0,0,0,1,3,3,
+3,3,3,3,3,3,1,0,0,0,0,1,1,1,1,0,4,0,0,0,0,4,0,1,3,3,1,0,0,4,0,0,0,0,0,0,4,0,0,1,3,3,3,3,3,3,3,3,3,3,1,0,0,0,0,0,0,0,0,0,0,0,0,0,0,0,0,1,3,3,
+3,3,3,3,3,3,1,0,0,0,0,1,3,3,1,0,0,0,0,0,0,0,0,1,3,3,1,0,0,0,0,0,0,0,0,0,0,0,0,1,3,3,3,3,3,3,3,3,3,3,1,0,0,4,0,0,0,0,0,0,0,0,0,0,0,0,0,1,3,3,
+3,3,3,3,3,3,1,0,0,0,0,1,3,3,1,1,1,1,1,1,1,1,1,1,3,3,1,1,1,1,1,0,0,0,0,1,1,1,1,1,3,3,3,3,3,3,3,3,3,3,1,0,0,1,0,0,0,0,0,0,0,0,0,0,1,0,0,1,3,3,
 3,3,3,3,3,3,1,0,0,0,0,1,3,3,3,3,3,3,3,3,3,3,3,3,3,3,3,3,3,3,1,0,0,0,0,1,3,3,3,3,3,3,3,3,3,3,3,3,3,3,1,0,0,0,0,0,0,0,0,0,0,0,0,0,0,0,0,1,3,3,
 3,3,3,3,3,3,1,0,0,0,0,1,3,3,3,3,3,3,3,3,3,3,3,3,3,3,3,3,3,3,1,0,0,0,0,1,3,3,3,3,3,3,3,3,3,3,3,3,3,3,1,0,0,0,0,1,1,1,1,1,1,1,1,0,0,0,0,1,3,3,
 3,3,3,3,3,3,1,0,0,0,0,1,3,3,3,3,3,3,1,1,1,1,1,1,1,1,1,1,1,1,1,0,0,0,0,1,1,1,1,1,1,1,1,1,1,1,1,1,3,3,1,0,0,0,0,1,3,3,3,3,3,3,1,0,0,0,0,1,3,3,
@@ -204,12 +204,12 @@
 3,3,1,0,0,0,0,1,1,1,1,1,3,3,3,3,3,3,1,4,0,0,0,1,1,0,0,0,0,0,0,1,3,3,1,0,0,0,0,0,0,1,1,0,0,0,0,1,3,3,1,0,0,0,0,1,3,3,3,3,3,3,1,0,0,0,0,1,3,3,
 3,3,1,0,0,0,0,1,3,3,3,3,3,3,3,3,3,3,1,4,0,0,0,1,1,0,0,0,0,0,0,1,3,3,1,0,0,0,0,0,0,1,1,0,0,0,0,1,3,3,1,0,0,0,0,1,3,3,3,3,3,3,1,0,0,0,0,1,3,3,
 3,3,1,0,0,0,0,1,3,3,3,3,3,3,3,3,3,3,1,0,0,0,0,1,1,0,0,0,0,0,0,1,3,3,1,0,0,0,0,0,0,1,1,0,0,0,0,1,3,3,1,0,0,0,0,1,3,3,3,3,3,3,1,0,0,0,0,1,3,3,
-3,3,1,0,0,0,0,1,3,3,3,3,3,3,3,3,3,3,1,0,0,0,0,1,1,0,0,0,0,0,0,1,3,3,1,0,0,0,0,0,0,0,0,0,0,0,0,1,3,3,1,0,0,0,0,1,3,3,3,3,3,3,1,0,0,0,0,1,3,3,
-3,3,1,0,0,0,0,1,3,3,3,3,3,3,3,3,3,3,1,0,0,0,0,1,1,0,0,0,0,0,0,1,3,3,1,0,0,0,0,0,0,1,1,0,0,0,0,1,3,3,1,0,0,0,0,1,3,3,3,3,3,3,1,0,0,0,0,1,3,3,
-3,3,1,0,0,0,0,1,3,3,3,3,3,3,3,3,3,3,1,0,0,0,0,1,1,0,0,0,0,0,0,1,1,1,1,0,0,0,0,0,0,1,1,0,0,0,0,1,3,3,1,0,0,0,0,1,3,3,3,3,3,3,1,0,0,0,0,1,3,3,
+3,3,1,0,1,1,0,1,3,3,3,3,3,3,3,3,3,3,1,0,0,0,0,1,1,0,0,0,0,0,0,1,3,3,1,0,0,0,0,0,0,0,0,0,0,0,0,1,3,3,1,0,0,0,0,1,3,3,3,3,3,3,1,0,0,0,0,1,3,3,
+3,3,1,0,1,1,0,1,3,3,3,3,3,3,3,3,3,3,1,0,0,0,0,1,1,0,0,0,0,0,0,1,3,3,1,0,0,0,0,0,0,1,1,0,0,0,0,1,3,3,1,0,0,0,0,1,3,3,3,3,3,3,1,0,0,0,0,1,3,3,
+3,3,1,0,4,0,0,1,3,3,3,3,3,3,3,3,3,3,1,0,0,0,0,1,1,0,0,0,0,0,0,1,1,1,1,0,0,0,0,0,0,1,1,0,0,0,0,1,3,3,1,0,0,0,0,1,3,3,3,3,3,3,1,0,0,0,0,1,3,3,
 3,3,1,0,0,0,0,1,3,3,3,3,3,3,3,3,3,3,1,1,1,0,1,1,1,0,0,0,0,0,0,0,0,0,0,0,0,0,0,0,0,1,1,1,1,1,1,1,3,3,1,0,0,0,0,1,3,3,3,3,3,3,1,0,0,0,0,1,3,3,
 3,3,1,0,0,0,0,1,1,1,1,1,1,1,1,1,3,3,1,1,1,0,1,1,1,0,0,0,0,0,0,0,0,0,0,0,0,0,0,0,0,1,1,1,1,1,1,1,3,3,1,0,0,0,0,1,3,3,3,3,3,3,1,0,0,0,0,1,3,3,
-3,3,1,0,0,0,0,0,0,0,0,0,0,0,4,1,3,3,1,0,0,0,0,1,1,0,0,0,0,0,0,0,0,0,0,0,0,0,0,0,0,1,1,4,4,0,0,1,3,3,1,0,0,0,0,1,3,3,3,3,3,3,1,0,0,0,0,1,3,3,
+3,3,1,0,0,0,0,0,0,0,0,0,0,0,0,1,3,3,1,0,0,0,0,1,1,0,0,0,0,0,0,0,0,0,0,0,0,0,0,0,0,1,1,4,4,0,0,1,3,3,1,0,0,0,0,1,3,3,3,3,3,3,1,0,0,0,0,1,3,3,
 3,3,1,0,0,0,0,0,0,0,0,0,0,0,0,1,3,3,1,0,0,0,0,1,1,0,0,0,0,0,0,0,0,0,0,0,0,0,0,0,0,1,1,0,0,0,0,1,1,1,1,0,0,0,0,1,3,3,3,3,3,3,1,0,0,0,0,1,3,3,
 3,3,1,0,0,0,0,0,0,0,0,0,0,0,0,1,3,3,1,0,0,0,0,1,1,0,0,0,0,0,0,1,1,1,1,0,0,0,0,0,0,1,1,0,0,0,0,0,0,0,0,0,0,0,0,1,3,3,3,3,3,3,1,0,0,0,0,1,3,3,
 3,3,1,0,0,0,0,0,0,0,0,0,0,0,0,1,3,3,1,0,0,0,0,0,0,0,0,0,0,0,0,1,3,3,1,0,0,0,0,0,0,1,1,0,0,0,0,0,0,0,0,0,0,0,0,1,3,3,3,3,3,3,1,0,0,0,0,1,3,3,
@@ -219,8 +219,8 @@
 3,3,3,3,3,3,3,3,3,3,1,0,0,0,0,1,3,3,1,1,1,1,1,1,1,0,0,0,0,0,0,1,3,3,1,0,0,0,0,0,0,1,1,1,0,1,1,1,3,3,3,3,3,3,3,3,3,3,3,3,3,3,1,0,0,0,0,1,3,3,
 3,3,3,3,3,3,3,3,3,3,1,0,0,0,0,1,3,3,1,4,0,0,0,1,1,0,0,0,0,0,0,1,1,1,1,0,0,0,0,0,0,1,1,4,0,0,0,1,3,3,3,3,3,3,3,3,3,3,3,3,3,3,1,0,0,0,0,1,3,3,
 3,3,3,3,3,3,3,3,3,3,1,0,0,0,0,1,3,3,1,4,0,0,0,1,1,0,0,0,0,0,0,2,2,2,2,0,0,0,0,0,0,1,1,4,0,0,0,1,3,3,1,1,1,1,1,1,1,1,1,1,1,1,1,0,0,0,0,1,3,3,
-3,3,3,3,3,3,3,3,3,3,1,0,0,0,0,1,3,3,1,4,0,0,0,1,1,0,0,0,0,0,0,2,4,4,2,0,0,0,0,0,0,1,1,0,0,0,0,1,3,3,1,0,0,0,0,0,0,0,0,0,0,0,0,0,0,0,0,1,3,3,
-3,3,3,3,3,3,3,3,3,3,1,0,0,0,0,1,3,3,1,0,0,0,0,1,1,0,0,0,0,0,0,2,2,2,2,0,0,0,0,0,0,1,1,0,0,0,0,1,3,3,1,0,0,0,0,0,0,0,0,0,0,0,0,0,0,0,0,1,3,3,
+3,3,3,3,3,3,3,3,3,3,1,0,0,0,0,1,3,3,1,4,0,0,0,1,1,0,0,0,0,0,0,2,4,4,2,0,0,0,0,0,0,1,1,0,0,0,0,1,3,3,1,4,0,0,0,0,0,0,0,0,0,0,0,0,0,0,0,1,3,3,
+3,3,3,3,3,3,3,3,3,3,1,0,0,0,0,1,3,3,1,0,0,0,0,1,1,0,0,0,0,0,0,2,2,2,2,0,0,0,0,0,0,1,1,0,0,0,0,1,3,3,1,4,0,0,0,0,0,0,0,0,0,0,0,0,0,0,0,1,3,3,
 3,3,3,3,3,3,3,3,3,3,1,0,0,0,0,1,3,3,1,0,0,0,0,0,0,0,0,0,0,0,1,0,0,0,0,1,0,0,0,0,0,0,0,0,0,0,0,1,3,3,1,0,0,0,0,0,0,0,0,0,0,0,0,0,0,0,0,1,3,3,
 3,3,3,3,3,3,3,3,3,3,1,0,0,0,0,1,3,3,1,0,0,0,0,1,1,0,0,0,0,0,0,0,0,0,0,0,0,0,0,0,0,1,1,0,0,0,0,1,3,3,1,0,0,0,0,0,0,0,0,0,0,0,0,0,0,0,0,1,3,3,
 3,3,3,3,3,3,3,3,3,3,1,0,0,0,0,1,3,3,1,0,0,0,0,1,1,0,0,0,0,0,0,0,0,0,0,0,0,0,0,0,0,1,1,0,0,0,0,1,3,3,1,0,0,0,0,1,1,1,1,1,1,1,1,1,1,1,1,1,3,3,
@@ -233,14 +233,14 @@
 3,3,3,3,3,3,3,3,3,3,1,0,0,0,0,0,0,0,0,0,0,0,0,0,0,0,0,1,1,0,0,0,0,0,0,1,3,3,1,1,1,1,1,1,1,1,1,1,1,1,1,0,0,0,0,1,1,1,1,1,3,3,3,3,3,3,3,3,3,3,
 3,3,3,3,3,3,3,3,3,3,1,0,0,0,0,0,0,0,0,0,0,0,0,0,0,0,0,1,1,0,0,0,0,0,0,1,3,3,1,0,0,0,0,0,0,0,0,0,0,0,0,0,0,0,0,0,0,0,0,1,3,3,3,3,3,3,3,3,3,3,
 3,3,3,3,3,3,3,3,3,3,1,0,0,0,0,0,0,0,0,0,0,0,0,0,0,0,1,1,1,0,0,0,0,0,0,1,3,3,1,0,0,0,0,0,0,0,0,0,0,0,0,0,0,0,0,0,0,0,0,1,3,3,3,3,3,3,3,3,3,3,
-3,3,3,3,3,3,3,3,3,3,1,1,1,1,1,1,1,1,1,1,1,1,1,1,1,1,1,3,1,1,1,1,1,1,1,1,3,3,1,0,0,0,4,2,2,2,2,0,0,0,0,2,2,2,2,0,0,0,0,1,3,3,3,3,3,3,3,3,3,3,
+3,3,3,3,3,3,3,3,3,3,1,1,1,1,1,1,1,1,1,1,1,1,1,1,1,1,1,3,1,1,1,1,1,1,1,1,3,3,1,0,0,0,4,2,2,2,2,4,0,0,4,2,2,2,2,0,0,0,0,1,3,3,3,3,3,3,3,3,3,3,
 3,3,3,3,3,3,3,3,3,3,3,3,3,3,3,3,3,3,3,3,3,3,3,3,3,3,3,3,3,3,3,3,3,3,3,3,3,3,1,0,0,0,0,2,4,4,2,0,0,0,0,2,4,4,2,0,0,0,0,1,3,3,3,3,3,3,3,3,3,3,
 3,3,3,3,3,3,3,3,3,3,3,3,3,3,3,3,3,3,3,3,3,3,3,3,3,3,3,3,3,3,3,3,3,3,3,3,3,3,1,0,0,0,0,2,4,4,2,0,0,0,0,2,4,4,2,0,0,0,0,1,3,3,3,3,3,3,3,3,3,3,
 3,3,3,3,3,3,3,3,3,3,3,3,3,3,3,3,3,3,3,3,3,3,3,3,3,3,3,3,3,3,3,3,3,3,3,3,3,3,1,0,0,0,0,2,2,2,2,4,4,4,4,2,2,2,2,0,0,0,0,1,3,3,3,3,3,3,3,3,3,3,
-3,3,3,3,3,3,3,3,3,3,3,3,3,3,3,3,3,3,3,3,3,3,3,3,3,3,3,3,3,3,3,3,3,3,3,3,3,3,1,4,0,0,0,0,0,0,0,0,0,0,0,4,0,0,0,0,0,0,0,1,3,3,3,3,3,3,3,3,3,3,
+3,3,3,3,3,3,3,3,3,3,3,3,3,3,3,3,3,3,3,3,3,3,3,3,3,3,3,3,3,3,3,3,3,3,3,3,3,3,1,4,0,0,0,0,0,0,0,0,0,0,0,4,0,0,4,0,0,0,0,1,3,3,3,3,3,3,3,3,3,3,
 3,3,3,3,3,3,3,3,3,3,3,3,3,3,3,3,3,3,3,3,3,3,3,3,3,3,3,3,3,3,3,3,3,3,3,3,3,3,1,0,0,0,0,0,0,0,0,0,4,0,0,4,0,0,0,0,0,0,0,1,3,3,3,3,3,3,3,3,3,3,
-3,3,3,3,3,3,3,3,3,3,3,3,3,3,3,3,3,3,3,3,3,3,3,3,3,3,3,3,3,3,3,3,3,3,3,3,3,3,1,0,0,0,0,0,0,0,0,0,0,0,0,4,0,0,0,0,0,0,0,1,3,3,3,3,3,3,3,3,3,3,
-3,3,3,3,3,3,3,3,3,3,3,3,3,3,3,3,3,3,3,3,3,3,3,3,3,3,3,3,3,3,3,3,3,3,3,3,3,3,1,4,0,0,0,0,0,0,0,0,0,0,0,4,0,0,0,0,0,0,0,1,3,3,3,3,3,3,3,3,3,3,
+3,3,3,3,3,3,3,3,3,3,3,3,3,3,3,3,3,3,3,3,3,3,3,3,3,3,3,3,3,3,3,3,3,3,3,3,3,3,1,0,0,0,0,0,0,0,0,0,0,0,0,4,0,4,0,0,0,0,0,1,3,3,3,3,3,3,3,3,3,3,
+3,3,3,3,3,3,3,3,3,3,3,3,3,3,3,3,3,3,3,3,3,3,3,3,3,3,3,3,3,3,3,3,3,3,3,3,3,3,1,4,0,0,0,0,0,0,0,0,0,0,0,4,0,0,4,0,0,0,0,1,3,3,3,3,3,3,3,3,3,3,
 3,3,3,3,3,3,3,3,3,3,3,3,3,3,3,3,3,3,3,3,3,3,3,3,3,3,3,3,3,3,3,3,3,3,3,3,3,3,1,0,0,0,0,2,2,2,2,0,4,4,0,2,2,2,2,0,0,0,0,1,3,3,3,3,3,3,3,3,3,3,
 3,3,3,3,3,3,3,3,3,3,3,3,3,3,3,3,3,3,3,3,3,3,3,3,3,3,3,3,3,3,3,3,3,3,3,3,3,3,1,0,0,0,0,2,4,4,2,0,0,0,0,2,4,4,2,0,0,0,0,1,3,3,3,3,3,3,3,3,3,3,
 3,3,3,3,3,3,3,3,3,3,3,3,3,3,3,3,3,3,3,3,3,3,3,3,3,3,3,3,3,3,3,3,3,3,3,3,3,3,1,0,0,0,0,2,4,4,2,0,0,0,0,2,4,4,2,0,0,0,0,1,3,3,3,3,3,3,3,3,3,3,
@@ -347,21 +347,21 @@
     <property name="tooltip" value="Treasure Chest"/>
    </properties>
   </object>
-  <object id="40" type="on_trigger" x="1632" y="256" width="32" height="32">
+  <object id="40" type="on_trigger" x="1632" y="1248" width="32" height="32">
    <properties>
     <property name="hotspot" value="location"/>
     <property name="loot" value="loot/level_3.txt"/>
-    <property name="mapmod" value="object,51,8,163"/>
+    <property name="mapmod" value="object,51,39,163"/>
     <property name="repeat" value="false"/>
     <property name="soundfx" value="soundfx/wood_open.ogg"/>
     <property name="tooltip" value="Crate"/>
    </properties>
   </object>
-  <object id="41" type="on_trigger" x="1696" y="224" width="32" height="32">
+  <object id="41" type="on_trigger" x="1696" y="256" width="32" height="32">
    <properties>
     <property name="hotspot" value="location"/>
     <property name="loot" value="loot/level_3.txt"/>
-    <property name="mapmod" value="object,53,7,162"/>
+    <property name="mapmod" value="object,53,8,162"/>
     <property name="repeat" value="false"/>
     <property name="soundfx" value="soundfx/wood_open.ogg"/>
     <property name="tooltip" value="Barrel"/>
@@ -377,11 +377,11 @@
     <property name="tooltip" value="Crate"/>
    </properties>
   </object>
-  <object id="43" type="on_trigger" x="448" y="928" width="32" height="32">
+  <object id="43" type="on_trigger" x="128" y="832" width="32" height="32">
    <properties>
     <property name="hotspot" value="location"/>
     <property name="loot" value="loot/level_3.txt"/>
-    <property name="mapmod" value="object,14,29,162"/>
+    <property name="mapmod" value="object,4,26,162"/>
     <property name="repeat" value="false"/>
     <property name="soundfx" value="soundfx/wood_open.ogg"/>
     <property name="tooltip" value="Barrel"/>
@@ -412,6 +412,21 @@
     <property name="soundfx" value="soundfx/environment/cave_wind_loop.ogg"/>
    </properties>
   </object>
+  <object id="51" type="on_trigger" x="1696" y="1888" width="32" height="32">
+   <properties>
+    <property name="hotspot" value="location"/>
+    <property name="loot" value="loot/level_3.txt"/>
+    <property name="mapmod" value="object,53,59,162"/>
+    <property name="repeat" value="false"/>
+    <property name="soundfx" value="soundfx/wood_open.ogg"/>
+    <property name="tooltip" value="Barrel"/>
+   </properties>
+  </object>
+  <object id="52" name="brazier sound effect" type="on_load" x="1728" y="1824" width="32" height="32">
+   <properties>
+    <property name="soundfx" value="soundfx/environment/open_fire_loop.ogg"/>
+   </properties>
+  </object>
  </objectgroup>
  <objectgroup name="enemy" visible="0">
   <object id="12" type="undead" x="992" y="864" width="128" height="128">
