diff --git a/mods/empyrean_campaign/maps/stonewood.txt b/mods/empyrean_campaign/maps/stonewood.txt
index 6a8f3bc02ffeec6d15b4901fb30b3e490800e264..3ca7d187b3fdc2c3c9808827d65e366736d8bd0e 100644
--- a/mods/empyrean_campaign/maps/stonewood.txt
+++ b/mods/empyrean_campaign/maps/stonewood.txt
@@ -54,12 +54,12 @@ data=
 0,0,0,0,0,0,0,0,0,0,0,0,0,0,21,22,23,0,21,22,23,20,0,0,0,20,21,22,23,20,0,0,0,0,0,25,26,27,24,25,26,27,24,25,26,27,24,25,26,192,206,198,200,198,200,194,27,24,25,26,27,24,25,26,0,0,0,0,0,0,0,26,27,24,0,0,0,0,0,0,27,24,25,26,27,24,25,26,27,24,25,26,27,24,0,0,0,0,0,0,
 0,0,0,0,0,0,0,0,0,31,28,0,0,0,0,0,0,0,25,26,27,24,25,26,27,24,25,26,27,24,0,0,0,0,28,29,30,31,28,29,30,31,28,29,30,31,28,29,30,159,163,188,189,190,191,150,31,28,29,30,31,28,29,30,31,28,0,0,0,0,0,0,0,0,0,0,0,0,0,0,0,28,29,30,31,28,29,30,31,28,29,30,0,0,0,0,0,0,0,0,
 0,0,0,0,0,0,0,0,18,19,16,17,18,0,0,0,0,0,0,30,31,28,29,30,31,28,29,30,0,0,0,0,0,19,16,17,18,19,16,0,0,19,16,17,18,19,16,17,18,19,144,176,177,178,179,150,19,16,17,18,19,16,17,18,19,16,0,0,0,0,0,0,0,0,0,0,0,0,17,0,0,16,17,18,19,16,17,18,19,16,0,0,0,0,0,0,0,0,0,0,
-0,0,0,0,0,0,0,21,22,32,32,35,35,0,0,0,0,0,0,0,0,0,17,18,19,16,17,18,0,0,0,0,0,0,20,21,22,23,20,0,0,0,0,21,22,23,20,21,22,23,148,180,181,182,183,150,23,20,21,22,23,20,21,22,23,20,0,0,0,0,0,0,0,0,0,0,0,20,21,0,0,20,21,22,23,20,21,22,23,20,0,0,0,0,0,0,0,0,0,0,
-0,0,0,0,0,0,0,25,36,0,0,0,238,38,24,25,0,0,0,0,0,0,0,22,23,20,21,22,0,0,0,0,0,0,24,25,26,27,24,0,0,0,0,0,26,27,24,25,26,152,160,184,185,186,187,150,27,24,25,26,27,24,25,26,27,24,0,0,0,0,0,0,0,0,25,26,27,24,25,26,27,24,25,26,27,24,25,26,27,24,0,0,0,0,0,0,0,0,0,0,
-0,0,0,0,0,0,0,29,38,0,0,0,237,37,28,29,30,31,28,0,0,0,0,0,0,0,25,26,0,0,0,0,0,0,28,29,30,31,28,29,0,0,0,0,0,0,28,29,30,144,191,188,189,190,191,165,157,28,29,30,31,28,29,30,31,28,0,0,0,0,0,0,0,28,29,30,31,28,29,30,31,28,29,30,31,28,29,30,31,28,29,0,0,0,0,0,0,0,0,0,
-0,0,0,0,0,0,0,17,37,0,0,0,236,37,16,17,18,19,16,17,18,0,0,0,0,0,0,0,0,0,0,0,0,0,16,17,18,19,16,17,18,0,0,0,0,0,0,0,18,148,179,176,177,178,179,176,150,16,17,18,19,16,17,18,19,16,17,0,0,0,0,0,19,16,17,18,19,16,17,18,19,16,17,18,19,16,17,18,19,16,17,0,0,0,0,0,0,0,0,0,
-0,0,0,0,0,0,0,0,36,232,233,234,235,38,20,21,22,23,20,21,22,23,0,0,0,0,0,0,0,0,0,0,0,0,0,21,22,23,20,21,22,23,0,0,0,0,0,0,22,148,183,180,181,182,183,180,146,20,21,0,0,20,21,22,23,20,21,22,0,0,0,22,23,20,21,22,0,0,0,22,23,20,21,22,23,20,21,22,23,20,21,0,0,0,0,0,0,0,0,0,
-0,0,0,0,0,0,0,0,26,32,32,32,32,27,24,25,26,27,24,25,26,27,0,0,0,0,0,0,0,27,24,0,0,0,0,0,0,0,24,25,26,27,0,0,0,0,0,0,26,144,187,184,185,186,187,166,158,24,25,0,0,0,0,26,27,24,25,26,27,24,25,26,27,24,25,26,0,0,0,0,0,0,25,26,27,24,25,26,27,24,25,0,0,0,0,0,0,0,0,0,
+0,0,0,0,0,0,0,21,22,21,21,21,17,0,0,0,0,0,0,0,0,0,17,18,19,16,17,18,0,0,0,0,0,0,20,21,22,23,20,0,0,0,0,21,22,23,20,21,22,23,148,180,181,182,183,150,23,20,21,22,23,20,21,22,23,20,0,0,0,0,0,0,0,0,0,0,0,20,21,0,0,20,21,22,23,20,21,22,23,20,0,0,0,0,0,0,0,0,0,0,
+0,0,0,0,0,0,0,25,19,34,33,35,24,18,24,25,0,0,0,0,0,0,0,22,23,20,21,22,0,0,0,0,0,0,24,25,26,27,24,0,0,0,0,0,26,27,24,25,26,152,160,184,185,186,187,150,27,24,25,26,27,24,25,26,27,24,0,0,0,0,0,0,0,0,25,26,27,24,25,26,27,24,25,26,27,24,25,26,27,24,0,0,0,0,0,0,0,0,0,0,
+0,0,0,0,0,0,0,29,20,26,38,39,27,18,28,29,30,31,28,0,0,0,0,0,0,0,25,26,0,0,0,0,0,0,28,29,30,31,28,29,0,0,0,0,0,0,28,29,30,144,191,188,189,190,191,165,157,28,29,30,31,28,29,30,31,28,0,0,0,0,0,0,0,28,29,30,31,28,29,30,31,28,29,30,31,28,29,30,31,28,29,0,0,0,0,0,0,0,0,0,
+0,0,0,0,0,0,0,17,20,38,34,37,19,26,16,17,18,19,16,17,18,0,0,0,0,0,0,0,0,0,0,0,0,0,16,17,18,19,16,17,18,0,0,0,0,0,0,0,18,148,179,176,177,178,179,176,150,16,17,18,19,16,17,18,19,16,17,0,0,0,0,0,19,16,17,18,19,16,17,18,19,16,17,18,19,16,17,18,19,16,17,0,0,0,0,0,0,0,0,0,
+0,0,0,0,0,0,0,0,20,21,22,18,21,21,20,21,22,23,20,21,22,23,0,0,0,0,0,0,0,0,0,0,0,0,0,21,22,23,20,21,22,23,0,0,0,0,0,0,22,148,183,180,181,182,183,180,146,20,21,0,0,20,21,22,23,20,21,22,0,0,0,22,23,20,21,22,0,0,0,22,23,20,21,22,23,20,21,22,23,20,21,0,0,0,0,0,0,0,0,0,
+0,0,0,0,0,0,0,0,26,19,17,20,20,27,24,25,26,27,24,25,26,27,0,0,0,0,0,0,0,27,24,0,0,0,0,0,0,0,24,25,26,27,0,0,0,0,0,0,26,144,187,184,185,186,187,166,158,24,25,0,0,0,0,26,27,24,25,26,27,24,25,26,27,24,25,26,0,0,0,0,0,0,25,26,27,24,25,26,27,24,25,0,0,0,0,0,0,0,0,0,
 0,0,0,0,0,0,0,0,0,0,28,29,30,31,0,0,30,31,28,29,30,31,0,0,0,0,0,0,30,31,28,29,0,0,0,0,0,0,0,29,30,31,28,29,0,0,0,0,30,155,167,188,189,190,191,146,31,28,29,0,0,0,0,0,0,28,29,30,31,28,29,30,31,28,29,0,0,0,0,0,0,0,29,30,31,28,29,30,31,28,0,0,0,0,0,0,0,0,0,0,
 0,0,0,0,0,0,0,0,0,0,0,0,0,0,0,0,0,0,0,17,18,19,0,0,0,0,0,17,18,19,16,17,0,0,0,0,0,0,0,0,18,19,16,17,0,0,0,17,18,19,148,176,177,178,179,150,19,16,17,18,19,0,0,0,0,16,17,18,19,16,17,18,19,16,0,0,0,0,0,0,0,0,0,18,19,16,17,18,19,0,0,0,0,0,0,0,0,0,0,0,
 0,0,0,0,0,0,0,0,0,0,0,0,0,0,0,0,0,0,0,21,22,23,20,0,0,0,0,21,22,23,20,21,22,23,0,0,0,0,0,0,22,23,20,21,0,0,0,0,22,23,144,180,181,182,183,165,157,20,21,22,23,20,0,0,0,0,21,22,23,20,21,22,23,20,0,0,0,0,0,0,0,0,0,0,0,20,21,22,0,0,0,0,0,0,0,0,0,0,0,0,
@@ -81,10 +81,10 @@ data=
 0,0,0,0,0,0,0,0,0,23,20,21,22,23,0,0,0,23,20,21,22,0,0,0,0,0,0,21,22,23,20,21,0,0,0,0,0,0,0,0,0,0,0,0,0,0,20,21,22,23,0,0,0,23,148,180,181,182,183,161,157,16,16,0,0,0,0,0,0,0,0,0,0,0,0,0,0,0,0,0,0,0,0,0,0,0,0,0,0,0,0,0,0,0,0,0,0,0,0,0,
 0,0,0,0,0,0,0,0,0,0,24,25,26,27,0,0,26,27,24,25,26,27,0,0,0,0,0,25,26,27,24,25,0,0,0,0,0,0,24,25,26,27,0,0,0,27,24,25,26,27,24,0,0,27,144,184,185,186,187,184,165,149,153,16,0,0,0,0,0,0,0,0,0,0,0,0,0,0,0,0,0,0,0,0,0,0,0,0,0,0,0,0,0,0,0,0,0,0,0,0,
 0,0,0,0,0,0,0,0,0,0,28,29,30,31,28,0,30,31,28,29,30,31,28,0,0,0,0,0,30,31,28,0,0,0,0,0,0,31,28,29,30,31,28,29,30,31,28,29,30,31,28,29,30,31,144,188,189,190,191,188,189,190,165,153,16,0,0,0,0,0,0,0,0,0,0,0,0,0,0,0,0,0,0,0,0,0,0,0,0,0,0,0,0,0,0,0,0,0,0,0,
-0,0,0,0,0,0,0,0,0,0,16,17,18,19,16,17,18,19,16,42,39,43,16,17,0,0,0,0,0,19,16,17,0,0,0,0,18,19,16,17,18,19,16,17,18,19,16,17,18,19,16,17,18,152,164,176,177,178,162,151,151,163,176,161,153,16,0,0,0,0,0,0,0,0,0,0,0,0,0,0,0,0,0,0,0,0,0,0,0,0,0,0,0,0,0,0,0,0,0,0,
-0,0,0,0,0,0,0,0,0,0,0,0,22,23,20,21,22,23,20,33,33,34,20,21,22,23,20,0,0,23,20,21,22,0,0,0,22,23,20,21,22,23,20,21,22,23,20,21,22,23,20,21,22,144,183,180,181,182,146,18,19,159,163,176,161,150,0,0,0,0,0,0,0,0,0,0,0,0,0,0,0,0,0,0,0,0,0,0,0,0,0,0,0,0,0,0,0,0,0,0,
-0,0,0,0,0,0,0,0,0,0,0,0,0,27,24,25,26,27,24,41,36,40,24,25,26,27,24,25,26,27,24,25,26,27,0,0,26,27,24,25,26,0,0,0,26,27,24,25,26,27,24,25,156,160,187,184,162,151,154,22,23,20,144,180,181,146,0,0,0,0,0,0,0,0,0,0,0,0,0,0,0,0,0,0,0,0,0,0,0,0,0,0,0,0,0,0,0,0,0,0,
-0,0,0,0,0,0,0,0,0,0,0,0,0,31,28,29,30,31,28,29,30,31,28,29,30,31,28,29,30,31,28,29,30,31,28,29,30,31,28,29,30,31,0,0,0,0,28,29,30,31,28,29,155,163,191,188,150,24,25,26,27,24,159,167,185,150,16,0,0,0,0,0,0,0,0,0,0,0,0,0,0,0,0,0,0,0,0,0,0,0,0,0,0,0,0,0,0,0,0,0,
+0,0,0,0,0,0,0,0,0,0,16,17,18,19,16,17,18,19,16,25,25,21,16,17,0,0,0,0,0,19,16,17,0,0,0,0,18,19,16,17,18,19,16,17,18,19,16,17,18,19,16,17,18,152,164,176,177,178,162,151,151,163,176,161,153,16,0,0,0,0,0,0,0,0,0,0,0,0,0,0,0,0,0,0,0,0,0,0,0,0,0,0,0,0,0,0,0,0,0,0,
+0,0,0,0,0,0,0,0,0,0,0,0,22,23,20,21,22,23,20,18,20,18,20,21,22,23,20,0,0,23,20,21,22,0,0,0,22,23,20,21,22,23,20,21,22,23,20,21,22,23,20,21,22,144,183,180,181,182,146,18,19,159,163,176,161,150,0,0,0,0,0,0,0,0,0,0,0,0,0,0,0,0,0,0,0,0,0,0,0,0,0,0,0,0,0,0,0,0,0,0,
+0,0,0,0,0,0,0,0,0,0,0,0,0,27,24,25,26,27,24,19,16,21,24,25,26,27,24,25,26,27,24,25,26,27,0,0,26,27,24,25,26,0,0,0,26,27,24,25,26,27,24,25,156,160,187,184,162,151,154,22,23,20,144,180,181,146,0,0,0,0,0,0,0,0,0,0,0,0,0,0,0,0,0,0,0,0,0,0,0,0,0,0,0,0,0,0,0,0,0,0,
+0,0,0,0,0,0,0,0,0,0,0,0,0,31,28,29,30,31,28,29,30,21,28,29,30,31,28,29,30,31,28,29,30,31,28,29,30,31,28,29,30,31,0,0,0,0,28,29,30,31,28,29,155,163,191,188,150,24,25,26,27,24,159,167,185,150,16,0,0,0,0,0,0,0,0,0,0,0,0,0,0,0,0,0,0,0,0,0,0,0,0,0,0,0,0,0,0,0,0,0,
 0,0,0,0,0,0,0,0,0,0,0,0,0,0,16,17,18,19,16,17,18,19,16,17,18,19,16,17,18,19,16,17,18,19,16,17,18,19,16,17,18,19,16,0,0,0,0,17,18,19,16,17,18,148,179,176,150,28,29,30,31,28,29,155,167,162,158,0,0,0,0,0,0,0,0,0,0,0,0,0,0,0,0,0,0,0,0,0,0,0,0,0,0,0,0,0,0,0,0,0,
 0,0,0,0,0,0,0,0,0,0,0,0,0,0,20,21,22,23,20,21,22,23,20,21,22,23,20,21,22,23,20,21,22,23,20,21,22,23,20,21,22,23,20,0,0,0,0,0,22,23,20,21,22,148,183,180,165,157,17,18,19,16,17,18,144,146,0,0,0,0,0,0,0,0,0,0,0,0,0,0,0,0,0,0,0,0,0,0,0,0,0,0,0,0,0,0,0,0,0,0,
 0,0,0,0,0,0,0,0,0,0,0,0,0,0,24,25,26,27,24,0,0,27,24,25,26,27,24,25,26,27,24,25,26,27,24,25,26,27,24,25,26,27,24,25,0,0,0,0,26,27,24,25,26,159,167,184,185,146,21,22,23,20,21,22,144,150,16,0,0,0,0,0,0,0,0,0,0,0,0,0,0,0,0,0,0,0,0,0,0,0,0,0,0,0,0,0,0,0,0,0,
@@ -138,12 +138,12 @@ data=
 0,0,0,0,0,0,0,0,0,0,0,0,0,59,71,246,0,70,67,0,0,0,54,0,60,53,64,0,127,0,54,0,0,0,56,64,0,0,0,0,0,0,0,0,0,0,127,0,0,0,0,0,0,0,0,0,0,125,126,126,0,0,0,0,54,0,0,0,0,0,0,48,0,0,66,51,55,62,0,0,52,0,0,0,124,0,0,0,125,0,126,0,0,0,50,0,0,0,0,0,
 0,0,0,0,0,0,0,0,60,49,49,57,0,0,59,55,51,58,48,0,248,0,69,49,64,254,117,0,0,0,50,0,0,60,68,246,127,0,0,0,127,0,127,0,0,0,0,0,0,126,0,0,0,0,0,0,0,0,0,0,0,126,0,0,69,49,57,0,0,0,0,63,55,51,58,0,0,0,0,0,59,71,0,0,0,0,0,0,0,0,0,0,70,51,62,0,0,0,0,0,
 0,0,0,0,0,0,0,56,68,0,247,65,53,57,0,0,0,0,63,67,0,117,127,0,0,0,127,0,70,55,58,0,0,48,254,0,112,0,0,0,0,0,0,0,0,0,0,0,124,0,0,0,0,0,0,0,0,0,0,0,0,127,0,0,245,0,50,0,0,0,0,0,0,0,0,0,0,56,49,57,0,52,120,241,0,0,0,0,0,0,70,55,58,0,0,0,0,0,0,0,
-0,0,0,0,0,0,0,48,125,0,240,244,0,50,0,0,0,0,0,63,55,55,67,121,0,0,0,0,54,0,0,0,0,59,67,127,0,127,0,0,66,55,51,71,0,0,0,0,0,0,0,0,0,0,0,0,122,126,0,0,0,0,0,121,0,0,54,0,0,0,0,0,0,0,0,0,56,64,242,54,0,52,122,126,0,0,124,0,0,0,54,0,0,0,0,0,0,0,0,0,
-0,0,0,0,0,0,0,52,241,0,0,0,0,65,49,53,57,0,0,0,0,0,59,71,0,0,250,0,54,0,0,0,0,0,52,0,0,0,0,70,58,0,0,59,67,0,255,0,0,0,126,0,0,0,0,0,120,124,0,0,0,0,0,0,0,0,50,0,0,0,0,0,0,60,49,53,64,0,116,65,53,64,0,0,0,0,0,0,0,0,50,0,0,0,0,0,0,0,0,0,
-0,0,0,0,0,0,0,48,0,0,0,0,0,0,245,117,69,49,53,57,0,0,0,59,51,55,71,0,50,0,0,0,0,0,52,0,0,0,0,65,57,0,0,0,63,55,67,0,0,0,0,0,0,0,0,0,122,0,125,0,0,0,0,0,0,0,54,0,0,0,0,0,0,48,244,114,0,0,0,0,0,0,126,0,0,0,0,0,0,0,65,57,0,0,0,0,0,0,0,0,
-0,0,0,0,0,0,0,48,245,0,0,0,0,126,92,0,0,0,0,65,49,61,0,0,0,0,63,55,58,0,0,0,0,0,48,0,255,0,0,0,65,61,0,0,0,0,63,55,67,0,0,0,0,0,0,0,0,0,0,0,0,0,240,0,0,125,65,57,0,0,0,56,49,68,0,0,0,0,127,0,0,0,0,0,0,0,125,0,117,242,0,54,0,0,0,0,0,0,0,0,
-0,0,0,0,0,0,0,59,67,0,0,0,0,0,92,0,127,0,0,245,116,65,57,0,0,0,0,0,0,0,0,0,0,0,63,67,0,0,125,0,0,69,61,0,0,0,0,0,52,0,254,0,0,0,0,0,0,125,0,70,55,71,0,0,240,0,116,65,57,0,60,64,124,127,121,0,66,51,55,67,0,0,0,0,0,0,0,0,122,113,0,54,0,0,0,0,0,0,0,0,
-0,0,0,0,0,0,0,0,48,0,0,0,0,0,0,0,0,0,125,0,0,0,54,0,0,0,0,0,56,49,49,57,0,0,0,63,55,55,67,0,0,248,54,0,0,0,0,0,48,0,0,0,0,0,0,0,0,0,0,50,0,63,55,247,0,125,0,124,65,49,68,113,0,117,0,0,54,0,0,59,51,55,71,0,0,0,0,0,121,0,0,54,0,0,0,0,0,0,0,0,
+0,0,0,0,0,0,0,48,125,122,240,244,0,50,0,0,0,0,0,63,55,55,67,121,0,0,0,0,54,0,0,0,0,59,67,127,0,127,0,0,66,55,51,71,0,0,0,0,0,0,0,0,0,0,0,0,122,126,0,0,0,0,0,121,0,0,54,0,0,0,0,0,0,0,0,0,56,64,242,54,0,52,122,126,0,0,124,0,0,0,54,0,0,0,0,0,0,0,0,0,
+0,0,0,0,0,0,0,52,241,124,0,112,0,65,49,53,57,0,0,0,0,0,59,71,0,0,250,0,54,0,0,0,0,0,52,0,0,0,0,70,58,0,0,59,67,0,255,0,0,0,126,0,0,0,0,0,120,124,0,0,0,0,0,0,0,0,50,0,0,0,0,0,0,60,49,53,64,0,116,65,53,64,0,0,0,0,0,0,0,0,50,0,0,0,0,0,0,0,0,0,
+0,0,0,0,0,0,0,48,0,103,96,0,124,0,245,117,69,49,53,57,0,0,0,59,51,55,71,0,50,0,0,0,0,0,52,0,0,0,0,65,57,0,0,0,63,55,67,0,0,0,0,0,0,0,0,0,122,0,125,0,0,0,0,0,0,0,54,0,0,0,0,0,0,48,244,114,0,0,0,0,0,0,126,0,0,0,0,0,0,0,65,57,0,0,0,0,0,0,0,0,
+0,0,0,0,0,0,0,48,245,0,117,0,0,123,0,0,0,0,0,65,49,61,0,0,0,0,63,55,58,0,0,0,0,0,48,0,255,0,0,0,65,61,0,0,0,0,63,55,67,0,0,0,0,0,0,0,0,0,0,0,0,0,240,0,0,125,65,57,0,0,0,56,49,68,0,0,0,0,127,0,0,0,0,0,0,0,125,0,117,242,0,54,0,0,0,0,0,0,0,0,
+0,0,0,0,0,0,0,59,67,113,0,125,0,0,0,0,127,0,0,245,116,65,57,0,0,0,0,0,0,0,0,0,0,0,63,67,0,0,125,0,0,69,61,0,0,0,0,0,52,0,254,0,0,0,0,0,0,125,0,70,55,71,0,0,240,0,116,65,57,0,60,64,124,127,121,0,66,51,55,67,0,0,0,0,0,0,0,0,122,113,0,54,0,0,0,0,0,0,0,0,
+0,0,0,0,0,0,0,0,48,0,122,0,0,0,0,0,0,0,125,0,0,0,54,0,0,0,0,0,56,49,49,57,0,0,0,63,55,55,67,0,0,248,54,0,0,0,0,0,48,0,0,0,0,0,0,0,0,0,0,50,0,63,55,247,0,125,0,124,65,49,68,113,0,117,0,0,54,0,0,59,51,55,71,0,0,0,0,0,121,0,0,54,0,0,0,0,0,0,0,0,
 0,0,0,0,0,0,0,0,63,55,67,0,0,0,66,51,67,247,0,0,0,0,54,0,0,0,0,56,64,0,0,69,57,0,0,0,0,0,63,67,125,0,69,49,57,0,0,60,68,0,0,0,0,0,0,0,247,0,0,50,0,0,0,59,55,67,120,127,0,0,0,0,125,0,0,70,62,0,0,0,0,0,52,0,249,0,253,0,0,0,66,62,0,0,0,0,0,0,0,0,
 0,0,0,0,0,0,0,0,0,0,59,51,51,55,58,0,63,55,51,67,0,0,54,0,0,0,0,52,0,246,0,0,50,0,0,0,0,0,0,63,67,0,0,0,50,0,0,52,0,241,124,0,0,0,0,0,120,0,0,65,53,61,0,0,0,52,0,0,0,127,0,0,0,0,66,62,0,0,0,0,0,0,59,71,120,114,123,0,247,70,58,0,0,0,0,0,0,0,0,0,
 0,0,0,0,0,0,0,0,0,0,0,0,0,0,0,0,0,0,0,52,0,244,69,57,0,0,0,48,0,0,0,0,65,49,61,0,0,0,0,0,52,0,124,0,242,57,0,63,67,0,0,0,0,0,0,0,127,0,0,126,123,65,57,0,0,0,67,244,125,0,0,0,0,0,54,0,0,0,0,0,0,0,0,59,55,71,0,0,70,58,0,0,0,0,0,0,0,0,0,0,
@@ -165,8 +165,8 @@ data=
 0,0,0,0,0,0,0,63,55,67,0,0,65,53,61,0,56,68,0,65,49,61,0,0,0,0,0,52,120,0,0,244,54,0,0,0,0,0,0,0,0,0,0,0,0,60,53,49,53,49,61,0,63,67,116,0,0,0,0,0,128,69,53,61,0,0,0,0,0,0,0,0,0,0,0,0,0,0,0,0,0,0,0,0,0,0,0,0,0,0,0,0,0,0,0,0,0,0,0,0,
 0,0,0,0,0,0,0,0,0,59,67,0,0,0,54,0,48,247,0,253,121,65,61,0,0,0,0,52,246,117,0,0,50,0,0,0,0,56,53,49,53,49,61,0,60,68,0,0,0,253,69,57,0,48,0,0,0,0,0,0,120,0,0,69,61,0,0,0,0,0,0,0,0,0,0,0,0,0,0,0,0,0,0,0,0,0,0,0,0,0,0,0,0,0,0,0,0,0,0,0,
 0,0,0,0,0,0,0,0,0,0,48,0,121,0,65,61,52,120,112,0,0,0,69,61,0,0,0,59,67,120,120,66,62,0,0,0,56,64,0,245,116,126,69,53,68,0,0,251,0,0,0,69,53,68,114,0,0,0,0,0,0,0,0,0,69,57,0,0,0,0,0,0,0,0,0,0,0,0,0,0,0,0,0,0,0,0,0,0,0,0,0,0,0,0,0,0,0,0,0,0,
-0,0,0,0,0,0,0,0,0,0,52,245,117,0,247,69,68,0,117,0,103,127,245,65,61,0,0,0,59,71,114,65,57,0,0,0,52,241,0,0,0,0,0,0,0,126,0,0,0,0,0,0,0,0,0,0,0,0,0,0,0,0,0,0,246,65,0,0,0,0,0,0,0,0,0,0,0,0,0,0,0,0,0,0,0,0,0,0,0,0,0,0,0,0,0,0,0,0,0,0,
-0,0,0,0,0,0,0,0,0,0,59,55,67,0,124,0,0,0,0,127,96,117,125,121,69,49,53,0,56,68,66,67,65,61,0,0,52,0,126,126,0,0,0,0,0,0,0,0,0,252,0,0,252,241,0,121,0,0,0,0,249,116,0,0,120,0,54,0,0,0,0,0,0,0,0,0,0,0,0,0,0,0,0,0,0,0,0,0,0,0,0,0,0,0,0,0,0,0,0,0,
+0,0,0,0,0,0,0,0,0,0,52,245,117,0,247,69,68,0,117,0,0,127,245,65,61,0,0,0,59,71,114,65,57,0,0,0,52,241,0,0,0,0,0,0,0,126,0,0,0,0,0,0,0,0,0,0,0,0,0,0,0,0,0,0,246,65,0,0,0,0,0,0,0,0,0,0,0,0,0,0,0,0,0,0,0,0,0,0,0,0,0,0,0,0,0,0,0,0,0,0,
+0,0,0,0,0,0,0,0,0,0,59,55,67,0,124,0,0,0,0,127,0,117,125,121,69,49,53,0,56,68,66,67,65,61,0,0,52,0,126,126,0,0,0,0,0,0,0,0,0,252,0,0,252,241,0,121,0,0,0,0,249,116,0,0,120,0,54,0,0,0,0,0,0,0,0,0,0,0,0,0,0,0,0,0,0,0,0,0,0,0,0,0,0,0,0,0,0,0,0,0,
 0,0,0,0,0,0,0,0,0,0,0,0,59,67,0,125,0,246,0,125,0,0,0,0,0,116,246,69,68,244,65,64,244,65,61,56,64,0,0,0,0,70,51,51,67,124,0,0,127,0,0,0,0,0,0,0,0,125,126,124,127,0,126,0,0,0,54,0,0,0,0,0,0,0,0,0,0,0,0,0,0,0,0,0,0,0,0,0,0,0,0,0,0,0,0,0,0,0,0,0,
 0,0,0,0,0,0,0,0,0,0,0,0,0,48,244,0,0,0,0,0,0,0,0,0,0,125,0,0,112,0,0,117,0,120,65,68,0,244,0,0,0,69,61,0,63,51,67,0,0,126,0,0,0,114,0,0,0,124,116,102,0,137,125,121,0,0,65,61,0,0,0,0,0,0,0,0,0,0,0,0,0,0,0,0,0,0,0,0,0,0,0,0,0,0,0,0,0,0,0,0,
 0,0,0,0,0,0,0,0,0,0,0,0,0,63,71,0,121,113,0,0,0,0,125,0,0,125,0,0,0,126,0,124,127,0,117,124,244,124,0,0,0,117,69,61,0,0,63,67,0,0,0,0,127,0,0,0,0,0,124,0,0,126,0,0,0,0,0,54,0,0,0,0,0,0,0,0,0,0,0,0,0,0,0,0,0,0,0,0,0,0,0,0,0,0,0,0,0,0,0,0,
@@ -223,9 +223,9 @@ data=
 3,3,3,3,3,3,3,3,1,1,1,1,3,3,1,1,1,1,1,0,1,0,1,1,1,1,0,0,0,0,1,3,3,1,1,1,0,0,0,0,0,0,0,0,0,0,0,0,0,2,2,2,2,2,2,2,0,0,0,0,0,0,0,0,1,1,1,3,3,3,3,1,1,1,1,3,3,3,3,3,1,1,0,0,0,0,0,0,0,0,0,0,1,1,1,3,3,3,3,3,
 3,3,3,3,3,3,3,1,1,0,1,1,1,1,3,3,3,3,1,1,0,0,0,0,0,0,0,0,1,1,1,3,3,1,1,0,0,0,0,0,0,0,0,0,0,0,0,0,0,0,2,2,2,2,2,2,0,0,0,0,0,0,0,0,1,0,1,3,3,3,3,3,3,3,3,3,3,1,1,1,3,1,0,1,0,0,0,0,0,0,1,1,1,3,3,3,3,3,3,3,
 3,3,3,3,3,3,3,1,0,0,1,0,0,1,3,3,3,3,3,1,1,1,1,0,0,0,0,0,1,3,3,3,3,1,1,0,0,0,0,0,1,1,1,1,0,0,0,0,0,0,2,2,2,2,2,2,0,0,0,0,0,0,0,0,0,0,1,3,3,3,3,3,3,3,3,3,1,1,1,1,3,1,0,0,0,0,0,0,0,0,1,3,3,3,3,3,3,3,3,3,
-3,3,3,3,3,3,3,1,1,0,2,2,2,1,1,1,1,3,3,3,3,3,1,1,0,0,1,0,1,3,3,3,3,3,1,0,0,0,0,1,1,3,3,1,1,0,1,0,0,2,2,2,2,2,2,2,0,0,0,0,0,0,0,0,0,0,1,3,3,3,3,3,3,1,1,1,1,0,0,1,1,1,0,0,0,0,0,0,0,0,1,3,3,3,3,3,3,3,3,3,
-3,3,3,3,3,3,3,1,0,0,0,2,2,0,1,0,1,1,1,1,3,3,3,1,1,1,1,1,1,3,3,3,3,3,1,0,0,0,0,1,1,3,3,3,1,1,1,0,0,2,2,2,2,2,2,2,2,0,0,0,0,0,0,0,0,0,1,3,3,3,3,3,3,1,1,0,0,0,0,0,0,0,0,0,0,0,0,0,0,0,1,1,3,3,3,3,3,3,3,3,
-3,3,3,3,3,3,3,1,1,0,0,2,0,0,0,0,0,0,0,1,1,1,3,3,3,3,1,1,1,3,3,3,3,3,1,0,1,0,0,0,1,1,3,3,3,3,1,1,1,2,2,2,2,2,2,2,2,0,0,0,0,0,1,0,0,0,1,1,3,3,3,1,1,1,0,0,0,0,0,0,0,0,0,0,0,0,0,0,0,1,0,1,3,3,3,3,3,3,3,3,
+3,3,3,3,3,3,3,1,1,0,0,0,0,1,1,1,1,3,3,3,3,3,1,1,0,0,1,0,1,3,3,3,3,3,1,0,0,0,0,1,1,3,3,1,1,0,1,0,0,2,2,2,2,2,2,2,0,0,0,0,0,0,0,0,0,0,1,3,3,3,3,3,3,1,1,1,1,0,0,1,1,1,0,0,0,0,0,0,0,0,1,3,3,3,3,3,3,3,3,3,
+3,3,3,3,3,3,3,1,0,2,4,0,0,0,1,0,1,1,1,1,3,3,3,1,1,1,1,1,1,3,3,3,3,3,1,0,0,0,0,1,1,3,3,3,1,1,1,0,0,2,2,2,2,2,2,2,2,0,0,0,0,0,0,0,0,0,1,3,3,3,3,3,3,1,1,0,0,0,0,0,0,0,0,0,0,0,0,0,0,0,1,1,3,3,3,3,3,3,3,3,
+3,3,3,3,3,3,3,1,1,0,0,0,0,0,0,0,0,0,0,1,1,1,3,3,3,3,1,1,1,3,3,3,3,3,1,0,1,0,0,0,1,1,3,3,3,3,1,1,1,2,2,2,2,2,2,2,2,0,0,0,0,0,1,0,0,0,1,1,3,3,3,1,1,1,0,0,0,0,0,0,0,0,0,0,0,0,0,0,0,1,0,1,3,3,3,3,3,3,3,3,
 3,3,3,3,3,3,3,1,1,0,0,0,0,0,0,0,0,0,0,1,0,1,1,3,3,3,3,3,3,3,3,3,3,3,1,1,0,0,0,0,0,1,1,3,3,3,3,3,1,2,1,2,2,2,2,2,2,0,0,1,1,1,0,0,1,0,0,1,1,3,1,1,0,0,0,0,1,1,1,1,0,0,0,0,0,0,0,0,0,0,0,1,3,3,3,3,3,3,3,3,
 3,3,3,3,3,3,3,3,1,0,0,0,0,0,0,0,0,0,0,0,0,0,1,3,3,3,3,3,1,1,1,1,3,3,3,1,1,1,1,0,0,1,1,3,3,3,3,3,1,2,2,2,2,2,2,2,2,0,0,1,3,1,1,1,0,0,0,0,1,1,1,0,0,0,0,0,1,3,3,1,1,1,1,0,0,0,0,0,0,0,0,1,1,3,3,3,3,3,3,3,
 3,3,3,3,3,3,3,3,1,1,1,0,1,0,1,1,1,1,0,0,0,0,1,3,3,3,3,1,1,0,0,1,1,3,3,3,3,3,1,1,0,0,1,1,1,3,3,1,1,2,2,2,2,2,2,2,1,0,0,1,3,3,3,1,1,1,0,0,0,0,0,0,0,0,0,1,1,3,3,3,3,3,1,0,1,0,1,0,0,0,1,1,1,3,3,3,3,3,3,3,
@@ -249,8 +249,8 @@ data=
 3,3,3,3,3,3,3,1,1,1,0,0,1,1,1,3,1,1,0,1,1,1,3,3,3,3,3,1,0,0,0,0,1,3,3,3,3,3,3,3,3,3,3,3,3,1,1,1,1,1,1,3,1,1,2,2,2,2,2,2,2,1,1,1,3,3,3,3,3,3,3,3,3,3,3,3,3,3,3,3,3,3,3,3,3,3,3,3,3,3,3,3,3,3,3,3,3,3,3,3,
 3,3,3,3,3,3,3,3,3,1,1,0,0,0,1,3,1,1,0,1,0,1,1,3,3,3,3,1,1,0,0,0,1,3,3,3,3,1,1,1,1,1,1,3,1,1,0,0,0,0,1,1,3,1,2,2,2,2,2,2,2,2,2,1,1,3,3,3,3,3,3,3,3,3,3,3,3,3,3,3,3,3,3,3,3,3,3,3,3,3,3,3,3,3,3,3,3,3,3,3,
 3,3,3,3,3,3,3,3,3,3,1,0,0,0,1,1,1,0,0,0,0,0,1,1,3,3,3,1,1,0,0,1,1,3,3,3,1,1,0,1,0,0,1,1,1,0,0,0,0,0,1,1,1,1,2,2,2,2,2,2,2,2,2,2,1,1,3,3,3,3,3,3,3,3,3,3,3,3,3,3,3,3,3,3,3,3,3,3,3,3,3,3,3,3,3,3,3,3,3,3,
-3,3,3,3,3,3,3,3,3,3,1,1,0,0,1,1,1,0,0,0,2,0,1,1,1,3,3,3,1,1,0,1,1,3,3,3,1,1,0,0,0,0,0,0,0,0,0,0,0,0,0,0,0,2,2,2,2,2,2,2,2,2,2,2,1,1,3,3,3,3,3,3,3,3,3,3,3,3,3,3,3,3,3,3,3,3,3,3,3,3,3,3,3,3,3,3,3,3,3,3,
-3,3,3,3,3,3,3,3,3,3,1,1,1,0,0,0,0,0,0,0,2,0,0,0,1,1,1,3,1,1,1,1,1,1,3,3,1,0,0,0,0,0,0,0,0,0,0,0,0,1,0,0,1,1,2,2,2,2,2,0,1,2,2,2,2,2,1,3,3,3,3,3,3,3,3,3,3,3,3,3,3,3,3,3,3,3,3,3,3,3,3,3,3,3,3,3,3,3,3,3,
+3,3,3,3,3,3,3,3,3,3,1,1,0,0,1,1,1,0,0,0,0,0,1,1,1,3,3,3,1,1,0,1,1,3,3,3,1,1,0,0,0,0,0,0,0,0,0,0,0,0,0,0,0,2,2,2,2,2,2,2,2,2,2,2,1,1,3,3,3,3,3,3,3,3,3,3,3,3,3,3,3,3,3,3,3,3,3,3,3,3,3,3,3,3,3,3,3,3,3,3,
+3,3,3,3,3,3,3,3,3,3,1,1,1,0,0,0,0,0,0,0,0,0,0,0,1,1,1,3,1,1,1,1,1,1,3,3,1,0,0,0,0,0,0,0,0,0,0,0,0,1,0,0,1,1,2,2,2,2,2,0,1,2,2,2,2,2,1,3,3,3,3,3,3,3,3,3,3,3,3,3,3,3,3,3,3,3,3,3,3,3,3,3,3,3,3,3,3,3,3,3,
 3,3,3,3,3,3,3,3,3,3,3,3,1,1,0,0,0,1,0,0,0,0,0,0,0,0,1,1,1,1,1,1,1,1,1,1,1,0,0,0,0,1,1,1,1,0,0,0,0,0,0,0,2,2,2,2,2,2,2,0,0,0,2,2,2,2,1,3,3,3,3,3,3,3,3,3,3,3,3,3,3,3,3,3,3,3,3,3,3,3,3,3,3,3,3,3,3,3,3,3,
 3,3,3,3,3,3,3,3,3,3,3,3,3,1,1,0,0,0,0,0,0,0,0,0,0,0,0,0,0,0,0,0,0,0,1,1,0,1,0,0,0,1,1,3,1,1,1,0,0,0,0,0,2,2,2,2,2,0,0,2,0,2,2,2,2,2,1,1,3,3,3,3,3,3,3,3,3,3,3,3,3,3,3,3,3,3,3,3,3,3,3,3,3,3,3,3,3,3,3,3,
 3,3,3,3,3,3,3,3,3,3,3,3,3,1,1,0,0,0,0,0,0,0,0,0,0,0,0,0,0,0,0,0,0,0,0,0,1,0,0,0,0,0,1,1,3,3,1,1,0,0,0,0,0,2,2,2,2,0,0,0,0,0,0,2,2,2,2,1,1,3,3,3,3,3,3,3,3,3,3,3,3,3,3,3,3,3,3,3,3,3,3,3,3,3,3,3,3,3,3,3,
@@ -276,12 +276,6 @@ location=1,6,1,4
 intermap=maps/salted_field.txt,56,12
 
 [event]
-# to Family Crypt
-type=on_trigger
-location=9,35,4,4
-intermap=maps/family_crypt.txt,31,39
-
-[event]
 # to Goblin Camp
 type=on_trigger
 location=51,77,4,1
@@ -318,10 +312,10 @@ tooltip=Supplies
 [event]
 # Supplies
 type=on_trigger
-location=20,62,1,1
+location=10,36,1,1
 hotspot=location
 loot=loot/leveled_low.txt
-mapmod=object,20,62,97
+mapmod=object,10,36,97
 repeat=false
 soundfx=soundfx/wood_open.ogg
 tooltip=Supplies
@@ -571,3 +565,10 @@ location=30,63,13,8
 level=1,3
 number=2,4
 
+[enemy]
+# zombies
+type=zombie
+location=8,34,12,6
+level=1,2
+number=2,4
+
diff --git a/tiled/empyrean_campaign/stonewood.tmx b/tiled/empyrean_campaign/stonewood.tmx
index 80ddc96bcd81fd716fd4c35bc4b0195f755321e7..22db256c64df72c90acebebfcea2458fe6ff23d7 100644
--- a/tiled/empyrean_campaign/stonewood.tmx
+++ b/tiled/empyrean_campaign/stonewood.tmx
@@ -1,5 +1,5 @@
 <?xml version="1.0" encoding="UTF-8"?>
-<map version="1.0" orientation="isometric" renderorder="right-down" width="100" height="80" tilewidth="64" tileheight="32" backgroundcolor="#000000" nextobjectid="50">
+<map version="1.0" orientation="isometric" renderorder="right-down" width="100" height="80" tilewidth="64" tileheight="32" backgroundcolor="#000000" nextobjectid="51">
  <properties>
   <property name="music" value="music/forest_theme.ogg"/>
   <property name="tileset" value="tilesetdefs/tileset_grassland.txt"/>
@@ -65,12 +65,12 @@
 0,0,0,0,0,0,0,0,0,0,0,0,0,0,21,22,23,0,21,22,23,20,0,0,0,20,21,22,23,20,0,0,0,0,0,25,26,27,24,25,26,27,24,25,26,27,24,25,26,192,206,198,200,198,200,194,27,24,25,26,27,24,25,26,0,0,0,0,0,0,0,26,27,24,0,0,0,0,0,0,27,24,25,26,27,24,25,26,27,24,25,26,27,24,0,0,0,0,0,0,
 0,0,0,0,0,0,0,0,0,31,28,0,0,0,0,0,0,0,25,26,27,24,25,26,27,24,25,26,27,24,0,0,0,0,28,29,30,31,28,29,30,31,28,29,30,31,28,29,30,159,163,188,189,190,191,150,31,28,29,30,31,28,29,30,31,28,0,0,0,0,0,0,0,0,0,0,0,0,0,0,0,28,29,30,31,28,29,30,31,28,29,30,0,0,0,0,0,0,0,0,
 0,0,0,0,0,0,0,0,18,19,16,17,18,0,0,0,0,0,0,30,31,28,29,30,31,28,29,30,0,0,0,0,0,19,16,17,18,19,16,0,0,19,16,17,18,19,16,17,18,19,144,176,177,178,179,150,19,16,17,18,19,16,17,18,19,16,0,0,0,0,0,0,0,0,0,0,0,0,17,0,0,16,17,18,19,16,17,18,19,16,0,0,0,0,0,0,0,0,0,0,
-0,0,0,0,0,0,0,21,22,32,32,35,35,0,0,0,0,0,0,0,0,0,17,18,19,16,17,18,0,0,0,0,0,0,20,21,22,23,20,0,0,0,0,21,22,23,20,21,22,23,148,180,181,182,183,150,23,20,21,22,23,20,21,22,23,20,0,0,0,0,0,0,0,0,0,0,0,20,21,0,0,20,21,22,23,20,21,22,23,20,0,0,0,0,0,0,0,0,0,0,
-0,0,0,0,0,0,0,25,36,0,0,0,238,38,24,25,0,0,0,0,0,0,0,22,23,20,21,22,0,0,0,0,0,0,24,25,26,27,24,0,0,0,0,0,26,27,24,25,26,152,160,184,185,186,187,150,27,24,25,26,27,24,25,26,27,24,0,0,0,0,0,0,0,0,25,26,27,24,25,26,27,24,25,26,27,24,25,26,27,24,0,0,0,0,0,0,0,0,0,0,
-0,0,0,0,0,0,0,29,38,0,0,0,237,37,28,29,30,31,28,0,0,0,0,0,0,0,25,26,0,0,0,0,0,0,28,29,30,31,28,29,0,0,0,0,0,0,28,29,30,144,191,188,189,190,191,165,157,28,29,30,31,28,29,30,31,28,0,0,0,0,0,0,0,28,29,30,31,28,29,30,31,28,29,30,31,28,29,30,31,28,29,0,0,0,0,0,0,0,0,0,
-0,0,0,0,0,0,0,17,37,0,0,0,236,37,16,17,18,19,16,17,18,0,0,0,0,0,0,0,0,0,0,0,0,0,16,17,18,19,16,17,18,0,0,0,0,0,0,0,18,148,179,176,177,178,179,176,150,16,17,18,19,16,17,18,19,16,17,0,0,0,0,0,19,16,17,18,19,16,17,18,19,16,17,18,19,16,17,18,19,16,17,0,0,0,0,0,0,0,0,0,
-0,0,0,0,0,0,0,0,36,232,233,234,235,38,20,21,22,23,20,21,22,23,0,0,0,0,0,0,0,0,0,0,0,0,0,21,22,23,20,21,22,23,0,0,0,0,0,0,22,148,183,180,181,182,183,180,146,20,21,0,0,20,21,22,23,20,21,22,0,0,0,22,23,20,21,22,0,0,0,22,23,20,21,22,23,20,21,22,23,20,21,0,0,0,0,0,0,0,0,0,
-0,0,0,0,0,0,0,0,26,32,32,32,32,27,24,25,26,27,24,25,26,27,0,0,0,0,0,0,0,27,24,0,0,0,0,0,0,0,24,25,26,27,0,0,0,0,0,0,26,144,187,184,185,186,187,166,158,24,25,0,0,0,0,26,27,24,25,26,27,24,25,26,27,24,25,26,0,0,0,0,0,0,25,26,27,24,25,26,27,24,25,0,0,0,0,0,0,0,0,0,
+0,0,0,0,0,0,0,21,22,21,21,21,17,0,0,0,0,0,0,0,0,0,17,18,19,16,17,18,0,0,0,0,0,0,20,21,22,23,20,0,0,0,0,21,22,23,20,21,22,23,148,180,181,182,183,150,23,20,21,22,23,20,21,22,23,20,0,0,0,0,0,0,0,0,0,0,0,20,21,0,0,20,21,22,23,20,21,22,23,20,0,0,0,0,0,0,0,0,0,0,
+0,0,0,0,0,0,0,25,19,34,33,35,24,18,24,25,0,0,0,0,0,0,0,22,23,20,21,22,0,0,0,0,0,0,24,25,26,27,24,0,0,0,0,0,26,27,24,25,26,152,160,184,185,186,187,150,27,24,25,26,27,24,25,26,27,24,0,0,0,0,0,0,0,0,25,26,27,24,25,26,27,24,25,26,27,24,25,26,27,24,0,0,0,0,0,0,0,0,0,0,
+0,0,0,0,0,0,0,29,20,26,38,39,27,18,28,29,30,31,28,0,0,0,0,0,0,0,25,26,0,0,0,0,0,0,28,29,30,31,28,29,0,0,0,0,0,0,28,29,30,144,191,188,189,190,191,165,157,28,29,30,31,28,29,30,31,28,0,0,0,0,0,0,0,28,29,30,31,28,29,30,31,28,29,30,31,28,29,30,31,28,29,0,0,0,0,0,0,0,0,0,
+0,0,0,0,0,0,0,17,20,38,34,37,19,26,16,17,18,19,16,17,18,0,0,0,0,0,0,0,0,0,0,0,0,0,16,17,18,19,16,17,18,0,0,0,0,0,0,0,18,148,179,176,177,178,179,176,150,16,17,18,19,16,17,18,19,16,17,0,0,0,0,0,19,16,17,18,19,16,17,18,19,16,17,18,19,16,17,18,19,16,17,0,0,0,0,0,0,0,0,0,
+0,0,0,0,0,0,0,0,20,21,22,18,21,21,20,21,22,23,20,21,22,23,0,0,0,0,0,0,0,0,0,0,0,0,0,21,22,23,20,21,22,23,0,0,0,0,0,0,22,148,183,180,181,182,183,180,146,20,21,0,0,20,21,22,23,20,21,22,0,0,0,22,23,20,21,22,0,0,0,22,23,20,21,22,23,20,21,22,23,20,21,0,0,0,0,0,0,0,0,0,
+0,0,0,0,0,0,0,0,26,19,17,20,20,27,24,25,26,27,24,25,26,27,0,0,0,0,0,0,0,27,24,0,0,0,0,0,0,0,24,25,26,27,0,0,0,0,0,0,26,144,187,184,185,186,187,166,158,24,25,0,0,0,0,26,27,24,25,26,27,24,25,26,27,24,25,26,0,0,0,0,0,0,25,26,27,24,25,26,27,24,25,0,0,0,0,0,0,0,0,0,
 0,0,0,0,0,0,0,0,0,0,28,29,30,31,0,0,30,31,28,29,30,31,0,0,0,0,0,0,30,31,28,29,0,0,0,0,0,0,0,29,30,31,28,29,0,0,0,0,30,155,167,188,189,190,191,146,31,28,29,0,0,0,0,0,0,28,29,30,31,28,29,30,31,28,29,0,0,0,0,0,0,0,29,30,31,28,29,30,31,28,0,0,0,0,0,0,0,0,0,0,
 0,0,0,0,0,0,0,0,0,0,0,0,0,0,0,0,0,0,0,17,18,19,0,0,0,0,0,17,18,19,16,17,0,0,0,0,0,0,0,0,18,19,16,17,0,0,0,17,18,19,148,176,177,178,179,150,19,16,17,18,19,0,0,0,0,16,17,18,19,16,17,18,19,16,0,0,0,0,0,0,0,0,0,18,19,16,17,18,19,0,0,0,0,0,0,0,0,0,0,0,
 0,0,0,0,0,0,0,0,0,0,0,0,0,0,0,0,0,0,0,21,22,23,20,0,0,0,0,21,22,23,20,21,22,23,0,0,0,0,0,0,22,23,20,21,0,0,0,0,22,23,144,180,181,182,183,165,157,20,21,22,23,20,0,0,0,0,21,22,23,20,21,22,23,20,0,0,0,0,0,0,0,0,0,0,0,20,21,22,0,0,0,0,0,0,0,0,0,0,0,0,
@@ -92,10 +92,10 @@
 0,0,0,0,0,0,0,0,0,23,20,21,22,23,0,0,0,23,20,21,22,0,0,0,0,0,0,21,22,23,20,21,0,0,0,0,0,0,0,0,0,0,0,0,0,0,20,21,22,23,0,0,0,23,148,180,181,182,183,161,157,16,16,0,0,0,0,0,0,0,0,0,0,0,0,0,0,0,0,0,0,0,0,0,0,0,0,0,0,0,0,0,0,0,0,0,0,0,0,0,
 0,0,0,0,0,0,0,0,0,0,24,25,26,27,0,0,26,27,24,25,26,27,0,0,0,0,0,25,26,27,24,25,0,0,0,0,0,0,24,25,26,27,0,0,0,27,24,25,26,27,24,0,0,27,144,184,185,186,187,184,165,149,153,16,0,0,0,0,0,0,0,0,0,0,0,0,0,0,0,0,0,0,0,0,0,0,0,0,0,0,0,0,0,0,0,0,0,0,0,0,
 0,0,0,0,0,0,0,0,0,0,28,29,30,31,28,0,30,31,28,29,30,31,28,0,0,0,0,0,30,31,28,0,0,0,0,0,0,31,28,29,30,31,28,29,30,31,28,29,30,31,28,29,30,31,144,188,189,190,191,188,189,190,165,153,16,0,0,0,0,0,0,0,0,0,0,0,0,0,0,0,0,0,0,0,0,0,0,0,0,0,0,0,0,0,0,0,0,0,0,0,
-0,0,0,0,0,0,0,0,0,0,16,17,18,19,16,17,18,19,16,42,39,43,16,17,0,0,0,0,0,19,16,17,0,0,0,0,18,19,16,17,18,19,16,17,18,19,16,17,18,19,16,17,18,152,164,176,177,178,162,151,151,163,176,161,153,16,0,0,0,0,0,0,0,0,0,0,0,0,0,0,0,0,0,0,0,0,0,0,0,0,0,0,0,0,0,0,0,0,0,0,
-0,0,0,0,0,0,0,0,0,0,0,0,22,23,20,21,22,23,20,33,33,34,20,21,22,23,20,0,0,23,20,21,22,0,0,0,22,23,20,21,22,23,20,21,22,23,20,21,22,23,20,21,22,144,183,180,181,182,146,18,19,159,163,176,161,150,0,0,0,0,0,0,0,0,0,0,0,0,0,0,0,0,0,0,0,0,0,0,0,0,0,0,0,0,0,0,0,0,0,0,
-0,0,0,0,0,0,0,0,0,0,0,0,0,27,24,25,26,27,24,41,36,40,24,25,26,27,24,25,26,27,24,25,26,27,0,0,26,27,24,25,26,0,0,0,26,27,24,25,26,27,24,25,156,160,187,184,162,151,154,22,23,20,144,180,181,146,0,0,0,0,0,0,0,0,0,0,0,0,0,0,0,0,0,0,0,0,0,0,0,0,0,0,0,0,0,0,0,0,0,0,
-0,0,0,0,0,0,0,0,0,0,0,0,0,31,28,29,30,31,28,29,30,31,28,29,30,31,28,29,30,31,28,29,30,31,28,29,30,31,28,29,30,31,0,0,0,0,28,29,30,31,28,29,155,163,191,188,150,24,25,26,27,24,159,167,185,150,16,0,0,0,0,0,0,0,0,0,0,0,0,0,0,0,0,0,0,0,0,0,0,0,0,0,0,0,0,0,0,0,0,0,
+0,0,0,0,0,0,0,0,0,0,16,17,18,19,16,17,18,19,16,25,25,21,16,17,0,0,0,0,0,19,16,17,0,0,0,0,18,19,16,17,18,19,16,17,18,19,16,17,18,19,16,17,18,152,164,176,177,178,162,151,151,163,176,161,153,16,0,0,0,0,0,0,0,0,0,0,0,0,0,0,0,0,0,0,0,0,0,0,0,0,0,0,0,0,0,0,0,0,0,0,
+0,0,0,0,0,0,0,0,0,0,0,0,22,23,20,21,22,23,20,18,20,18,20,21,22,23,20,0,0,23,20,21,22,0,0,0,22,23,20,21,22,23,20,21,22,23,20,21,22,23,20,21,22,144,183,180,181,182,146,18,19,159,163,176,161,150,0,0,0,0,0,0,0,0,0,0,0,0,0,0,0,0,0,0,0,0,0,0,0,0,0,0,0,0,0,0,0,0,0,0,
+0,0,0,0,0,0,0,0,0,0,0,0,0,27,24,25,26,27,24,19,16,21,24,25,26,27,24,25,26,27,24,25,26,27,0,0,26,27,24,25,26,0,0,0,26,27,24,25,26,27,24,25,156,160,187,184,162,151,154,22,23,20,144,180,181,146,0,0,0,0,0,0,0,0,0,0,0,0,0,0,0,0,0,0,0,0,0,0,0,0,0,0,0,0,0,0,0,0,0,0,
+0,0,0,0,0,0,0,0,0,0,0,0,0,31,28,29,30,31,28,29,30,21,28,29,30,31,28,29,30,31,28,29,30,31,28,29,30,31,28,29,30,31,0,0,0,0,28,29,30,31,28,29,155,163,191,188,150,24,25,26,27,24,159,167,185,150,16,0,0,0,0,0,0,0,0,0,0,0,0,0,0,0,0,0,0,0,0,0,0,0,0,0,0,0,0,0,0,0,0,0,
 0,0,0,0,0,0,0,0,0,0,0,0,0,0,16,17,18,19,16,17,18,19,16,17,18,19,16,17,18,19,16,17,18,19,16,17,18,19,16,17,18,19,16,0,0,0,0,17,18,19,16,17,18,148,179,176,150,28,29,30,31,28,29,155,167,162,158,0,0,0,0,0,0,0,0,0,0,0,0,0,0,0,0,0,0,0,0,0,0,0,0,0,0,0,0,0,0,0,0,0,
 0,0,0,0,0,0,0,0,0,0,0,0,0,0,20,21,22,23,20,21,22,23,20,21,22,23,20,21,22,23,20,21,22,23,20,21,22,23,20,21,22,23,20,0,0,0,0,0,22,23,20,21,22,148,183,180,165,157,17,18,19,16,17,18,144,146,0,0,0,0,0,0,0,0,0,0,0,0,0,0,0,0,0,0,0,0,0,0,0,0,0,0,0,0,0,0,0,0,0,0,
 0,0,0,0,0,0,0,0,0,0,0,0,0,0,24,25,26,27,24,0,0,27,24,25,26,27,24,25,26,27,24,25,26,27,24,25,26,27,24,25,26,27,24,25,0,0,0,0,26,27,24,25,26,159,167,184,185,146,21,22,23,20,21,22,144,150,16,0,0,0,0,0,0,0,0,0,0,0,0,0,0,0,0,0,0,0,0,0,0,0,0,0,0,0,0,0,0,0,0,0,
@@ -149,12 +149,12 @@
 0,0,0,0,0,0,0,0,0,0,0,0,0,59,71,246,0,70,67,0,0,0,54,0,60,53,64,0,127,0,54,0,0,0,56,64,0,0,0,0,0,0,0,0,0,0,127,0,0,0,0,0,0,0,0,0,0,125,126,126,0,0,0,0,54,0,0,0,0,0,0,48,0,0,66,51,55,62,0,0,52,0,0,0,124,0,0,0,125,0,126,0,0,0,50,0,0,0,0,0,
 0,0,0,0,0,0,0,0,60,49,49,57,0,0,59,55,51,58,48,0,248,0,69,49,64,254,117,0,0,0,50,0,0,60,68,246,127,0,0,0,127,0,127,0,0,0,0,0,0,126,0,0,0,0,0,0,0,0,0,0,0,126,0,0,69,49,57,0,0,0,0,63,55,51,58,0,0,0,0,0,59,71,0,0,0,0,0,0,0,0,0,0,70,51,62,0,0,0,0,0,
 0,0,0,0,0,0,0,56,68,0,247,65,53,57,0,0,0,0,63,67,0,117,127,0,0,0,127,0,70,55,58,0,0,48,254,0,112,0,0,0,0,0,0,0,0,0,0,0,124,0,0,0,0,0,0,0,0,0,0,0,0,127,0,0,245,0,50,0,0,0,0,0,0,0,0,0,0,56,49,57,0,52,120,241,0,0,0,0,0,0,70,55,58,0,0,0,0,0,0,0,
-0,0,0,0,0,0,0,48,125,0,240,244,0,50,0,0,0,0,0,63,55,55,67,121,0,0,0,0,54,0,0,0,0,59,67,127,0,127,0,0,66,55,51,71,0,0,0,0,0,0,0,0,0,0,0,0,122,126,0,0,0,0,0,121,0,0,54,0,0,0,0,0,0,0,0,0,56,64,242,54,0,52,122,126,0,0,124,0,0,0,54,0,0,0,0,0,0,0,0,0,
-0,0,0,0,0,0,0,52,241,0,0,0,0,65,49,53,57,0,0,0,0,0,59,71,0,0,250,0,54,0,0,0,0,0,52,0,0,0,0,70,58,0,0,59,67,0,255,0,0,0,126,0,0,0,0,0,120,124,0,0,0,0,0,0,0,0,50,0,0,0,0,0,0,60,49,53,64,0,116,65,53,64,0,0,0,0,0,0,0,0,50,0,0,0,0,0,0,0,0,0,
-0,0,0,0,0,0,0,48,0,0,0,0,0,0,245,117,69,49,53,57,0,0,0,59,51,55,71,0,50,0,0,0,0,0,52,0,0,0,0,65,57,0,0,0,63,55,67,0,0,0,0,0,0,0,0,0,122,0,125,0,0,0,0,0,0,0,54,0,0,0,0,0,0,48,244,114,0,0,0,0,0,0,126,0,0,0,0,0,0,0,65,57,0,0,0,0,0,0,0,0,
-0,0,0,0,0,0,0,48,245,0,0,0,0,126,92,0,0,0,0,65,49,61,0,0,0,0,63,55,58,0,0,0,0,0,48,0,255,0,0,0,65,61,0,0,0,0,63,55,67,0,0,0,0,0,0,0,0,0,0,0,0,0,240,0,0,125,65,57,0,0,0,56,49,68,0,0,0,0,127,0,0,0,0,0,0,0,125,0,117,242,0,54,0,0,0,0,0,0,0,0,
-0,0,0,0,0,0,0,59,67,0,0,0,0,0,92,0,127,0,0,245,116,65,57,0,0,0,0,0,0,0,0,0,0,0,63,67,0,0,125,0,0,69,61,0,0,0,0,0,52,0,254,0,0,0,0,0,0,125,0,70,55,71,0,0,240,0,116,65,57,0,60,64,124,127,121,0,66,51,55,67,0,0,0,0,0,0,0,0,122,113,0,54,0,0,0,0,0,0,0,0,
-0,0,0,0,0,0,0,0,48,0,0,0,0,0,0,0,0,0,125,0,0,0,54,0,0,0,0,0,56,49,49,57,0,0,0,63,55,55,67,0,0,248,54,0,0,0,0,0,48,0,0,0,0,0,0,0,0,0,0,50,0,63,55,247,0,125,0,124,65,49,68,113,0,117,0,0,54,0,0,59,51,55,71,0,0,0,0,0,121,0,0,54,0,0,0,0,0,0,0,0,
+0,0,0,0,0,0,0,48,125,122,240,244,0,50,0,0,0,0,0,63,55,55,67,121,0,0,0,0,54,0,0,0,0,59,67,127,0,127,0,0,66,55,51,71,0,0,0,0,0,0,0,0,0,0,0,0,122,126,0,0,0,0,0,121,0,0,54,0,0,0,0,0,0,0,0,0,56,64,242,54,0,52,122,126,0,0,124,0,0,0,54,0,0,0,0,0,0,0,0,0,
+0,0,0,0,0,0,0,52,241,124,0,112,0,65,49,53,57,0,0,0,0,0,59,71,0,0,250,0,54,0,0,0,0,0,52,0,0,0,0,70,58,0,0,59,67,0,255,0,0,0,126,0,0,0,0,0,120,124,0,0,0,0,0,0,0,0,50,0,0,0,0,0,0,60,49,53,64,0,116,65,53,64,0,0,0,0,0,0,0,0,50,0,0,0,0,0,0,0,0,0,
+0,0,0,0,0,0,0,48,0,103,96,0,124,0,245,117,69,49,53,57,0,0,0,59,51,55,71,0,50,0,0,0,0,0,52,0,0,0,0,65,57,0,0,0,63,55,67,0,0,0,0,0,0,0,0,0,122,0,125,0,0,0,0,0,0,0,54,0,0,0,0,0,0,48,244,114,0,0,0,0,0,0,126,0,0,0,0,0,0,0,65,57,0,0,0,0,0,0,0,0,
+0,0,0,0,0,0,0,48,245,0,117,0,0,123,0,0,0,0,0,65,49,61,0,0,0,0,63,55,58,0,0,0,0,0,48,0,255,0,0,0,65,61,0,0,0,0,63,55,67,0,0,0,0,0,0,0,0,0,0,0,0,0,240,0,0,125,65,57,0,0,0,56,49,68,0,0,0,0,127,0,0,0,0,0,0,0,125,0,117,242,0,54,0,0,0,0,0,0,0,0,
+0,0,0,0,0,0,0,59,67,113,0,125,0,0,0,0,127,0,0,245,116,65,57,0,0,0,0,0,0,0,0,0,0,0,63,67,0,0,125,0,0,69,61,0,0,0,0,0,52,0,254,0,0,0,0,0,0,125,0,70,55,71,0,0,240,0,116,65,57,0,60,64,124,127,121,0,66,51,55,67,0,0,0,0,0,0,0,0,122,113,0,54,0,0,0,0,0,0,0,0,
+0,0,0,0,0,0,0,0,48,0,122,0,0,0,0,0,0,0,125,0,0,0,54,0,0,0,0,0,56,49,49,57,0,0,0,63,55,55,67,0,0,248,54,0,0,0,0,0,48,0,0,0,0,0,0,0,0,0,0,50,0,63,55,247,0,125,0,124,65,49,68,113,0,117,0,0,54,0,0,59,51,55,71,0,0,0,0,0,121,0,0,54,0,0,0,0,0,0,0,0,
 0,0,0,0,0,0,0,0,63,55,67,0,0,0,66,51,67,247,0,0,0,0,54,0,0,0,0,56,64,0,0,69,57,0,0,0,0,0,63,67,125,0,69,49,57,0,0,60,68,0,0,0,0,0,0,0,247,0,0,50,0,0,0,59,55,67,120,127,0,0,0,0,125,0,0,70,62,0,0,0,0,0,52,0,249,0,253,0,0,0,66,62,0,0,0,0,0,0,0,0,
 0,0,0,0,0,0,0,0,0,0,59,51,51,55,58,0,63,55,51,67,0,0,54,0,0,0,0,52,0,246,0,0,50,0,0,0,0,0,0,63,67,0,0,0,50,0,0,52,0,241,124,0,0,0,0,0,120,0,0,65,53,61,0,0,0,52,0,0,0,127,0,0,0,0,66,62,0,0,0,0,0,0,59,71,120,114,123,0,247,70,58,0,0,0,0,0,0,0,0,0,
 0,0,0,0,0,0,0,0,0,0,0,0,0,0,0,0,0,0,0,52,0,244,69,57,0,0,0,48,0,0,0,0,65,49,61,0,0,0,0,0,52,0,124,0,242,57,0,63,67,0,0,0,0,0,0,0,127,0,0,126,123,65,57,0,0,0,67,244,125,0,0,0,0,0,54,0,0,0,0,0,0,0,0,59,55,71,0,0,70,58,0,0,0,0,0,0,0,0,0,0,
@@ -176,8 +176,8 @@
 0,0,0,0,0,0,0,63,55,67,0,0,65,53,61,0,56,68,0,65,49,61,0,0,0,0,0,52,120,0,0,244,54,0,0,0,0,0,0,0,0,0,0,0,0,60,53,49,53,49,61,0,63,67,116,0,0,0,0,0,128,69,53,61,0,0,0,0,0,0,0,0,0,0,0,0,0,0,0,0,0,0,0,0,0,0,0,0,0,0,0,0,0,0,0,0,0,0,0,0,
 0,0,0,0,0,0,0,0,0,59,67,0,0,0,54,0,48,247,0,253,121,65,61,0,0,0,0,52,246,117,0,0,50,0,0,0,0,56,53,49,53,49,61,0,60,68,0,0,0,253,69,57,0,48,0,0,0,0,0,0,120,0,0,69,61,0,0,0,0,0,0,0,0,0,0,0,0,0,0,0,0,0,0,0,0,0,0,0,0,0,0,0,0,0,0,0,0,0,0,0,
 0,0,0,0,0,0,0,0,0,0,48,0,121,0,65,61,52,120,112,0,0,0,69,61,0,0,0,59,67,120,120,66,62,0,0,0,56,64,0,245,116,126,69,53,68,0,0,251,0,0,0,69,53,68,114,0,0,0,0,0,0,0,0,0,69,57,0,0,0,0,0,0,0,0,0,0,0,0,0,0,0,0,0,0,0,0,0,0,0,0,0,0,0,0,0,0,0,0,0,0,
-0,0,0,0,0,0,0,0,0,0,52,245,117,0,247,69,68,0,117,0,103,127,245,65,61,0,0,0,59,71,114,65,57,0,0,0,52,241,0,0,0,0,0,0,0,126,0,0,0,0,0,0,0,0,0,0,0,0,0,0,0,0,0,0,246,65,0,0,0,0,0,0,0,0,0,0,0,0,0,0,0,0,0,0,0,0,0,0,0,0,0,0,0,0,0,0,0,0,0,0,
-0,0,0,0,0,0,0,0,0,0,59,55,67,0,124,0,0,0,0,127,96,117,125,121,69,49,53,0,56,68,66,67,65,61,0,0,52,0,126,126,0,0,0,0,0,0,0,0,0,252,0,0,252,241,0,121,0,0,0,0,249,116,0,0,120,0,54,0,0,0,0,0,0,0,0,0,0,0,0,0,0,0,0,0,0,0,0,0,0,0,0,0,0,0,0,0,0,0,0,0,
+0,0,0,0,0,0,0,0,0,0,52,245,117,0,247,69,68,0,117,0,0,127,245,65,61,0,0,0,59,71,114,65,57,0,0,0,52,241,0,0,0,0,0,0,0,126,0,0,0,0,0,0,0,0,0,0,0,0,0,0,0,0,0,0,246,65,0,0,0,0,0,0,0,0,0,0,0,0,0,0,0,0,0,0,0,0,0,0,0,0,0,0,0,0,0,0,0,0,0,0,
+0,0,0,0,0,0,0,0,0,0,59,55,67,0,124,0,0,0,0,127,0,117,125,121,69,49,53,0,56,68,66,67,65,61,0,0,52,0,126,126,0,0,0,0,0,0,0,0,0,252,0,0,252,241,0,121,0,0,0,0,249,116,0,0,120,0,54,0,0,0,0,0,0,0,0,0,0,0,0,0,0,0,0,0,0,0,0,0,0,0,0,0,0,0,0,0,0,0,0,0,
 0,0,0,0,0,0,0,0,0,0,0,0,59,67,0,125,0,246,0,125,0,0,0,0,0,116,246,69,68,244,65,64,244,65,61,56,64,0,0,0,0,70,51,51,67,124,0,0,127,0,0,0,0,0,0,0,0,125,126,124,127,0,126,0,0,0,54,0,0,0,0,0,0,0,0,0,0,0,0,0,0,0,0,0,0,0,0,0,0,0,0,0,0,0,0,0,0,0,0,0,
 0,0,0,0,0,0,0,0,0,0,0,0,0,48,244,0,0,0,0,0,0,0,0,0,0,125,0,0,112,0,0,117,0,120,65,68,0,244,0,0,0,69,61,0,63,51,67,0,0,126,0,0,0,114,0,0,0,124,116,102,0,137,125,121,0,0,65,61,0,0,0,0,0,0,0,0,0,0,0,0,0,0,0,0,0,0,0,0,0,0,0,0,0,0,0,0,0,0,0,0,
 0,0,0,0,0,0,0,0,0,0,0,0,0,63,71,0,121,113,0,0,0,0,125,0,0,125,0,0,0,126,0,124,127,0,117,124,244,124,0,0,0,117,69,61,0,0,63,67,0,0,0,0,127,0,0,0,0,0,124,0,0,126,0,0,0,0,0,54,0,0,0,0,0,0,0,0,0,0,0,0,0,0,0,0,0,0,0,0,0,0,0,0,0,0,0,0,0,0,0,0,
@@ -234,9 +234,9 @@
 3,3,3,3,3,3,3,3,1,1,1,1,3,3,1,1,1,1,1,0,1,0,1,1,1,1,0,0,0,0,1,3,3,1,1,1,0,0,0,0,0,0,0,0,0,0,0,0,0,2,2,2,2,2,2,2,0,0,0,0,0,0,0,0,1,1,1,3,3,3,3,1,1,1,1,3,3,3,3,3,1,1,0,0,0,0,0,0,0,0,0,0,1,1,1,3,3,3,3,3,
 3,3,3,3,3,3,3,1,1,0,1,1,1,1,3,3,3,3,1,1,0,0,0,0,0,0,0,0,1,1,1,3,3,1,1,0,0,0,0,0,0,0,0,0,0,0,0,0,0,0,2,2,2,2,2,2,0,0,0,0,0,0,0,0,1,0,1,3,3,3,3,3,3,3,3,3,3,1,1,1,3,1,0,1,0,0,0,0,0,0,1,1,1,3,3,3,3,3,3,3,
 3,3,3,3,3,3,3,1,0,0,1,0,0,1,3,3,3,3,3,1,1,1,1,0,0,0,0,0,1,3,3,3,3,1,1,0,0,0,0,0,1,1,1,1,0,0,0,0,0,0,2,2,2,2,2,2,0,0,0,0,0,0,0,0,0,0,1,3,3,3,3,3,3,3,3,3,1,1,1,1,3,1,0,0,0,0,0,0,0,0,1,3,3,3,3,3,3,3,3,3,
-3,3,3,3,3,3,3,1,1,0,2,2,2,1,1,1,1,3,3,3,3,3,1,1,0,0,1,0,1,3,3,3,3,3,1,0,0,0,0,1,1,3,3,1,1,0,1,0,0,2,2,2,2,2,2,2,0,0,0,0,0,0,0,0,0,0,1,3,3,3,3,3,3,1,1,1,1,0,0,1,1,1,0,0,0,0,0,0,0,0,1,3,3,3,3,3,3,3,3,3,
-3,3,3,3,3,3,3,1,0,0,0,2,2,0,1,0,1,1,1,1,3,3,3,1,1,1,1,1,1,3,3,3,3,3,1,0,0,0,0,1,1,3,3,3,1,1,1,0,0,2,2,2,2,2,2,2,2,0,0,0,0,0,0,0,0,0,1,3,3,3,3,3,3,1,1,0,0,0,0,0,0,0,0,0,0,0,0,0,0,0,1,1,3,3,3,3,3,3,3,3,
-3,3,3,3,3,3,3,1,1,0,0,2,0,0,0,0,0,0,0,1,1,1,3,3,3,3,1,1,1,3,3,3,3,3,1,0,1,0,0,0,1,1,3,3,3,3,1,1,1,2,2,2,2,2,2,2,2,0,0,0,0,0,1,0,0,0,1,1,3,3,3,1,1,1,0,0,0,0,0,0,0,0,0,0,0,0,0,0,0,1,0,1,3,3,3,3,3,3,3,3,
+3,3,3,3,3,3,3,1,1,0,0,0,0,1,1,1,1,3,3,3,3,3,1,1,0,0,1,0,1,3,3,3,3,3,1,0,0,0,0,1,1,3,3,1,1,0,1,0,0,2,2,2,2,2,2,2,0,0,0,0,0,0,0,0,0,0,1,3,3,3,3,3,3,1,1,1,1,0,0,1,1,1,0,0,0,0,0,0,0,0,1,3,3,3,3,3,3,3,3,3,
+3,3,3,3,3,3,3,1,0,2,4,0,0,0,1,0,1,1,1,1,3,3,3,1,1,1,1,1,1,3,3,3,3,3,1,0,0,0,0,1,1,3,3,3,1,1,1,0,0,2,2,2,2,2,2,2,2,0,0,0,0,0,0,0,0,0,1,3,3,3,3,3,3,1,1,0,0,0,0,0,0,0,0,0,0,0,0,0,0,0,1,1,3,3,3,3,3,3,3,3,
+3,3,3,3,3,3,3,1,1,0,0,0,0,0,0,0,0,0,0,1,1,1,3,3,3,3,1,1,1,3,3,3,3,3,1,0,1,0,0,0,1,1,3,3,3,3,1,1,1,2,2,2,2,2,2,2,2,0,0,0,0,0,1,0,0,0,1,1,3,3,3,1,1,1,0,0,0,0,0,0,0,0,0,0,0,0,0,0,0,1,0,1,3,3,3,3,3,3,3,3,
 3,3,3,3,3,3,3,1,1,0,0,0,0,0,0,0,0,0,0,1,0,1,1,3,3,3,3,3,3,3,3,3,3,3,1,1,0,0,0,0,0,1,1,3,3,3,3,3,1,2,1,2,2,2,2,2,2,0,0,1,1,1,0,0,1,0,0,1,1,3,1,1,0,0,0,0,1,1,1,1,0,0,0,0,0,0,0,0,0,0,0,1,3,3,3,3,3,3,3,3,
 3,3,3,3,3,3,3,3,1,0,0,0,0,0,0,0,0,0,0,0,0,0,1,3,3,3,3,3,1,1,1,1,3,3,3,1,1,1,1,0,0,1,1,3,3,3,3,3,1,2,2,2,2,2,2,2,2,0,0,1,3,1,1,1,0,0,0,0,1,1,1,0,0,0,0,0,1,3,3,1,1,1,1,0,0,0,0,0,0,0,0,1,1,3,3,3,3,3,3,3,
 3,3,3,3,3,3,3,3,1,1,1,0,1,0,1,1,1,1,0,0,0,0,1,3,3,3,3,1,1,0,0,1,1,3,3,3,3,3,1,1,0,0,1,1,1,3,3,1,1,2,2,2,2,2,2,2,1,0,0,1,3,3,3,1,1,1,0,0,0,0,0,0,0,0,0,1,1,3,3,3,3,3,1,0,1,0,1,0,0,0,1,1,1,3,3,3,3,3,3,3,
@@ -260,8 +260,8 @@
 3,3,3,3,3,3,3,1,1,1,0,0,1,1,1,3,1,1,0,1,1,1,3,3,3,3,3,1,0,0,0,0,1,3,3,3,3,3,3,3,3,3,3,3,3,1,1,1,1,1,1,3,1,1,2,2,2,2,2,2,2,1,1,1,3,3,3,3,3,3,3,3,3,3,3,3,3,3,3,3,3,3,3,3,3,3,3,3,3,3,3,3,3,3,3,3,3,3,3,3,
 3,3,3,3,3,3,3,3,3,1,1,0,0,0,1,3,1,1,0,1,0,1,1,3,3,3,3,1,1,0,0,0,1,3,3,3,3,1,1,1,1,1,1,3,1,1,0,0,0,0,1,1,3,1,2,2,2,2,2,2,2,2,2,1,1,3,3,3,3,3,3,3,3,3,3,3,3,3,3,3,3,3,3,3,3,3,3,3,3,3,3,3,3,3,3,3,3,3,3,3,
 3,3,3,3,3,3,3,3,3,3,1,0,0,0,1,1,1,0,0,0,0,0,1,1,3,3,3,1,1,0,0,1,1,3,3,3,1,1,0,1,0,0,1,1,1,0,0,0,0,0,1,1,1,1,2,2,2,2,2,2,2,2,2,2,1,1,3,3,3,3,3,3,3,3,3,3,3,3,3,3,3,3,3,3,3,3,3,3,3,3,3,3,3,3,3,3,3,3,3,3,
-3,3,3,3,3,3,3,3,3,3,1,1,0,0,1,1,1,0,0,0,2,0,1,1,1,3,3,3,1,1,0,1,1,3,3,3,1,1,0,0,0,0,0,0,0,0,0,0,0,0,0,0,0,2,2,2,2,2,2,2,2,2,2,2,1,1,3,3,3,3,3,3,3,3,3,3,3,3,3,3,3,3,3,3,3,3,3,3,3,3,3,3,3,3,3,3,3,3,3,3,
-3,3,3,3,3,3,3,3,3,3,1,1,1,0,0,0,0,0,0,0,2,0,0,0,1,1,1,3,1,1,1,1,1,1,3,3,1,0,0,0,0,0,0,0,0,0,0,0,0,1,0,0,1,1,2,2,2,2,2,0,1,2,2,2,2,2,1,3,3,3,3,3,3,3,3,3,3,3,3,3,3,3,3,3,3,3,3,3,3,3,3,3,3,3,3,3,3,3,3,3,
+3,3,3,3,3,3,3,3,3,3,1,1,0,0,1,1,1,0,0,0,0,0,1,1,1,3,3,3,1,1,0,1,1,3,3,3,1,1,0,0,0,0,0,0,0,0,0,0,0,0,0,0,0,2,2,2,2,2,2,2,2,2,2,2,1,1,3,3,3,3,3,3,3,3,3,3,3,3,3,3,3,3,3,3,3,3,3,3,3,3,3,3,3,3,3,3,3,3,3,3,
+3,3,3,3,3,3,3,3,3,3,1,1,1,0,0,0,0,0,0,0,0,0,0,0,1,1,1,3,1,1,1,1,1,1,3,3,1,0,0,0,0,0,0,0,0,0,0,0,0,1,0,0,1,1,2,2,2,2,2,0,1,2,2,2,2,2,1,3,3,3,3,3,3,3,3,3,3,3,3,3,3,3,3,3,3,3,3,3,3,3,3,3,3,3,3,3,3,3,3,3,
 3,3,3,3,3,3,3,3,3,3,3,3,1,1,0,0,0,1,0,0,0,0,0,0,0,0,1,1,1,1,1,1,1,1,1,1,1,0,0,0,0,1,1,1,1,0,0,0,0,0,0,0,2,2,2,2,2,2,2,0,0,0,2,2,2,2,1,3,3,3,3,3,3,3,3,3,3,3,3,3,3,3,3,3,3,3,3,3,3,3,3,3,3,3,3,3,3,3,3,3,
 3,3,3,3,3,3,3,3,3,3,3,3,3,1,1,0,0,0,0,0,0,0,0,0,0,0,0,0,0,0,0,0,0,0,1,1,0,1,0,0,0,1,1,3,1,1,1,0,0,0,0,0,2,2,2,2,2,0,0,2,0,2,2,2,2,2,1,1,3,3,3,3,3,3,3,3,3,3,3,3,3,3,3,3,3,3,3,3,3,3,3,3,3,3,3,3,3,3,3,3,
 3,3,3,3,3,3,3,3,3,3,3,3,3,1,1,0,0,0,0,0,0,0,0,0,0,0,0,0,0,0,0,0,0,0,0,0,1,0,0,0,0,0,1,1,3,3,1,1,0,0,0,0,0,2,2,2,2,0,0,0,0,0,0,2,2,2,2,1,1,3,3,3,3,3,3,3,3,3,3,3,3,3,3,3,3,3,3,3,3,3,3,3,3,3,3,3,3,3,3,3,
@@ -287,11 +287,6 @@
     <property name="intermap" value="maps/salted_field.txt,56,12"/>
    </properties>
   </object>
-  <object id="2" name="to Family Crypt" type="on_trigger" x="288" y="1120" width="128" height="128">
-   <properties>
-    <property name="intermap" value="maps/family_crypt.txt,31,39"/>
-   </properties>
-  </object>
   <object id="3" name="to Goblin Camp" type="on_trigger" x="1632" y="2464" width="128" height="32">
    <properties>
     <property name="intermap" value="maps/goblin_camp.txt,5,2"/>
@@ -322,11 +317,11 @@
     <property name="tooltip" value="Supplies"/>
    </properties>
   </object>
-  <object id="22" name="Supplies" type="on_trigger" x="640" y="1984" width="32" height="32">
+  <object id="22" name="Supplies" type="on_trigger" x="320" y="1152" width="32" height="32">
    <properties>
     <property name="hotspot" value="location"/>
     <property name="loot" value="loot/leveled_low.txt"/>
-    <property name="mapmod" value="object,20,62,97"/>
+    <property name="mapmod" value="object,10,36,97"/>
     <property name="repeat" value="false"/>
     <property name="soundfx" value="soundfx/wood_open.ogg"/>
     <property name="tooltip" value="Supplies"/>
@@ -468,7 +463,7 @@
    </properties>
   </object>
  </objectgroup>
- <objectgroup name="enemy" visible="0">
+ <objectgroup name="enemy">
   <object id="5" name="zombies" type="zombie" x="384" y="608" width="192" height="384">
    <properties>
     <property name="level" value="1,2"/>
@@ -541,5 +536,11 @@
     <property name="number" value="2,4"/>
    </properties>
   </object>
+  <object id="50" name="zombies" type="zombie" x="256" y="1088" width="384" height="192">
+   <properties>
+    <property name="level" value="1,2"/>
+    <property name="number" value="2,4"/>
+   </properties>
+  </object>
  </objectgroup>
 </map>
