diff --git a/mods/empyrean_campaign/maps/black_oak_city.txt b/mods/empyrean_campaign/maps/black_oak_city.txt
index c8c6bdb52a61dfe68c75529855dd067ebd78414a..d47c94779620c1ea53a86d12f5e32d4f0f89e3c3 100644
--- a/mods/empyrean_campaign/maps/black_oak_city.txt
+++ b/mods/empyrean_campaign/maps/black_oak_city.txt
@@ -176,7 +176,7 @@ data=
 0,0,0,0,0,0,0,0,0,0,48,0,100,0,0,0,0,0,0,0,0,0,0,105,0,0,0,0,0,0,0,0,66,58,0,0,52,123,0,0,251,72,0,0,0,0,0,0,0,0,221,0,0,0,54,0,0,52,0,0,0,0,0,0,65,57,0,52,255,0,0,0,0,0,0,0,0,0,65,53,61,0,0,0,0,0,56,53,53,53,53,49,53,49,49,53,49,53,53,53,
 0,0,0,0,0,0,0,0,0,0,48,0,211,0,0,0,0,0,0,0,0,0,0,104,139,0,0,0,0,0,0,0,65,53,49,49,64,0,0,0,0,0,0,102,0,0,0,0,0,0,220,0,0,0,54,0,0,52,0,211,0,0,0,0,0,50,0,59,67,0,0,0,0,0,0,0,0,0,0,0,65,53,61,0,60,53,64,252,0,123,116,0,248,106,107,0,254,123,127,94,
 0,0,0,0,0,0,0,0,0,0,48,0,210,0,0,0,0,0,0,0,0,0,0,0,0,0,0,0,0,0,0,0,0,0,0,255,0,0,0,0,0,0,0,0,0,124,0,216,217,218,219,0,0,255,54,0,0,48,0,210,0,0,0,0,0,50,0,0,48,0,0,0,0,0,0,0,0,0,0,0,0,0,69,53,68,122,0,0,0,0,0,0,0,0,0,125,0,0,0,94,
-0,0,0,0,0,0,0,0,0,0,52,208,209,0,0,0,0,0,0,0,0,0,0,0,0,0,0,0,0,0,0,0,0,0,0,0,0,0,0,0,0,0,0,0,0,0,0,0,0,0,0,0,0,0,50,0,0,52,208,209,0,0,0,0,0,69,57,0,48,0,0,0,0,0,252,0,0,126,0,0,0,0,0,253,113,0,0,0,0,0,0,0,0,126,0,0,0,0,0,94,
+0,0,0,0,0,0,0,0,0,0,52,208,209,0,0,0,0,0,0,0,0,0,0,0,0,0,0,0,0,0,0,0,0,0,0,0,0,0,0,0,0,0,0,0,0,0,0,0,93,0,0,0,0,0,50,0,0,52,208,209,0,0,0,0,0,69,57,0,48,0,0,0,0,0,252,0,0,126,0,0,0,0,0,253,113,0,0,0,0,0,0,0,0,126,0,0,0,0,0,94,
 0,0,0,0,0,0,0,0,0,0,48,0,0,0,0,125,0,0,243,0,0,0,0,0,0,0,0,0,0,0,0,0,70,51,55,71,0,0,0,0,0,0,0,0,0,0,0,0,0,0,0,0,0,0,54,0,0,59,71,117,0,0,0,0,0,0,54,0,48,247,0,0,0,0,0,0,0,139,0,0,0,0,0,0,0,0,0,0,0,0,0,0,0,0,0,0,0,0,0,94,
 0,0,0,0,0,0,0,0,0,0,59,67,252,0,0,0,0,0,0,0,0,0,105,0,242,0,0,115,0,0,0,0,54,0,0,52,117,0,0,0,0,0,0,246,66,51,55,67,0,0,0,0,0,249,54,0,0,0,48,0,0,0,0,0,0,0,54,0,59,71,0,0,0,0,0,0,0,128,124,0,0,0,0,0,126,0,0,0,0,244,0,0,70,51,51,51,55,55,55,51,
 0,0,0,0,0,0,0,0,0,0,0,48,0,123,0,0,0,0,0,0,0,117,104,0,0,0,0,0,0,0,0,0,65,61,0,48,0,0,0,0,0,0,66,55,62,0,0,63,55,67,244,0,0,0,50,0,0,0,48,251,0,0,0,0,0,0,50,0,0,52,0,0,0,0,0,0,0,0,0,0,0,0,0,0,0,0,0,66,55,55,51,55,62,0,0,0,0,0,0,0,
diff --git a/mods/empyrean_campaign/maps/black_oak_farm.txt b/mods/empyrean_campaign/maps/black_oak_farm.txt
index 0f3ef9330da86d906d79f4e8ac6d27238278613e..d4bf0fc3f25d4bc1c90a837bca25b02048ede92d 100644
--- a/mods/empyrean_campaign/maps/black_oak_farm.txt
+++ b/mods/empyrean_campaign/maps/black_oak_farm.txt
@@ -139,7 +139,7 @@ data=
 92,0,0,0,254,0,0,0,69,61,0,0,0,59,67,0,252,0,0,0,0,0,0,0,0,0,0,0,0,0,0,0,0,0,0,0,108,0,0,0,0,0,0,0,0,0,0,0,0,0,0,0,0,0,0,0,0,0,0,0,0,0,0,0,0,0,0,0,0,0,0,0,0,0,0,0,0,0,0,69,61,0,0,0,0,0,0,0,0,0,0,0,0,0,0,0,0,0,0,0,
 92,0,0,0,0,0,0,0,251,69,61,0,0,0,59,71,0,0,0,0,0,0,0,0,0,0,0,0,0,0,252,0,0,0,0,0,0,0,0,0,0,0,0,0,0,0,0,0,0,0,0,0,0,0,0,0,246,0,0,0,0,0,0,0,0,121,0,0,130,0,0,0,0,0,0,0,0,0,0,0,69,57,0,0,0,0,0,0,0,0,0,0,0,0,0,0,0,0,0,0,
 92,0,0,0,0,0,0,0,0,0,65,61,0,0,0,48,0,0,0,0,0,0,0,0,0,242,0,0,0,0,0,0,0,0,0,0,0,0,0,0,0,0,0,0,0,0,0,0,240,0,0,0,0,0,0,0,0,0,0,0,0,0,131,0,0,0,0,114,0,0,0,0,0,0,0,0,0,0,0,0,252,65,57,0,0,0,0,0,0,0,0,0,0,0,0,0,0,0,0,0,
-92,0,0,0,0,0,0,0,0,0,0,69,57,0,0,48,254,0,120,0,0,0,0,0,0,0,0,0,0,0,122,0,0,0,0,0,0,0,0,0,0,0,0,0,0,0,0,0,0,0,0,129,0,130,115,0,0,0,115,0,0,0,0,121,0,0,0,0,0,0,0,0,0,0,0,0,0,0,0,0,0,0,69,57,0,0,0,0,0,0,0,0,0,0,0,0,0,0,0,0,
+92,0,0,0,0,0,0,0,0,0,0,69,57,0,0,48,254,0,120,0,0,0,0,0,0,0,0,0,0,0,122,0,0,93,93,0,0,0,0,0,0,0,0,0,0,0,0,0,0,0,0,129,0,130,115,0,0,0,115,0,0,0,0,121,0,0,0,0,0,0,0,0,0,0,0,0,0,0,0,0,0,0,69,57,0,0,0,0,0,0,0,0,0,0,0,0,0,0,0,0,
 55,55,55,55,55,55,67,0,0,0,0,0,65,61,0,52,123,0,0,0,0,0,0,0,0,0,0,0,0,0,0,0,0,0,0,0,0,0,0,0,0,0,0,0,0,0,0,0,115,0,0,0,0,0,0,0,0,0,0,0,0,0,0,0,0,0,0,0,0,0,114,0,0,121,0,0,0,0,0,0,0,0,0,54,0,0,0,0,0,0,0,0,0,0,0,0,0,0,0,0,
 0,0,0,0,0,0,52,0,0,0,0,0,254,54,0,48,0,0,0,0,0,0,0,0,0,0,0,0,0,0,0,0,0,0,0,0,0,0,0,0,0,0,0,0,0,0,0,0,0,0,0,0,0,0,0,0,0,0,0,0,0,0,0,0,0,0,0,0,0,0,0,0,0,0,0,0,0,0,0,0,0,0,0,69,61,0,0,0,0,0,0,0,0,0,0,0,0,0,0,0,
 0,0,0,0,0,0,52,255,0,0,0,0,0,54,0,59,71,0,0,0,0,0,0,0,0,0,0,0,0,246,0,0,0,0,0,0,0,0,0,0,0,0,0,0,249,0,0,0,0,0,0,0,0,0,0,0,0,0,0,0,0,0,0,0,114,0,0,0,0,0,0,0,0,0,0,0,0,0,0,123,0,0,0,249,50,0,0,0,0,0,0,0,0,0,0,0,0,0,0,0,
@@ -197,7 +197,7 @@ data=
 0,0,0,0,0,0,0,0,0,0,0,0,0,0,0,0,0,0,59,67,0,0,0,0,0,0,0,0,0,0,0,0,0,0,0,0,0,0,0,0,0,0,0,0,0,0,0,0,0,0,0,0,0,0,0,0,0,0,0,0,0,0,116,117,117,116,117,116,116,116,0,121,0,120,0,105,0,0,0,0,0,70,51,51,51,51,58,0,0,0,0,0,0,0,0,0,0,0,0,0,
 0,0,0,0,0,0,0,0,0,0,0,0,0,0,0,0,0,0,0,48,254,0,0,122,0,0,0,0,0,0,0,0,0,243,0,0,0,0,0,0,0,0,0,0,0,0,0,0,0,105,0,128,0,0,0,0,0,0,0,0,255,0,0,0,0,0,0,0,0,0,0,121,0,120,0,104,0,0,0,66,51,62,0,0,0,0,0,0,0,0,0,0,0,0,0,0,0,0,0,0,
 0,0,0,0,0,0,0,0,0,0,0,0,0,0,0,0,0,0,60,64,0,0,0,0,0,0,0,0,0,0,0,0,0,0,0,0,0,0,0,0,0,0,0,241,0,0,0,246,0,104,0,0,0,0,0,0,0,0,0,0,0,0,0,0,0,0,0,0,0,0,0,0,0,0,0,105,0,254,0,54,0,0,0,0,0,0,0,0,0,0,0,0,0,0,0,0,0,0,0,0,
-0,0,0,0,0,0,0,0,60,53,53,49,49,53,49,57,0,56,64,0,0,0,0,0,0,0,0,0,0,0,0,0,0,0,0,0,0,296,0,0,142,140,0,0,0,0,0,0,0,0,0,120,0,0,0,0,0,0,0,0,0,0,0,0,0,0,0,0,0,0,0,0,0,0,0,104,0,0,0,54,0,0,0,0,0,0,0,0,0,0,0,0,0,0,0,0,0,0,0,0,
+0,0,0,0,0,0,0,0,60,53,53,49,49,53,49,57,0,56,64,0,0,0,0,0,0,0,0,0,0,0,0,0,0,0,0,0,0,296,93,93,142,140,0,0,0,0,0,0,0,0,0,120,0,0,0,0,0,0,0,0,0,0,0,0,0,0,0,0,0,0,0,0,0,0,0,104,0,0,0,54,0,0,0,0,0,0,0,0,0,0,0,0,0,0,0,0,0,0,0,0,
 0,0,0,0,0,0,0,60,68,249,131,0,252,105,134,50,0,48,252,0,0,0,0,0,0,0,0,0,0,0,0,0,0,0,0,0,0,0,0,0,0,118,0,0,0,0,0,0,0,105,0,129,0,0,0,0,0,0,0,0,0,0,0,0,0,0,0,0,0,0,0,0,0,0,0,109,0,0,0,50,0,0,0,0,0,0,0,0,0,0,0,0,0,0,0,0,0,0,0,0,
 0,0,0,0,0,0,56,68,0,0,0,0,0,104,0,65,53,64,0,0,0,0,0,0,0,0,0,0,0,0,0,0,0,0,0,0,0,0,0,0,0,0,0,0,0,0,0,0,0,104,0,0,121,0,0,0,0,0,0,240,0,0,0,0,0,0,0,0,0,0,0,0,0,0,0,108,0,0,0,65,61,0,0,0,0,0,0,0,0,0,0,0,0,0,0,0,0,0,0,0,
 0,0,0,0,0,60,68,0,249,0,0,0,0,0,0,0,0,0,0,0,0,0,0,0,0,0,0,0,0,0,0,0,0,0,0,0,0,0,0,0,0,0,0,0,0,0,0,0,0,0,0,0,0,0,0,0,0,0,0,0,0,0,0,0,0,0,0,0,0,0,0,0,0,0,0,0,0,0,0,0,69,61,0,0,0,0,0,0,0,0,0,0,0,0,0,0,0,0,0,0,
diff --git a/mods/empyrean_campaign/maps/lake_kuuma.txt b/mods/empyrean_campaign/maps/lake_kuuma.txt
index 64136e6a3f48aef1d9f86f55f6f0468f8e94cc7e..a15c43e75c96b93b7572349c21a72669b3fb2336 100644
--- a/mods/empyrean_campaign/maps/lake_kuuma.txt
+++ b/mods/empyrean_campaign/maps/lake_kuuma.txt
@@ -458,7 +458,7 @@ data=
 0,0,0,0,0,0,0,0,0,0,0,0,0,0,0,0,0,0,0,0,0,0,52,247,133,0,0,135,0,0,54,0,0,0,0,0,0,0,0,0,0,0,0,0,0,0,0,0,0,56,49,49,53,57,0,48,0,246,0,0,0,0,0,0,0,0,0,0,0,0,0,0,0,0,0,0,0,0,0,0,0,0,0,0,0,0,0,0,0,0,0,0,0,0,0,0,0,0,0,0,0,0,0,0,0,0,100,0,0,0,0,54,0,0,0,0,0,0,0,0,0,0,0,0,0,0,0,0,0,0,0,0,
 0,0,0,0,0,0,0,0,0,0,0,0,0,0,0,0,0,0,0,0,0,0,48,0,0,118,142,0,0,0,50,0,0,0,0,0,0,0,0,56,53,53,53,49,57,0,0,60,53,64,565,0,0,69,49,68,0,0,0,0,0,0,0,0,0,0,0,0,0,0,0,0,0,0,0,0,0,0,0,0,0,0,0,0,0,0,0,0,0,0,0,0,0,0,530,531,526,527,0,542,0,0,0,0,0,0,0,0,0,0,70,62,0,0,0,0,0,0,0,0,0,0,0,0,0,0,0,0,0,0,0,0,
 0,0,0,0,0,0,0,0,0,0,0,0,0,0,0,0,0,0,0,0,0,0,52,132,0,0,119,0,132,0,54,0,0,0,0,0,0,60,53,68,0,565,0,0,50,0,0,52,0,247,0,0,0,0,0,0,0,0,0,0,0,0,0,0,0,244,66,51,51,51,51,55,55,51,67,245,0,0,0,0,0,0,0,0,0,0,0,0,0,0,0,0,545,0,0,0,0,0,0,0,522,0,0,0,0,0,121,0,0,0,50,0,0,0,0,0,0,0,0,0,0,0,0,0,0,0,0,0,0,0,0,0,
-0,0,0,0,0,0,0,0,0,0,0,0,0,0,0,0,0,0,0,0,0,0,59,71,0,0,0,0,0,0,50,0,0,0,0,56,53,64,0,0,244,0,566,245,65,53,49,64,0,0,0,0,0,246,0,0,0,0,0,121,0,0,0,66,55,55,62,0,0,0,0,0,0,0,59,51,55,55,71,136,0,0,0,0,0,0,0,0,0,0,0,544,0,0,0,0,0,0,0,0,0,744,0,0,120,120,0,0,0,0,54,0,0,0,0,0,0,0,0,0,0,0,0,0,0,0,0,0,0,0,0,0,
+0,0,0,0,0,0,0,0,0,0,0,0,0,0,0,0,0,0,0,0,0,0,59,71,0,0,0,0,0,0,50,0,0,0,0,56,53,64,0,0,244,0,566,245,65,53,49,64,0,0,0,0,0,246,0,0,0,0,0,121,0,0,0,66,55,55,62,0,0,0,0,0,0,0,59,51,55,55,71,136,0,0,0,0,0,0,0,0,0,0,0,544,0,0,0,0,0,0,0,0,0,744,93,93,120,120,0,0,0,0,54,0,0,0,0,0,0,0,0,0,0,0,0,0,0,0,0,0,0,0,0,0,
 0,0,0,0,0,0,0,0,0,0,0,0,0,0,0,0,0,0,0,0,0,0,0,48,0,0,0,0,0,0,54,0,0,0,60,68,0,0,0,0,0,0,0,0,0,0,0,0,0,0,0,0,0,0,0,0,0,0,0,530,531,0,0,50,0,0,0,0,0,0,0,0,0,0,0,0,0,0,59,71,0,0,0,0,0,0,0,0,0,0,0,66,51,51,51,55,67,0,0,0,0,0,0,0,0,103,0,0,244,0,50,0,0,0,0,0,0,0,0,0,0,0,0,0,0,0,0,0,0,0,0,0,
 0,0,0,0,0,0,0,0,0,0,0,0,0,0,0,0,0,0,0,0,0,0,60,68,0,0,0,0,0,0,50,0,0,60,68,0,0,247,0,0,0,0,0,0,0,0,0,0,0,0,0,0,0,0,0,0,0,0,0,536,109,0,0,50,0,0,0,0,0,0,0,0,0,0,0,0,0,0,0,48,0,0,0,0,136,0,567,244,0,70,55,62,0,0,0,0,59,67,244,0,0,0,0,0,0,0,0,0,0,0,50,0,0,0,0,0,0,0,0,0,0,0,0,0,0,0,0,0,0,0,0,0,
 0,0,0,0,0,0,0,0,0,0,0,0,0,0,0,0,0,0,0,0,0,0,48,246,0,0,0,0,0,0,54,0,60,64,0,0,0,0,0,0,0,0,0,0,0,0,0,0,0,0,0,0,0,0,0,0,0,0,0,130,108,120,0,50,0,0,0,0,0,0,0,0,0,0,0,0,0,0,0,59,51,67,0,246,0,0,0,0,0,54,0,0,0,0,0,0,0,59,67,0,121,125,136,0,0,0,0,0,0,0,54,0,0,0,0,0,0,0,0,0,0,0,0,0,0,0,0,0,0,0,0,0,
diff --git a/mods/empyrean_campaign/maps/lochport.txt b/mods/empyrean_campaign/maps/lochport.txt
index d35a59e238303bf813c45ad8e8a335f8059fbb00..cc88346963e97f5f33f3f4ac4a922016cea89d1b 100644
--- a/mods/empyrean_campaign/maps/lochport.txt
+++ b/mods/empyrean_campaign/maps/lochport.txt
@@ -21,11 +21,11 @@ tileset=../../../tiled/grassland/tiled_grassland_2x2.png,128,64,0,16
 [layer]
 type=background
 data=
-0,0,0,0,0,0,0,0,0,0,0,0,0,0,0,0,0,0,0,0,0,0,0,0,0,0,0,0,0,0,0,0,0,0,0,0,0,0,0,0,16,17,18,19,16,17,18,0,0,0,
-0,0,0,0,0,0,0,0,0,0,0,0,0,0,0,0,0,0,0,0,0,0,0,0,0,0,0,0,0,0,0,0,0,0,0,0,0,0,0,0,20,21,22,23,20,21,22,0,0,0,
-0,0,0,0,0,0,0,0,0,0,26,27,24,25,0,0,0,0,0,0,0,0,0,0,0,0,0,0,0,0,0,0,0,0,0,0,0,0,0,0,24,25,26,27,24,25,26,0,0,0,
-28,29,30,31,0,0,0,0,0,29,30,31,28,29,30,31,0,0,0,0,0,0,0,0,0,0,0,0,0,0,0,0,0,0,0,0,0,0,0,0,28,29,33,42,28,29,30,0,0,0,
-149,153,18,19,16,17,18,19,16,17,18,19,16,17,18,19,16,0,0,0,0,0,0,0,0,0,0,0,0,0,0,0,0,0,0,0,0,0,0,19,16,17,18,41,16,17,18,0,0,0,
+0,0,0,0,0,0,0,0,0,0,0,0,0,0,0,0,0,0,0,0,0,0,0,0,0,0,0,0,0,0,0,0,0,0,0,0,0,0,0,0,16,17,18,19,16,0,0,0,0,0,
+0,0,0,0,0,0,0,0,0,0,0,0,0,0,0,0,0,0,0,0,0,0,0,0,0,0,0,0,0,0,0,0,0,0,0,0,0,0,0,0,20,21,22,23,20,0,0,0,0,0,
+0,0,0,0,0,0,0,0,0,0,26,27,24,25,0,0,0,0,0,0,0,0,0,0,0,0,0,0,0,0,0,0,0,0,0,0,0,0,0,0,24,25,26,27,24,0,0,0,0,0,
+28,29,30,31,0,0,0,0,0,29,30,31,28,29,30,31,0,0,0,0,0,0,0,0,0,0,0,0,0,0,0,0,0,0,0,0,0,0,0,0,28,29,33,42,28,0,0,0,0,0,
+149,153,18,19,16,17,18,19,16,17,18,19,16,17,18,19,16,0,0,0,0,0,0,0,0,0,0,0,0,0,0,0,0,0,0,0,0,0,0,19,16,17,18,41,16,17,0,0,0,0,
 176,161,153,23,20,21,22,23,20,21,22,23,20,21,22,23,20,21,22,23,20,21,0,0,0,0,0,0,0,21,22,23,20,0,0,0,0,21,22,23,20,21,22,39,20,21,22,0,0,0,
 180,181,150,27,24,25,26,27,24,25,26,27,24,25,26,27,24,25,26,27,24,25,26,27,24,25,26,27,24,25,26,27,24,25,26,27,24,25,26,27,24,25,35,45,24,25,26,0,0,0,
 184,185,146,31,28,29,30,31,28,29,30,31,28,29,30,31,28,29,30,31,28,29,30,31,28,29,30,31,28,29,30,31,28,29,30,31,28,29,30,31,28,29,45,37,28,29,30,0,0,0,
@@ -85,11 +85,11 @@ data=
 [layer]
 type=object
 data=
-0,0,0,0,0,0,0,0,0,0,0,0,0,0,0,0,0,0,0,0,0,0,0,0,0,0,0,0,0,0,0,0,0,0,0,0,0,0,0,0,52,93,93,93,93,93,93,50,0,0,
-0,0,0,0,0,0,0,0,0,0,0,0,0,0,0,0,0,0,0,0,0,0,0,0,0,0,0,0,0,0,0,0,0,0,0,0,0,0,0,0,52,249,0,0,0,0,0,54,0,0,
-0,0,0,0,0,0,0,0,0,60,53,49,53,49,57,0,0,0,0,0,0,0,0,0,0,0,0,0,0,0,0,0,0,0,0,0,0,0,0,0,52,0,0,0,0,0,0,50,0,0,
-49,49,53,53,57,0,0,0,56,68,0,0,0,0,69,49,57,0,0,0,0,0,0,0,0,0,0,0,0,0,0,0,0,0,0,0,0,0,0,60,64,0,0,0,0,0,0,54,0,0,
-0,0,0,0,69,53,53,53,68,0,0,251,0,0,0,252,69,61,0,0,0,0,0,0,0,0,0,0,0,0,0,0,0,0,0,0,0,0,56,68,255,0,0,0,0,0,0,54,0,0,
+0,0,0,0,0,0,0,0,0,0,0,0,0,0,0,0,0,0,0,0,0,0,0,0,0,0,0,0,0,0,0,0,0,0,0,0,0,0,0,0,52,93,93,93,93,50,0,0,0,0,
+0,0,0,0,0,0,0,0,0,0,0,0,0,0,0,0,0,0,0,0,0,0,0,0,0,0,0,0,0,0,0,0,0,0,0,0,0,0,0,0,52,249,0,0,0,50,0,0,0,0,
+0,0,0,0,0,0,0,0,0,60,53,49,53,49,57,0,0,0,0,0,0,0,0,0,0,0,0,0,0,0,0,0,0,0,0,0,0,0,0,0,52,0,0,0,0,50,0,0,0,0,
+49,49,53,53,57,0,0,0,56,68,0,0,0,0,69,49,57,0,0,0,0,0,0,0,0,0,0,0,0,0,0,0,0,0,0,0,0,0,0,60,64,0,0,0,0,50,0,0,0,0,
+0,0,0,0,69,53,53,53,68,0,0,251,0,0,0,252,69,61,0,0,0,0,0,0,0,0,0,0,0,0,0,0,0,0,0,0,0,0,56,68,255,0,0,0,0,69,53,57,0,0,
 0,0,0,0,0,0,0,250,0,0,0,0,0,0,0,0,0,69,49,49,53,49,61,0,0,0,0,0,56,49,53,49,53,61,0,0,60,49,64,0,0,0,0,0,0,0,0,54,0,0,
 0,0,0,0,0,0,0,0,0,0,136,0,0,0,0,0,0,0,0,0,253,0,69,49,49,49,49,53,64,0,251,0,0,69,53,49,64,0,0,109,0,0,0,0,0,0,0,54,0,0,
 0,0,0,0,0,255,0,0,0,0,0,0,0,0,101,137,0,0,0,0,0,0,0,0,0,105,0,252,0,0,0,0,0,0,255,0,0,0,126,108,0,0,0,0,0,0,0,54,0,0,
@@ -128,13 +128,13 @@ data=
 0,0,0,0,0,245,0,0,247,0,0,121,0,114,0,0,0,0,0,0,0,0,0,0,0,0,0,0,0,0,0,126,130,0,0,108,0,0,0,0,0,251,0,0,0,0,0,54,0,0,
 0,0,0,0,0,129,0,0,0,0,246,122,0,0,120,0,0,0,0,173,0,0,0,0,0,0,0,0,242,0,0,0,0,0,0,0,0,0,0,0,0,0,0,0,0,0,66,58,0,0,
 0,0,0,0,0,0,0,0,130,122,0,124,0,129,0,0,0,0,0,172,0,0,0,0,0,0,0,0,0,0,128,0,102,0,0,105,0,0,0,0,0,211,0,0,0,0,54,0,0,0,
-0,0,0,0,0,0,0,0,0,0,0,0,0,0,0,0,0,0,0,171,0,0,0,0,0,0,0,0,0,0,124,0,0,0,0,104,0,0,0,0,0,210,0,0,0,0,50,0,0,0,
+0,0,0,0,0,0,95,0,0,0,0,0,0,0,0,0,0,0,0,171,0,0,0,0,0,0,0,0,0,0,124,0,0,0,0,104,0,0,0,0,0,210,0,0,0,0,50,0,0,0,
 0,0,0,0,0,0,0,0,0,0,0,244,0,120,0,0,0,0,0,0,0,0,0,0,0,0,0,241,0,0,0,0,0,0,122,139,0,0,0,0,208,209,0,0,0,0,54,0,0,0,
 0,0,0,0,0,0,0,0,222,0,0,0,0,0,0,0,0,0,0,0,0,0,0,133,0,0,0,0,0,0,106,107,0,110,111,0,0,0,0,0,0,0,0,0,0,0,54,0,0,0,
 0,0,0,0,0,0,0,0,221,0,122,0,0,0,0,0,0,0,0,0,0,0,0,0,0,0,0,0,0,0,0,0,0,0,0,0,0,0,0,105,106,107,110,111,0,0,54,0,0,0,
 0,0,0,0,0,0,0,0,220,0,0,119,0,0,0,0,0,0,0,0,0,0,0,0,124,0,0,0,0,0,0,0,0,0,0,0,0,0,0,104,113,114,117,121,0,0,54,0,0,0,
 0,0,0,0,0,216,217,218,219,0,0,0,0,0,0,0,0,0,0,0,0,0,0,0,0,0,0,122,0,0,0,0,0,0,0,0,0,0,0,105,112,115,116,121,0,0,65,57,0,0,
-0,0,0,0,0,0,0,119,0,0,0,0,0,0,0,0,0,0,0,0,0,0,0,132,0,124,0,0,0,0,0,0,0,0,0,0,0,0,0,104,113,115,117,120,0,0,0,50,0,0,
+0,0,0,0,0,0,93,119,0,0,0,0,0,0,0,0,0,0,0,0,0,0,0,132,0,124,0,0,0,0,0,0,0,0,0,0,0,0,0,104,113,115,117,120,0,0,0,50,0,0,
 0,0,0,0,246,0,0,0,0,0,0,0,0,0,0,0,0,0,0,0,0,0,0,0,0,0,0,0,0,0,0,0,0,0,0,0,0,0,0,215,113,115,117,120,0,0,0,50,0,0,
 0,0,0,0,130,0,0,0,0,0,130,0,0,114,0,0,0,0,0,0,0,0,0,0,0,0,0,0,0,0,0,0,215,0,0,0,0,212,213,214,112,114,116,121,0,0,0,50,0,0,
 0,0,0,0,0,0,0,245,0,0,0,0,0,0,0,0,0,0,0,0,0,0,0,0,0,0,137,0,0,0,212,213,214,0,0,0,0,0,0,0,0,0,0,0,0,0,0,50,0,0,
@@ -149,11 +149,11 @@ data=
 [layer]
 type=collision
 data=
-3,3,3,3,3,3,3,3,3,3,3,3,3,3,3,3,3,3,3,3,3,3,3,3,3,3,3,3,3,3,3,3,3,3,3,3,3,3,3,3,1,0,0,0,0,0,0,1,3,3,
-3,3,3,3,3,3,3,3,3,3,3,3,3,3,3,3,3,3,3,3,3,3,3,3,3,3,3,3,3,3,3,3,3,3,3,3,3,3,3,3,1,1,0,0,0,0,0,1,3,3,
-3,3,3,3,3,3,3,3,3,1,1,1,1,1,1,3,3,3,3,3,3,3,3,3,3,3,3,3,3,3,3,3,3,3,3,3,3,3,3,3,1,0,0,0,0,0,0,1,3,3,
-1,1,1,1,1,3,3,3,1,1,0,0,0,0,1,1,1,3,3,3,3,3,3,3,3,3,3,3,3,3,3,3,3,3,3,3,3,3,3,1,1,0,0,0,0,0,0,1,3,3,
-2,2,0,0,1,1,1,1,1,0,0,1,0,0,0,1,1,1,3,3,3,3,3,3,3,3,3,3,3,3,3,3,3,3,3,3,3,3,1,1,1,0,0,0,0,0,0,1,3,3,
+3,3,3,3,3,3,3,3,3,3,3,3,3,3,3,3,3,3,3,3,3,3,3,3,3,3,3,3,3,3,3,3,3,3,3,3,3,3,3,3,1,0,0,0,0,1,3,3,3,3,
+3,3,3,3,3,3,3,3,3,3,3,3,3,3,3,3,3,3,3,3,3,3,3,3,3,3,3,3,3,3,3,3,3,3,3,3,3,3,3,3,1,1,0,0,0,1,3,3,3,3,
+3,3,3,3,3,3,3,3,3,1,1,1,1,1,1,3,3,3,3,3,3,3,3,3,3,3,3,3,3,3,3,3,3,3,3,3,3,3,3,3,1,0,0,0,0,1,3,3,3,3,
+1,1,1,1,1,3,3,3,1,1,0,0,0,0,1,1,1,3,3,3,3,3,3,3,3,3,3,3,3,3,3,3,3,3,3,3,3,3,3,1,1,0,0,0,0,1,3,3,3,3,
+2,2,0,0,1,1,1,1,1,0,0,1,0,0,0,1,1,1,3,3,3,3,3,3,3,3,3,3,3,3,3,3,3,3,3,3,3,3,1,1,1,0,0,0,0,1,1,1,3,3,
 2,2,2,0,0,0,0,1,0,0,0,0,0,0,0,0,0,1,1,1,1,1,1,3,3,3,3,3,1,1,1,1,1,1,3,3,1,1,1,0,0,0,0,0,0,0,0,1,3,3,
 2,2,2,0,0,0,0,0,0,0,4,0,0,0,0,0,0,0,0,0,1,0,1,1,1,1,1,1,1,0,1,0,0,1,1,1,1,0,0,4,0,0,0,0,0,0,0,1,3,3,
 2,2,2,0,0,1,0,0,0,0,0,0,0,0,4,4,0,0,0,0,0,0,0,0,0,4,0,1,0,0,0,0,0,0,1,0,0,0,0,4,0,0,0,0,0,0,0,1,3,3,
@@ -213,7 +213,7 @@ data=
 [event]
 # to Lochport Cemetery
 type=event
-location=41,0,6,1
+location=41,0,4,1
 activate=on_trigger
 hotspot=location
 intermap=maps/lochport_cemetery.txt,48,78
diff --git a/mods/empyrean_campaign/maps/lochport_cemetery.txt b/mods/empyrean_campaign/maps/lochport_cemetery.txt
index 39f4b59adae9d225080341360fa62682c3bdcef9..3c6bdb4791798e30f71160e3cba6429e6c2e1a87 100644
--- a/mods/empyrean_campaign/maps/lochport_cemetery.txt
+++ b/mods/empyrean_campaign/maps/lochport_cemetery.txt
@@ -30,8 +30,8 @@ data=
 23,23,18,31,18,22,22,25,25,44,26,28,29,21,27,31,43,45,38,37,32,41,37,45,41,38,21,28,21,25,17,19,31,152,149,145,149,145,149,160,180,181,182,183,180,181,165,157,19,18,25,31,0,0,0,0,0,0,0,0,
 31,18,24,26,19,41,42,47,47,44,25,24,18,26,29,30,21,18,24,23,29,28,19,23,47,35,44,44,21,22,21,27,23,159,167,187,184,185,186,187,184,185,186,187,184,185,186,161,149,153,20,29,26,0,0,0,0,0,0,0,
 24,27,18,30,17,26,29,26,27,27,24,23,20,23,29,18,19,23,31,31,26,28,21,30,19,26,18,25,21,30,19,28,17,27,148,191,188,189,190,191,188,189,190,191,188,189,190,191,188,161,153,18,18,0,0,0,0,0,0,0,
-28,23,27,30,25,26,21,28,17,25,21,0,0,0,0,20,23,20,26,17,17,22,23,19,31,24,19,28,29,29,31,29,24,18,159,163,176,177,178,179,176,177,178,179,176,177,178,179,176,177,165,153,30,28,0,0,0,0,0,0,
-31,17,26,24,18,31,27,26,31,0,0,0,0,0,0,0,0,0,0,0,0,24,21,23,19,30,23,26,20,21,28,27,28,23,23,144,180,181,182,183,180,181,182,183,180,181,182,183,180,181,182,146,25,20,0,0,0,0,0,0,
+0,0,27,30,25,26,21,28,17,25,21,0,0,0,0,20,23,20,26,17,17,22,23,19,31,24,19,28,29,29,31,29,24,18,159,163,176,177,178,179,176,177,178,179,176,177,178,179,176,177,165,153,30,28,0,0,0,0,0,0,
+0,0,26,24,18,31,27,26,31,0,0,0,0,0,0,0,0,0,0,0,0,24,21,23,19,30,23,26,20,21,28,27,28,23,23,144,180,181,182,183,180,181,182,183,180,181,182,183,180,181,182,146,25,20,0,0,0,0,0,0,
 0,0,0,0,0,0,0,0,0,0,0,0,0,0,0,0,0,0,0,0,0,0,0,22,23,27,30,28,30,21,21,25,28,29,31,159,167,185,186,187,184,185,186,187,184,185,186,187,184,185,186,165,157,31,0,0,0,0,0,0,
 0,0,0,0,0,0,0,0,0,0,0,0,0,0,0,0,0,0,0,0,0,0,0,0,0,23,30,23,27,21,17,17,20,27,28,24,144,189,190,191,188,189,166,147,147,147,147,167,188,189,190,191,146,23,0,0,0,0,0,0,
 0,0,0,0,0,0,0,0,0,0,0,0,0,0,0,0,0,0,0,0,0,0,0,0,0,0,23,28,21,21,28,24,18,26,27,24,192,202,202,196,202,202,194,23,17,17,17,155,167,177,178,179,150,30,25,0,0,0,0,0,
@@ -114,9 +114,9 @@ data=
 92,0,0,0,127,0,0,0,0,0,0,0,0,0,0,0,0,127,0,0,0,0,0,0,0,0,0,0,0,0,0,0,0,0,0,0,0,0,0,0,0,0,0,0,0,0,0,0,0,0,0,69,57,0,0,0,0,0,0,0,
 92,0,126,0,0,0,0,0,127,0,0,0,0,0,0,0,0,0,0,0,0,0,0,0,0,0,0,0,0,0,0,245,0,0,0,0,0,0,114,0,0,0,0,0,0,0,0,0,0,0,0,254,65,57,0,0,0,0,0,0,
 92,0,0,123,0,0,0,0,0,0,0,0,0,0,0,122,0,0,0,0,0,0,0,0,0,0,0,0,0,0,0,0,0,0,130,0,0,0,0,0,0,0,0,0,0,0,0,0,0,0,0,0,112,50,0,0,0,0,0,0,
-92,122,0,118,0,125,124,0,0,0,0,70,55,55,51,67,0,0,0,0,0,0,0,0,0,132,0,0,0,0,0,0,0,0,0,0,115,0,0,0,0,0,0,0,0,0,0,0,115,0,0,0,0,69,61,0,0,0,0,0,
-92,0,0,0,0,0,0,0,0,66,55,62,0,0,0,63,51,55,51,51,51,71,0,249,0,0,0,0,0,0,0,0,0,0,0,0,0,0,0,0,0,0,0,121,0,0,0,0,0,0,0,0,247,0,54,0,0,0,0,0,
-51,55,51,55,55,51,51,51,51,58,0,0,0,0,0,0,0,0,0,0,0,63,51,71,0,0,0,0,0,0,0,0,0,0,0,0,0,0,0,0,0,115,0,0,0,0,0,0,0,0,0,0,0,0,54,0,0,0,0,0,
+55,51,71,118,0,125,124,0,0,0,0,70,55,55,51,67,0,0,0,0,0,0,0,0,0,132,0,0,0,0,0,0,0,0,0,0,115,0,0,0,0,0,0,0,0,0,0,0,115,0,0,0,0,69,61,0,0,0,0,0,
+0,0,52,0,0,0,0,245,0,66,55,62,0,0,0,63,51,55,51,51,51,71,0,249,0,0,0,0,0,0,0,0,0,0,0,0,0,0,0,0,0,0,0,121,0,0,0,0,0,0,0,0,247,0,54,0,0,0,0,0,
+0,0,59,51,55,51,51,51,51,58,0,0,0,0,0,0,0,0,0,0,0,63,51,71,0,0,0,0,0,0,0,0,0,0,0,0,0,0,0,0,0,115,0,0,0,0,0,0,0,0,0,0,0,0,54,0,0,0,0,0,
 0,0,0,0,0,0,0,0,0,0,0,0,0,0,0,0,0,0,0,0,0,0,0,59,51,71,0,254,0,0,0,0,0,0,0,243,0,0,0,0,0,0,0,0,0,0,0,0,114,0,0,0,0,0,54,0,0,0,0,0,
 0,0,0,0,0,0,0,0,0,0,0,0,0,0,0,0,0,0,0,0,0,0,0,0,0,63,71,0,0,0,0,0,0,0,0,124,0,0,0,0,0,0,0,0,122,113,242,0,0,0,0,0,0,0,69,61,0,0,0,0,
 0,0,0,0,0,0,0,0,0,0,0,0,0,0,0,0,0,0,0,0,0,0,0,0,0,0,59,71,0,0,0,0,0,0,0,0,0,0,0,0,0,0,0,0,0,0,0,130,0,0,0,0,0,0,248,69,61,0,0,0,
@@ -153,8 +153,8 @@ data=
 0,0,0,0,0,48,0,0,0,0,0,249,0,0,0,243,0,0,0,0,0,0,0,0,0,251,0,247,0,0,0,0,0,0,0,0,0,50,0,0,0,0,0,52,0,0,126,0,0,0,125,0,0,0,50,0,0,0,0,0,
 0,0,0,0,0,52,249,0,0,0,141,0,0,0,0,0,0,0,0,0,0,0,141,0,0,0,0,0,0,0,0,0,0,0,0,0,0,50,0,0,0,0,0,52,250,0,0,120,127,0,0,0,0,66,58,0,0,0,0,0,
 0,0,0,0,0,48,0,0,0,0,0,0,0,246,0,0,0,0,0,0,0,0,123,0,0,246,0,0,141,0,0,0,0,0,249,0,66,62,0,0,0,0,56,64,0,118,0,0,0,0,0,0,0,54,0,0,0,0,0,0,
-0,0,0,0,0,52,0,0,0,0,0,0,0,0,0,0,250,0,0,0,0,0,0,0,0,0,0,0,249,0,0,0,0,0,0,0,50,0,0,0,0,0,48,0,0,0,113,0,0,0,0,0,0,65,53,57,0,0,0,0,
-0,0,0,0,0,52,254,0,0,0,140,0,0,0,0,141,0,0,0,0,0,0,143,117,0,0,255,0,0,119,0,0,0,0,0,70,62,0,0,0,0,0,52,0,249,0,0,0,0,0,0,0,0,0,0,50,0,0,0,0,
+0,0,0,0,0,52,0,0,0,0,0,0,0,0,0,0,250,0,0,0,0,0,0,0,0,0,0,0,249,0,0,0,0,0,0,0,50,0,0,0,0,0,48,0,0,0,94,0,0,0,0,0,0,65,53,57,0,0,0,0,
+0,0,0,0,0,52,254,0,0,0,140,0,0,0,0,141,0,0,0,0,0,0,143,117,0,0,255,0,0,119,0,0,0,0,0,70,62,0,0,0,0,0,52,0,249,0,94,0,0,0,0,0,0,0,0,50,0,0,0,0,
 0,0,0,0,0,48,0,0,0,0,0,0,0,251,0,0,0,0,0,0,0,0,0,0,0,0,0,0,0,0,0,0,0,0,0,54,0,0,0,0,0,0,52,0,0,0,0,0,0,0,0,0,0,0,112,50,0,0,0,0,
 0,0,0,0,0,63,67,0,0,0,0,0,106,107,0,106,107,0,0,0,0,0,106,107,0,110,111,0,124,0,0,0,0,0,0,50,0,0,0,0,0,0,48,0,0,0,0,0,0,0,0,0,0,117,246,65,61,0,0,0,
 0,0,0,0,0,0,52,0,0,0,0,0,0,0,0,0,0,0,0,0,0,0,0,0,0,0,0,0,0,0,0,0,0,0,0,69,57,0,0,0,0,0,63,71,0,255,0,0,0,0,0,0,0,0,0,0,50,0,0,0,
@@ -198,9 +198,9 @@ data=
 0,0,0,0,0,0,0,0,0,0,0,0,0,0,0,0,0,0,0,0,0,0,0,0,0,0,0,0,0,0,0,0,0,2,2,2,2,2,2,2,2,2,2,2,2,2,2,2,0,0,0,1,1,3,3,3,3,3,3,3,
 0,0,0,0,0,0,0,0,0,0,0,0,0,0,0,0,0,0,0,0,0,0,0,0,0,0,0,0,0,0,0,1,0,2,2,2,2,2,2,2,2,2,2,2,2,2,2,2,2,2,0,1,1,1,3,3,3,3,3,3,
 0,0,0,0,0,0,0,0,0,0,0,0,0,0,0,0,0,0,0,0,0,0,0,0,0,0,0,0,0,0,0,0,0,0,2,2,2,2,2,2,2,2,2,2,2,2,2,2,2,2,2,0,0,1,3,3,3,3,3,3,
-0,0,0,0,0,0,0,0,0,0,0,1,1,1,1,1,0,0,0,0,0,0,0,0,0,1,0,0,0,0,0,0,0,0,2,2,2,2,2,2,2,2,2,2,2,2,2,2,2,2,2,2,0,1,1,3,3,3,3,3,
-0,0,0,0,0,0,0,0,0,1,1,1,3,1,1,1,1,1,1,1,1,1,0,1,0,0,0,0,0,0,0,0,0,0,0,2,2,2,2,2,2,2,2,2,2,2,2,2,2,2,2,2,1,0,1,3,3,3,3,3,
-1,1,1,1,1,1,1,1,1,1,3,3,3,3,3,3,3,3,3,3,3,1,1,1,0,0,0,0,0,0,0,0,0,0,0,2,2,2,2,2,2,2,2,2,2,2,2,2,2,2,2,2,2,0,1,3,3,3,3,3,
+1,1,1,0,0,0,0,0,0,0,0,1,1,1,1,1,0,0,0,0,0,0,0,0,0,1,0,0,0,0,0,0,0,0,2,2,2,2,2,2,2,2,2,2,2,2,2,2,2,2,2,2,0,1,1,3,3,3,3,3,
+3,3,1,0,0,0,0,1,0,1,1,1,3,1,1,1,1,1,1,1,1,1,0,1,0,0,0,0,0,0,0,0,0,0,0,2,2,2,2,2,2,2,2,2,2,2,2,2,2,2,2,2,1,0,1,3,3,3,3,3,
+3,3,1,1,1,1,1,1,1,1,3,3,3,3,3,3,3,3,3,3,3,1,1,1,0,0,0,0,0,0,0,0,0,0,0,2,2,2,2,2,2,2,2,2,2,2,2,2,2,2,2,2,2,0,1,3,3,3,3,3,
 3,3,3,3,3,3,3,3,3,3,3,3,3,3,3,3,3,3,3,3,3,3,3,1,1,1,0,1,0,0,0,0,0,0,0,1,2,2,2,2,2,2,2,2,2,2,2,2,2,2,2,2,2,0,1,3,3,3,3,3,
 3,3,3,3,3,3,3,3,3,3,3,3,3,3,3,3,3,3,3,3,3,3,3,3,3,1,1,0,0,0,0,0,0,0,0,0,0,0,0,0,0,0,0,0,0,0,1,2,2,2,2,2,2,0,1,1,3,3,3,3,
 3,3,3,3,3,3,3,3,3,3,3,3,3,3,3,3,3,3,3,3,3,3,3,3,3,3,1,1,0,0,0,0,0,0,0,0,2,2,2,2,2,2,2,0,0,0,0,4,2,2,2,2,2,0,1,1,1,3,3,3,
@@ -282,7 +282,7 @@ tooltip=Family Crypt
 [event]
 # to Merrimead Swamp
 type=event
-location=0,5,1,6
+location=0,5,1,4
 activate=on_trigger
 hotspot=location
 intermap=maps/merrimead_swamp.txt,78,13
diff --git a/mods/empyrean_campaign/maps/nazia_highlands.txt b/mods/empyrean_campaign/maps/nazia_highlands.txt
index fd5c6d5997dc12b4eb7d5e2a01e031e2fbc4a3a2..0e15463b8a22b016ccdc6fb69c5350a13a305896 100644
--- a/mods/empyrean_campaign/maps/nazia_highlands.txt
+++ b/mods/empyrean_campaign/maps/nazia_highlands.txt
@@ -171,7 +171,7 @@ data=
 0,0,48,251,0,0,0,0,104,0,0,0,0,0,0,0,0,66,62,0,0,0,0,0,0,0,0,0,0,0,0,0,0,63,51,71,0,0,0,0,0,0,0,0,0,0,0,0,0,0,0,66,58,0,0,0,0,0,0,0,0,0,0,0,0,0,67,0,0,0,0,0,0,69,61,0,0,0,0,0,
 0,0,52,0,0,0,0,0,109,0,0,0,0,0,0,254,66,62,0,0,0,0,0,0,0,0,0,0,0,0,0,0,0,0,0,63,51,55,51,51,55,51,55,51,67,0,0,0,0,0,70,62,0,0,0,0,0,0,0,0,0,0,0,0,0,0,48,251,0,0,0,0,0,248,50,0,0,0,0,0,
 0,0,52,248,0,0,0,0,108,0,0,0,0,0,66,55,62,0,0,0,0,0,0,0,0,0,0,0,0,0,0,0,0,0,0,0,0,0,0,0,0,0,0,0,59,71,117,0,0,66,58,0,0,0,0,0,56,53,53,61,0,0,0,0,0,60,68,0,0,0,0,0,0,0,50,0,0,0,0,0,
-0,0,52,0,0,0,0,0,0,0,0,0,0,70,58,0,0,0,0,0,0,0,0,0,0,0,0,0,0,0,0,0,0,0,0,0,0,0,0,0,0,0,0,0,0,63,71,0,0,50,0,0,0,0,0,56,64,0,0,65,53,49,61,0,56,64,0,0,0,0,0,0,0,0,50,0,0,0,0,0,
+0,0,52,0,0,93,93,0,0,0,0,0,0,70,58,0,0,0,0,0,0,0,0,0,0,0,0,0,0,0,0,0,0,0,0,0,0,0,0,0,0,0,0,0,0,63,71,0,0,50,0,0,0,0,0,56,64,0,0,65,53,49,61,0,56,64,0,0,0,0,0,0,0,0,50,0,0,0,0,0,
 0,0,52,0,254,0,0,0,0,0,0,0,66,58,0,0,0,0,0,0,0,0,0,0,0,0,0,0,0,0,0,0,0,0,0,0,0,0,0,0,0,0,0,0,0,0,59,55,55,62,0,0,0,0,60,64,130,0,0,0,248,0,65,49,68,254,0,0,0,0,0,0,0,0,54,0,0,0,0,0,
 0,0,59,51,51,51,51,51,51,55,55,55,58,0,0,0,0,0,0,0,0,0,0,0,0,0,0,0,0,0,0,0,0,0,0,0,0,0,0,0,0,0,0,0,0,0,0,0,0,0,0,0,0,60,64,0,0,0,0,116,0,0,0,120,0,0,0,0,0,0,0,0,0,0,54,0,0,0,0,0,
 0,0,0,0,0,0,0,0,0,0,0,0,0,0,0,0,0,0,0,0,0,0,0,0,0,0,0,0,0,0,0,0,0,0,0,0,0,0,0,0,0,0,0,0,0,0,0,0,0,0,0,0,0,52,249,0,0,0,0,0,0,74,75,0,0,0,0,0,0,0,0,0,0,66,58,0,0,0,0,0,
diff --git a/mods/empyrean_campaign/maps/stormrock_pass.txt b/mods/empyrean_campaign/maps/stormrock_pass.txt
index c3afdf8fcc4add94ec35f5ca1684b799e748632d..22fca48ea777f791d407c902e3069c7e0eef530a 100644
--- a/mods/empyrean_campaign/maps/stormrock_pass.txt
+++ b/mods/empyrean_campaign/maps/stormrock_pass.txt
@@ -490,13 +490,13 @@ data=
 0,0,0,0,0,0,0,0,0,0,0,0,0,0,0,0,0,0,0,0,0,0,0,0,0,0,0,0,0,0,0,0,0,0,0,0,0,48,109,560,0,0,0,50,0,0,0,0,0,0,0,0,0,0,48,0,0,0,0,0,0,0,106,107,138,0,0,0,0,0,0,0,54,0,0,0,0,0,0,0,0,0,0,0,0,0,0,0,0,0,0,0,0,0,0,0,0,0,0,0,0,0,0,0,0,0,0,0,0,0,0,0,0,0,0,0,0,0,0,0,0,0,0,0,0,0,0,0,0,0,0,0,
 0,0,0,0,0,0,0,0,0,0,0,0,0,0,0,0,0,0,0,0,0,0,0,0,0,0,0,0,0,0,0,0,0,0,0,0,0,52,108,0,0,0,0,54,0,0,0,0,0,0,0,0,0,0,63,55,51,67,0,0,0,0,0,0,0,0,0,0,0,0,0,0,54,0,0,0,0,60,53,53,53,49,61,0,0,0,0,0,0,0,0,0,0,0,0,0,0,0,0,0,0,0,0,0,0,0,0,0,0,0,0,0,0,0,0,0,0,0,0,0,0,0,0,0,0,0,0,0,0,0,0,0,
 0,0,0,0,0,0,0,0,0,0,0,0,0,0,0,0,0,0,0,0,0,0,0,0,0,0,0,0,0,0,0,0,0,0,0,0,0,48,0,0,0,0,0,50,0,0,0,0,0,0,0,0,0,0,0,0,0,48,0,0,0,0,0,0,0,0,0,0,0,0,0,66,62,0,0,0,0,48,564,140,0,246,69,53,57,0,0,0,0,0,0,0,0,0,0,0,0,0,0,0,0,0,0,0,0,0,0,0,0,0,0,0,0,0,0,0,0,0,0,0,0,0,0,0,0,0,0,0,0,0,0,0,
-0,0,0,0,0,0,0,0,0,0,0,0,0,0,0,0,0,0,0,0,0,0,0,0,0,0,0,0,0,0,0,0,0,0,0,0,0,48,247,0,0,0,0,69,57,0,0,0,0,0,0,0,0,0,0,0,0,48,0,0,0,0,0,0,0,0,0,0,0,66,55,58,0,0,0,0,60,64,0,0,0,0,0,0,69,49,57,0,0,0,0,0,0,0,0,0,0,0,0,0,0,0,0,0,0,0,0,0,0,0,0,0,0,0,0,0,0,0,0,0,0,0,0,0,0,0,0,0,0,0,0,0,
+0,0,0,0,0,0,0,0,0,0,0,0,0,0,0,0,0,0,0,0,0,0,0,0,0,0,0,0,0,0,0,0,0,0,0,0,0,48,247,0,0,0,0,69,57,0,0,0,0,0,0,0,0,0,0,0,0,48,0,0,0,0,0,0,0,0,0,0,0,66,55,58,0,0,0,0,60,64,0,0,0,95,0,0,69,49,57,0,0,0,0,0,0,0,0,0,0,0,0,0,0,0,0,0,0,0,0,0,0,0,0,0,0,0,0,0,0,0,0,0,0,0,0,0,0,0,0,0,0,0,0,0,
 0,0,0,0,0,0,0,0,0,0,0,0,0,0,0,0,0,0,0,0,0,0,0,0,0,0,0,0,0,0,0,0,0,0,0,0,0,63,71,0,0,0,0,0,69,49,61,0,0,0,0,0,0,0,0,0,0,48,0,0,0,0,0,0,0,0,0,0,66,58,0,0,0,0,0,0,48,0,0,0,0,0,0,0,0,0,69,61,0,0,0,0,0,0,0,0,0,0,0,0,0,0,0,0,0,0,0,0,0,0,0,0,0,0,0,0,0,0,0,0,0,0,0,0,0,0,0,0,0,0,0,0,
 0,0,0,0,0,0,0,0,0,0,0,0,0,0,0,0,0,0,0,0,0,0,0,0,0,0,0,0,0,0,0,0,0,0,0,0,0,0,59,67,0,0,0,0,0,0,65,49,53,49,49,49,57,0,0,60,49,64,565,106,107,0,245,0,0,0,0,0,50,0,0,0,0,0,0,0,48,0,0,0,0,0,0,222,0,0,0,69,61,0,0,0,0,0,0,0,0,0,0,0,0,0,0,0,0,0,0,0,0,0,0,0,0,0,0,0,0,0,0,0,0,0,0,0,0,0,0,0,0,0,0,0,
 0,0,0,0,0,0,0,0,0,0,0,0,0,0,0,0,0,0,0,0,0,0,0,0,0,0,0,0,0,0,0,0,0,0,0,0,0,0,0,63,71,0,0,0,0,0,0,0,0,0,245,0,65,53,53,64,0,0,0,0,0,0,0,0,0,0,0,0,50,0,0,0,0,0,0,0,48,0,0,0,0,0,0,221,0,0,0,0,69,57,0,0,0,0,0,0,0,0,0,0,0,0,0,0,0,0,0,0,0,0,0,0,0,0,0,0,0,0,0,0,0,0,0,0,0,0,0,0,0,0,0,0,
 0,0,0,0,0,0,0,0,0,0,0,0,0,0,0,0,0,0,0,0,0,0,0,0,0,0,0,0,0,0,0,0,0,0,0,0,0,0,0,0,59,71,246,0,0,0,0,0,0,0,0,0,0,0,0,0,0,0,0,0,0,0,0,0,0,0,0,0,65,53,49,53,53,61,0,0,52,143,0,0,0,0,0,220,0,0,0,0,0,65,61,0,0,0,0,0,0,0,0,0,0,0,0,0,0,0,0,0,0,0,0,0,0,0,0,0,0,0,0,0,0,0,0,0,0,0,0,0,0,0,0,0,
 0,0,0,0,0,0,0,0,0,0,0,0,0,0,0,0,0,0,0,0,0,0,0,0,0,0,0,0,0,0,0,0,0,0,0,0,0,0,0,0,0,59,71,0,0,0,0,0,0,0,0,0,0,0,0,0,0,0,0,0,0,0,0,0,0,0,0,0,0,134,0,0,134,65,53,53,64,0,0,0,216,217,218,219,0,0,0,247,0,0,50,0,0,0,0,0,0,0,0,0,0,0,0,0,0,0,0,0,0,0,0,0,0,0,0,0,0,0,0,0,0,0,0,0,0,0,0,0,0,0,0,0,
-0,0,0,0,0,0,0,0,0,0,0,0,0,0,0,0,0,0,0,0,0,0,0,0,0,0,0,0,0,0,0,0,0,0,0,0,0,0,0,0,0,0,63,55,51,55,55,55,67,0,0,0,0,0,0,0,0,0,0,0,0,0,0,0,0,0,0,0,0,0,0,0,0,0,0,0,0,0,0,0,0,0,0,0,0,0,0,563,0,0,50,0,0,0,0,0,0,0,0,0,0,0,0,0,0,0,0,0,0,0,0,0,0,0,0,0,0,0,0,0,0,0,0,0,0,0,0,0,0,0,0,0,
+0,0,0,0,0,0,0,0,0,0,0,0,0,0,0,0,0,0,0,0,0,0,0,0,0,0,0,0,0,0,0,0,0,0,0,0,0,0,0,0,0,0,63,55,51,55,55,55,67,0,0,0,0,0,0,0,0,0,0,0,0,0,0,0,0,0,0,0,0,0,0,0,0,0,0,0,0,0,0,0,0,93,0,0,0,0,0,563,0,0,50,0,0,0,0,0,0,0,0,0,0,0,0,0,0,0,0,0,0,0,0,0,0,0,0,0,0,0,0,0,0,0,0,0,0,0,0,0,0,0,0,0,
 0,0,0,0,0,0,0,0,0,0,0,0,0,0,0,0,0,0,0,0,0,0,0,0,0,0,0,0,0,0,0,0,0,0,0,0,0,0,0,0,0,0,0,0,0,0,0,0,59,67,0,0,0,0,0,0,0,0,0,0,0,0,0,244,0,0,0,0,0,0,0,0,0,0,0,0,0,0,0,0,245,0,0,529,0,0,0,0,0,0,50,0,0,0,0,0,0,0,0,0,0,0,0,0,0,0,0,0,0,0,0,0,0,0,0,0,0,0,0,0,0,0,0,0,0,0,0,0,0,0,0,0,
 0,0,0,0,0,0,0,0,0,0,0,0,0,0,0,0,0,0,0,0,0,0,0,0,0,0,0,0,0,0,0,0,0,0,0,0,0,0,0,0,0,0,0,0,0,0,0,0,0,59,51,55,51,55,55,67,0,0,0,0,0,529,0,0,0,0,0,0,0,133,0,0,135,0,0,0,0,0,0,0,0,0,567,528,0,0,0,0,0,0,54,0,0,0,0,0,0,0,0,0,0,0,0,0,0,0,0,0,0,0,0,0,0,0,0,0,0,0,0,0,0,0,0,0,0,0,0,0,0,0,0,0,
 0,0,0,0,0,0,0,0,0,0,0,0,0,0,0,0,0,0,0,0,0,0,0,0,0,0,0,0,0,0,0,0,0,0,0,0,0,0,0,0,0,0,0,0,0,0,0,0,0,0,0,0,0,0,0,52,0,0,0,0,0,528,0,0,0,0,0,0,0,0,0,0,0,0,0,0,0,0,0,0,0,526,527,0,0,0,0,0,0,0,54,0,0,0,0,0,0,0,0,0,0,0,0,0,0,0,0,0,0,0,0,0,0,0,0,0,0,0,0,0,0,0,0,0,0,0,0,0,0,0,0,0,
diff --git a/tiled/empyrean_campaign/black_oak_city.tmx b/tiled/empyrean_campaign/black_oak_city.tmx
index 6c10bc6281dec3556b84726485236053dbb30b40..0f7e89b2d919f3078efee1e3e1e961ae68961d34 100644
--- a/tiled/empyrean_campaign/black_oak_city.tmx
+++ b/tiled/empyrean_campaign/black_oak_city.tmx
@@ -190,7 +190,7 @@
 0,0,0,0,0,0,0,0,0,0,48,0,100,0,0,0,0,0,0,0,0,0,0,105,0,0,0,0,0,0,0,0,66,58,0,0,52,123,0,0,251,72,0,0,0,0,0,0,0,0,221,0,0,0,54,0,0,52,0,0,0,0,0,0,65,57,0,52,255,0,0,0,0,0,0,0,0,0,65,53,61,0,0,0,0,0,56,53,53,53,53,49,53,49,49,53,49,53,53,53,
 0,0,0,0,0,0,0,0,0,0,48,0,211,0,0,0,0,0,0,0,0,0,0,104,139,0,0,0,0,0,0,0,65,53,49,49,64,0,0,0,0,0,0,102,0,0,0,0,0,0,220,0,0,0,54,0,0,52,0,211,0,0,0,0,0,50,0,59,67,0,0,0,0,0,0,0,0,0,0,0,65,53,61,0,60,53,64,252,0,123,116,0,248,106,107,0,254,123,127,94,
 0,0,0,0,0,0,0,0,0,0,48,0,210,0,0,0,0,0,0,0,0,0,0,0,0,0,0,0,0,0,0,0,0,0,0,255,0,0,0,0,0,0,0,0,0,124,0,216,217,218,219,0,0,255,54,0,0,48,0,210,0,0,0,0,0,50,0,0,48,0,0,0,0,0,0,0,0,0,0,0,0,0,69,53,68,122,0,0,0,0,0,0,0,0,0,125,0,0,0,94,
-0,0,0,0,0,0,0,0,0,0,52,208,209,0,0,0,0,0,0,0,0,0,0,0,0,0,0,0,0,0,0,0,0,0,0,0,0,0,0,0,0,0,0,0,0,0,0,0,0,0,0,0,0,0,50,0,0,52,208,209,0,0,0,0,0,69,57,0,48,0,0,0,0,0,252,0,0,126,0,0,0,0,0,253,113,0,0,0,0,0,0,0,0,126,0,0,0,0,0,94,
+0,0,0,0,0,0,0,0,0,0,52,208,209,0,0,0,0,0,0,0,0,0,0,0,0,0,0,0,0,0,0,0,0,0,0,0,0,0,0,0,0,0,0,0,0,0,0,0,93,0,0,0,0,0,50,0,0,52,208,209,0,0,0,0,0,69,57,0,48,0,0,0,0,0,252,0,0,126,0,0,0,0,0,253,113,0,0,0,0,0,0,0,0,126,0,0,0,0,0,94,
 0,0,0,0,0,0,0,0,0,0,48,0,0,0,0,125,0,0,243,0,0,0,0,0,0,0,0,0,0,0,0,0,70,51,55,71,0,0,0,0,0,0,0,0,0,0,0,0,0,0,0,0,0,0,54,0,0,59,71,117,0,0,0,0,0,0,54,0,48,247,0,0,0,0,0,0,0,139,0,0,0,0,0,0,0,0,0,0,0,0,0,0,0,0,0,0,0,0,0,94,
 0,0,0,0,0,0,0,0,0,0,59,67,252,0,0,0,0,0,0,0,0,0,105,0,242,0,0,115,0,0,0,0,54,0,0,52,117,0,0,0,0,0,0,246,66,51,55,67,0,0,0,0,0,249,54,0,0,0,48,0,0,0,0,0,0,0,54,0,59,71,0,0,0,0,0,0,0,128,124,0,0,0,0,0,126,0,0,0,0,244,0,0,70,51,51,51,55,55,55,51,
 0,0,0,0,0,0,0,0,0,0,0,48,0,123,0,0,0,0,0,0,0,117,104,0,0,0,0,0,0,0,0,0,65,61,0,48,0,0,0,0,0,0,66,55,62,0,0,63,55,67,244,0,0,0,50,0,0,0,48,251,0,0,0,0,0,0,50,0,0,52,0,0,0,0,0,0,0,0,0,0,0,0,0,0,0,0,0,66,55,55,51,55,62,0,0,0,0,0,0,0,
diff --git a/tiled/empyrean_campaign/black_oak_farm.tmx b/tiled/empyrean_campaign/black_oak_farm.tmx
index fcb0c66189b7abd605539a8d23fe0447e6764ca5..d8b84a171fb22f40cd40fd995a3ffae15e8f2593 100644
--- a/tiled/empyrean_campaign/black_oak_farm.tmx
+++ b/tiled/empyrean_campaign/black_oak_farm.tmx
@@ -153,7 +153,7 @@
 92,0,0,0,254,0,0,0,69,61,0,0,0,59,67,0,252,0,0,0,0,0,0,0,0,0,0,0,0,0,0,0,0,0,0,0,108,0,0,0,0,0,0,0,0,0,0,0,0,0,0,0,0,0,0,0,0,0,0,0,0,0,0,0,0,0,0,0,0,0,0,0,0,0,0,0,0,0,0,69,61,0,0,0,0,0,0,0,0,0,0,0,0,0,0,0,0,0,0,0,
 92,0,0,0,0,0,0,0,251,69,61,0,0,0,59,71,0,0,0,0,0,0,0,0,0,0,0,0,0,0,252,0,0,0,0,0,0,0,0,0,0,0,0,0,0,0,0,0,0,0,0,0,0,0,0,0,246,0,0,0,0,0,0,0,0,121,0,0,130,0,0,0,0,0,0,0,0,0,0,0,69,57,0,0,0,0,0,0,0,0,0,0,0,0,0,0,0,0,0,0,
 92,0,0,0,0,0,0,0,0,0,65,61,0,0,0,48,0,0,0,0,0,0,0,0,0,242,0,0,0,0,0,0,0,0,0,0,0,0,0,0,0,0,0,0,0,0,0,0,240,0,0,0,0,0,0,0,0,0,0,0,0,0,131,0,0,0,0,114,0,0,0,0,0,0,0,0,0,0,0,0,252,65,57,0,0,0,0,0,0,0,0,0,0,0,0,0,0,0,0,0,
-92,0,0,0,0,0,0,0,0,0,0,69,57,0,0,48,254,0,120,0,0,0,0,0,0,0,0,0,0,0,122,0,0,0,0,0,0,0,0,0,0,0,0,0,0,0,0,0,0,0,0,129,0,130,115,0,0,0,115,0,0,0,0,121,0,0,0,0,0,0,0,0,0,0,0,0,0,0,0,0,0,0,69,57,0,0,0,0,0,0,0,0,0,0,0,0,0,0,0,0,
+92,0,0,0,0,0,0,0,0,0,0,69,57,0,0,48,254,0,120,0,0,0,0,0,0,0,0,0,0,0,122,0,0,93,93,0,0,0,0,0,0,0,0,0,0,0,0,0,0,0,0,129,0,130,115,0,0,0,115,0,0,0,0,121,0,0,0,0,0,0,0,0,0,0,0,0,0,0,0,0,0,0,69,57,0,0,0,0,0,0,0,0,0,0,0,0,0,0,0,0,
 55,55,55,55,55,55,67,0,0,0,0,0,65,61,0,52,123,0,0,0,0,0,0,0,0,0,0,0,0,0,0,0,0,0,0,0,0,0,0,0,0,0,0,0,0,0,0,0,115,0,0,0,0,0,0,0,0,0,0,0,0,0,0,0,0,0,0,0,0,0,114,0,0,121,0,0,0,0,0,0,0,0,0,54,0,0,0,0,0,0,0,0,0,0,0,0,0,0,0,0,
 0,0,0,0,0,0,52,0,0,0,0,0,254,54,0,48,0,0,0,0,0,0,0,0,0,0,0,0,0,0,0,0,0,0,0,0,0,0,0,0,0,0,0,0,0,0,0,0,0,0,0,0,0,0,0,0,0,0,0,0,0,0,0,0,0,0,0,0,0,0,0,0,0,0,0,0,0,0,0,0,0,0,0,69,61,0,0,0,0,0,0,0,0,0,0,0,0,0,0,0,
 0,0,0,0,0,0,52,255,0,0,0,0,0,54,0,59,71,0,0,0,0,0,0,0,0,0,0,0,0,246,0,0,0,0,0,0,0,0,0,0,0,0,0,0,249,0,0,0,0,0,0,0,0,0,0,0,0,0,0,0,0,0,0,0,114,0,0,0,0,0,0,0,0,0,0,0,0,0,0,123,0,0,0,249,50,0,0,0,0,0,0,0,0,0,0,0,0,0,0,0,
@@ -211,7 +211,7 @@
 0,0,0,0,0,0,0,0,0,0,0,0,0,0,0,0,0,0,59,67,0,0,0,0,0,0,0,0,0,0,0,0,0,0,0,0,0,0,0,0,0,0,0,0,0,0,0,0,0,0,0,0,0,0,0,0,0,0,0,0,0,0,116,117,117,116,117,116,116,116,0,121,0,120,0,105,0,0,0,0,0,70,51,51,51,51,58,0,0,0,0,0,0,0,0,0,0,0,0,0,
 0,0,0,0,0,0,0,0,0,0,0,0,0,0,0,0,0,0,0,48,254,0,0,122,0,0,0,0,0,0,0,0,0,243,0,0,0,0,0,0,0,0,0,0,0,0,0,0,0,105,0,128,0,0,0,0,0,0,0,0,255,0,0,0,0,0,0,0,0,0,0,121,0,120,0,104,0,0,0,66,51,62,0,0,0,0,0,0,0,0,0,0,0,0,0,0,0,0,0,0,
 0,0,0,0,0,0,0,0,0,0,0,0,0,0,0,0,0,0,60,64,0,0,0,0,0,0,0,0,0,0,0,0,0,0,0,0,0,0,0,0,0,0,0,241,0,0,0,246,0,104,0,0,0,0,0,0,0,0,0,0,0,0,0,0,0,0,0,0,0,0,0,0,0,0,0,105,0,254,0,54,0,0,0,0,0,0,0,0,0,0,0,0,0,0,0,0,0,0,0,0,
-0,0,0,0,0,0,0,0,60,53,53,49,49,53,49,57,0,56,64,0,0,0,0,0,0,0,0,0,0,0,0,0,0,0,0,0,0,296,0,0,142,140,0,0,0,0,0,0,0,0,0,120,0,0,0,0,0,0,0,0,0,0,0,0,0,0,0,0,0,0,0,0,0,0,0,104,0,0,0,54,0,0,0,0,0,0,0,0,0,0,0,0,0,0,0,0,0,0,0,0,
+0,0,0,0,0,0,0,0,60,53,53,49,49,53,49,57,0,56,64,0,0,0,0,0,0,0,0,0,0,0,0,0,0,0,0,0,0,296,93,93,142,140,0,0,0,0,0,0,0,0,0,120,0,0,0,0,0,0,0,0,0,0,0,0,0,0,0,0,0,0,0,0,0,0,0,104,0,0,0,54,0,0,0,0,0,0,0,0,0,0,0,0,0,0,0,0,0,0,0,0,
 0,0,0,0,0,0,0,60,68,249,131,0,252,105,134,50,0,48,252,0,0,0,0,0,0,0,0,0,0,0,0,0,0,0,0,0,0,0,0,0,0,118,0,0,0,0,0,0,0,105,0,129,0,0,0,0,0,0,0,0,0,0,0,0,0,0,0,0,0,0,0,0,0,0,0,109,0,0,0,50,0,0,0,0,0,0,0,0,0,0,0,0,0,0,0,0,0,0,0,0,
 0,0,0,0,0,0,56,68,0,0,0,0,0,104,0,65,53,64,0,0,0,0,0,0,0,0,0,0,0,0,0,0,0,0,0,0,0,0,0,0,0,0,0,0,0,0,0,0,0,104,0,0,121,0,0,0,0,0,0,240,0,0,0,0,0,0,0,0,0,0,0,0,0,0,0,108,0,0,0,65,61,0,0,0,0,0,0,0,0,0,0,0,0,0,0,0,0,0,0,0,
 0,0,0,0,0,60,68,0,249,0,0,0,0,0,0,0,0,0,0,0,0,0,0,0,0,0,0,0,0,0,0,0,0,0,0,0,0,0,0,0,0,0,0,0,0,0,0,0,0,0,0,0,0,0,0,0,0,0,0,0,0,0,0,0,0,0,0,0,0,0,0,0,0,0,0,0,0,0,0,0,69,61,0,0,0,0,0,0,0,0,0,0,0,0,0,0,0,0,0,0,
diff --git a/tiled/empyrean_campaign/lake_kuuma.tmx b/tiled/empyrean_campaign/lake_kuuma.tmx
index 8b97f3d0cdde2afd74626cc1a6eeb74d697420c2..6a1a13fc410973449ede847265b95cb1f97854aa 100644
--- a/tiled/empyrean_campaign/lake_kuuma.tmx
+++ b/tiled/empyrean_campaign/lake_kuuma.tmx
@@ -477,7 +477,7 @@
 0,0,0,0,0,0,0,0,0,0,0,0,0,0,0,0,0,0,0,0,0,0,52,247,133,0,0,135,0,0,54,0,0,0,0,0,0,0,0,0,0,0,0,0,0,0,0,0,0,56,49,49,53,57,0,48,0,246,0,0,0,0,0,0,0,0,0,0,0,0,0,0,0,0,0,0,0,0,0,0,0,0,0,0,0,0,0,0,0,0,0,0,0,0,0,0,0,0,0,0,0,0,0,0,0,0,100,0,0,0,0,54,0,0,0,0,0,0,0,0,0,0,0,0,0,0,0,0,0,0,0,0,
 0,0,0,0,0,0,0,0,0,0,0,0,0,0,0,0,0,0,0,0,0,0,48,0,0,118,142,0,0,0,50,0,0,0,0,0,0,0,0,56,53,53,53,49,57,0,0,60,53,64,565,0,0,69,49,68,0,0,0,0,0,0,0,0,0,0,0,0,0,0,0,0,0,0,0,0,0,0,0,0,0,0,0,0,0,0,0,0,0,0,0,0,0,0,530,531,526,527,0,542,0,0,0,0,0,0,0,0,0,0,70,62,0,0,0,0,0,0,0,0,0,0,0,0,0,0,0,0,0,0,0,0,
 0,0,0,0,0,0,0,0,0,0,0,0,0,0,0,0,0,0,0,0,0,0,52,132,0,0,119,0,132,0,54,0,0,0,0,0,0,60,53,68,0,565,0,0,50,0,0,52,0,247,0,0,0,0,0,0,0,0,0,0,0,0,0,0,0,244,66,51,51,51,51,55,55,51,67,245,0,0,0,0,0,0,0,0,0,0,0,0,0,0,0,0,545,0,0,0,0,0,0,0,522,0,0,0,0,0,121,0,0,0,50,0,0,0,0,0,0,0,0,0,0,0,0,0,0,0,0,0,0,0,0,0,
-0,0,0,0,0,0,0,0,0,0,0,0,0,0,0,0,0,0,0,0,0,0,59,71,0,0,0,0,0,0,50,0,0,0,0,56,53,64,0,0,244,0,566,245,65,53,49,64,0,0,0,0,0,246,0,0,0,0,0,121,0,0,0,66,55,55,62,0,0,0,0,0,0,0,59,51,55,55,71,136,0,0,0,0,0,0,0,0,0,0,0,544,0,0,0,0,0,0,0,0,0,744,0,0,120,120,0,0,0,0,54,0,0,0,0,0,0,0,0,0,0,0,0,0,0,0,0,0,0,0,0,0,
+0,0,0,0,0,0,0,0,0,0,0,0,0,0,0,0,0,0,0,0,0,0,59,71,0,0,0,0,0,0,50,0,0,0,0,56,53,64,0,0,244,0,566,245,65,53,49,64,0,0,0,0,0,246,0,0,0,0,0,121,0,0,0,66,55,55,62,0,0,0,0,0,0,0,59,51,55,55,71,136,0,0,0,0,0,0,0,0,0,0,0,544,0,0,0,0,0,0,0,0,0,744,93,93,120,120,0,0,0,0,54,0,0,0,0,0,0,0,0,0,0,0,0,0,0,0,0,0,0,0,0,0,
 0,0,0,0,0,0,0,0,0,0,0,0,0,0,0,0,0,0,0,0,0,0,0,48,0,0,0,0,0,0,54,0,0,0,60,68,0,0,0,0,0,0,0,0,0,0,0,0,0,0,0,0,0,0,0,0,0,0,0,530,531,0,0,50,0,0,0,0,0,0,0,0,0,0,0,0,0,0,59,71,0,0,0,0,0,0,0,0,0,0,0,66,51,51,51,55,67,0,0,0,0,0,0,0,0,103,0,0,244,0,50,0,0,0,0,0,0,0,0,0,0,0,0,0,0,0,0,0,0,0,0,0,
 0,0,0,0,0,0,0,0,0,0,0,0,0,0,0,0,0,0,0,0,0,0,60,68,0,0,0,0,0,0,50,0,0,60,68,0,0,247,0,0,0,0,0,0,0,0,0,0,0,0,0,0,0,0,0,0,0,0,0,536,109,0,0,50,0,0,0,0,0,0,0,0,0,0,0,0,0,0,0,48,0,0,0,0,136,0,567,244,0,70,55,62,0,0,0,0,59,67,244,0,0,0,0,0,0,0,0,0,0,0,50,0,0,0,0,0,0,0,0,0,0,0,0,0,0,0,0,0,0,0,0,0,
 0,0,0,0,0,0,0,0,0,0,0,0,0,0,0,0,0,0,0,0,0,0,48,246,0,0,0,0,0,0,54,0,60,64,0,0,0,0,0,0,0,0,0,0,0,0,0,0,0,0,0,0,0,0,0,0,0,0,0,130,108,120,0,50,0,0,0,0,0,0,0,0,0,0,0,0,0,0,0,59,51,67,0,246,0,0,0,0,0,54,0,0,0,0,0,0,0,59,67,0,121,125,136,0,0,0,0,0,0,0,54,0,0,0,0,0,0,0,0,0,0,0,0,0,0,0,0,0,0,0,0,0,
diff --git a/tiled/empyrean_campaign/lochport.tmx b/tiled/empyrean_campaign/lochport.tmx
index b7e289629814c2e105d06cc83c22e1d80d5341de..3ec6b604b963800532464952c0287b60b5cf236d 100644
--- a/tiled/empyrean_campaign/lochport.tmx
+++ b/tiled/empyrean_campaign/lochport.tmx
@@ -32,11 +32,11 @@
  </tileset>
  <layer name="background" width="50" height="60">
   <data encoding="csv">
-0,0,0,0,0,0,0,0,0,0,0,0,0,0,0,0,0,0,0,0,0,0,0,0,0,0,0,0,0,0,0,0,0,0,0,0,0,0,0,0,16,17,18,19,16,17,18,0,0,0,
-0,0,0,0,0,0,0,0,0,0,0,0,0,0,0,0,0,0,0,0,0,0,0,0,0,0,0,0,0,0,0,0,0,0,0,0,0,0,0,0,20,21,22,23,20,21,22,0,0,0,
-0,0,0,0,0,0,0,0,0,0,26,27,24,25,0,0,0,0,0,0,0,0,0,0,0,0,0,0,0,0,0,0,0,0,0,0,0,0,0,0,24,25,26,27,24,25,26,0,0,0,
-28,29,30,31,0,0,0,0,0,29,30,31,28,29,30,31,0,0,0,0,0,0,0,0,0,0,0,0,0,0,0,0,0,0,0,0,0,0,0,0,28,29,33,42,28,29,30,0,0,0,
-149,153,18,19,16,17,18,19,16,17,18,19,16,17,18,19,16,0,0,0,0,0,0,0,0,0,0,0,0,0,0,0,0,0,0,0,0,0,0,19,16,17,18,41,16,17,18,0,0,0,
+0,0,0,0,0,0,0,0,0,0,0,0,0,0,0,0,0,0,0,0,0,0,0,0,0,0,0,0,0,0,0,0,0,0,0,0,0,0,0,0,16,17,18,19,16,0,0,0,0,0,
+0,0,0,0,0,0,0,0,0,0,0,0,0,0,0,0,0,0,0,0,0,0,0,0,0,0,0,0,0,0,0,0,0,0,0,0,0,0,0,0,20,21,22,23,20,0,0,0,0,0,
+0,0,0,0,0,0,0,0,0,0,26,27,24,25,0,0,0,0,0,0,0,0,0,0,0,0,0,0,0,0,0,0,0,0,0,0,0,0,0,0,24,25,26,27,24,0,0,0,0,0,
+28,29,30,31,0,0,0,0,0,29,30,31,28,29,30,31,0,0,0,0,0,0,0,0,0,0,0,0,0,0,0,0,0,0,0,0,0,0,0,0,28,29,33,42,28,0,0,0,0,0,
+149,153,18,19,16,17,18,19,16,17,18,19,16,17,18,19,16,0,0,0,0,0,0,0,0,0,0,0,0,0,0,0,0,0,0,0,0,0,0,19,16,17,18,41,16,17,0,0,0,0,
 176,161,153,23,20,21,22,23,20,21,22,23,20,21,22,23,20,21,22,23,20,21,0,0,0,0,0,0,0,21,22,23,20,0,0,0,0,21,22,23,20,21,22,39,20,21,22,0,0,0,
 180,181,150,27,24,25,26,27,24,25,26,27,24,25,26,27,24,25,26,27,24,25,26,27,24,25,26,27,24,25,26,27,24,25,26,27,24,25,26,27,24,25,35,45,24,25,26,0,0,0,
 184,185,146,31,28,29,30,31,28,29,30,31,28,29,30,31,28,29,30,31,28,29,30,31,28,29,30,31,28,29,30,31,28,29,30,31,28,29,30,31,28,29,45,37,28,29,30,0,0,0,
@@ -96,11 +96,11 @@
  </layer>
  <layer name="object" width="50" height="60">
   <data encoding="csv">
-0,0,0,0,0,0,0,0,0,0,0,0,0,0,0,0,0,0,0,0,0,0,0,0,0,0,0,0,0,0,0,0,0,0,0,0,0,0,0,0,52,93,93,93,93,93,93,50,0,0,
-0,0,0,0,0,0,0,0,0,0,0,0,0,0,0,0,0,0,0,0,0,0,0,0,0,0,0,0,0,0,0,0,0,0,0,0,0,0,0,0,52,249,0,0,0,0,0,54,0,0,
-0,0,0,0,0,0,0,0,0,60,53,49,53,49,57,0,0,0,0,0,0,0,0,0,0,0,0,0,0,0,0,0,0,0,0,0,0,0,0,0,52,0,0,0,0,0,0,50,0,0,
-49,49,53,53,57,0,0,0,56,68,0,0,0,0,69,49,57,0,0,0,0,0,0,0,0,0,0,0,0,0,0,0,0,0,0,0,0,0,0,60,64,0,0,0,0,0,0,54,0,0,
-0,0,0,0,69,53,53,53,68,0,0,251,0,0,0,252,69,61,0,0,0,0,0,0,0,0,0,0,0,0,0,0,0,0,0,0,0,0,56,68,255,0,0,0,0,0,0,54,0,0,
+0,0,0,0,0,0,0,0,0,0,0,0,0,0,0,0,0,0,0,0,0,0,0,0,0,0,0,0,0,0,0,0,0,0,0,0,0,0,0,0,52,93,93,93,93,50,0,0,0,0,
+0,0,0,0,0,0,0,0,0,0,0,0,0,0,0,0,0,0,0,0,0,0,0,0,0,0,0,0,0,0,0,0,0,0,0,0,0,0,0,0,52,249,0,0,0,50,0,0,0,0,
+0,0,0,0,0,0,0,0,0,60,53,49,53,49,57,0,0,0,0,0,0,0,0,0,0,0,0,0,0,0,0,0,0,0,0,0,0,0,0,0,52,0,0,0,0,50,0,0,0,0,
+49,49,53,53,57,0,0,0,56,68,0,0,0,0,69,49,57,0,0,0,0,0,0,0,0,0,0,0,0,0,0,0,0,0,0,0,0,0,0,60,64,0,0,0,0,50,0,0,0,0,
+0,0,0,0,69,53,53,53,68,0,0,251,0,0,0,252,69,61,0,0,0,0,0,0,0,0,0,0,0,0,0,0,0,0,0,0,0,0,56,68,255,0,0,0,0,69,53,57,0,0,
 0,0,0,0,0,0,0,250,0,0,0,0,0,0,0,0,0,69,49,49,53,49,61,0,0,0,0,0,56,49,53,49,53,61,0,0,60,49,64,0,0,0,0,0,0,0,0,54,0,0,
 0,0,0,0,0,0,0,0,0,0,136,0,0,0,0,0,0,0,0,0,253,0,69,49,49,49,49,53,64,0,251,0,0,69,53,49,64,0,0,109,0,0,0,0,0,0,0,54,0,0,
 0,0,0,0,0,255,0,0,0,0,0,0,0,0,101,137,0,0,0,0,0,0,0,0,0,105,0,252,0,0,0,0,0,0,255,0,0,0,126,108,0,0,0,0,0,0,0,54,0,0,
@@ -139,13 +139,13 @@
 0,0,0,0,0,245,0,0,247,0,0,121,0,114,0,0,0,0,0,0,0,0,0,0,0,0,0,0,0,0,0,126,130,0,0,108,0,0,0,0,0,251,0,0,0,0,0,54,0,0,
 0,0,0,0,0,129,0,0,0,0,246,122,0,0,120,0,0,0,0,173,0,0,0,0,0,0,0,0,242,0,0,0,0,0,0,0,0,0,0,0,0,0,0,0,0,0,66,58,0,0,
 0,0,0,0,0,0,0,0,130,122,0,124,0,129,0,0,0,0,0,172,0,0,0,0,0,0,0,0,0,0,128,0,102,0,0,105,0,0,0,0,0,211,0,0,0,0,54,0,0,0,
-0,0,0,0,0,0,0,0,0,0,0,0,0,0,0,0,0,0,0,171,0,0,0,0,0,0,0,0,0,0,124,0,0,0,0,104,0,0,0,0,0,210,0,0,0,0,50,0,0,0,
+0,0,0,0,0,0,95,0,0,0,0,0,0,0,0,0,0,0,0,171,0,0,0,0,0,0,0,0,0,0,124,0,0,0,0,104,0,0,0,0,0,210,0,0,0,0,50,0,0,0,
 0,0,0,0,0,0,0,0,0,0,0,244,0,120,0,0,0,0,0,0,0,0,0,0,0,0,0,241,0,0,0,0,0,0,122,139,0,0,0,0,208,209,0,0,0,0,54,0,0,0,
 0,0,0,0,0,0,0,0,222,0,0,0,0,0,0,0,0,0,0,0,0,0,0,133,0,0,0,0,0,0,106,107,0,110,111,0,0,0,0,0,0,0,0,0,0,0,54,0,0,0,
 0,0,0,0,0,0,0,0,221,0,122,0,0,0,0,0,0,0,0,0,0,0,0,0,0,0,0,0,0,0,0,0,0,0,0,0,0,0,0,105,106,107,110,111,0,0,54,0,0,0,
 0,0,0,0,0,0,0,0,220,0,0,119,0,0,0,0,0,0,0,0,0,0,0,0,124,0,0,0,0,0,0,0,0,0,0,0,0,0,0,104,113,114,117,121,0,0,54,0,0,0,
 0,0,0,0,0,216,217,218,219,0,0,0,0,0,0,0,0,0,0,0,0,0,0,0,0,0,0,122,0,0,0,0,0,0,0,0,0,0,0,105,112,115,116,121,0,0,65,57,0,0,
-0,0,0,0,0,0,0,119,0,0,0,0,0,0,0,0,0,0,0,0,0,0,0,132,0,124,0,0,0,0,0,0,0,0,0,0,0,0,0,104,113,115,117,120,0,0,0,50,0,0,
+0,0,0,0,0,0,93,119,0,0,0,0,0,0,0,0,0,0,0,0,0,0,0,132,0,124,0,0,0,0,0,0,0,0,0,0,0,0,0,104,113,115,117,120,0,0,0,50,0,0,
 0,0,0,0,246,0,0,0,0,0,0,0,0,0,0,0,0,0,0,0,0,0,0,0,0,0,0,0,0,0,0,0,0,0,0,0,0,0,0,215,113,115,117,120,0,0,0,50,0,0,
 0,0,0,0,130,0,0,0,0,0,130,0,0,114,0,0,0,0,0,0,0,0,0,0,0,0,0,0,0,0,0,0,215,0,0,0,0,212,213,214,112,114,116,121,0,0,0,50,0,0,
 0,0,0,0,0,0,0,245,0,0,0,0,0,0,0,0,0,0,0,0,0,0,0,0,0,0,137,0,0,0,212,213,214,0,0,0,0,0,0,0,0,0,0,0,0,0,0,50,0,0,
@@ -160,11 +160,11 @@
  </layer>
  <layer name="collision" width="50" height="60">
   <data encoding="csv">
-3,3,3,3,3,3,3,3,3,3,3,3,3,3,3,3,3,3,3,3,3,3,3,3,3,3,3,3,3,3,3,3,3,3,3,3,3,3,3,3,1,0,0,0,0,0,0,1,3,3,
-3,3,3,3,3,3,3,3,3,3,3,3,3,3,3,3,3,3,3,3,3,3,3,3,3,3,3,3,3,3,3,3,3,3,3,3,3,3,3,3,1,1,0,0,0,0,0,1,3,3,
-3,3,3,3,3,3,3,3,3,1,1,1,1,1,1,3,3,3,3,3,3,3,3,3,3,3,3,3,3,3,3,3,3,3,3,3,3,3,3,3,1,0,0,0,0,0,0,1,3,3,
-1,1,1,1,1,3,3,3,1,1,0,0,0,0,1,1,1,3,3,3,3,3,3,3,3,3,3,3,3,3,3,3,3,3,3,3,3,3,3,1,1,0,0,0,0,0,0,1,3,3,
-2,2,0,0,1,1,1,1,1,0,0,1,0,0,0,1,1,1,3,3,3,3,3,3,3,3,3,3,3,3,3,3,3,3,3,3,3,3,1,1,1,0,0,0,0,0,0,1,3,3,
+3,3,3,3,3,3,3,3,3,3,3,3,3,3,3,3,3,3,3,3,3,3,3,3,3,3,3,3,3,3,3,3,3,3,3,3,3,3,3,3,1,0,0,0,0,1,3,3,3,3,
+3,3,3,3,3,3,3,3,3,3,3,3,3,3,3,3,3,3,3,3,3,3,3,3,3,3,3,3,3,3,3,3,3,3,3,3,3,3,3,3,1,1,0,0,0,1,3,3,3,3,
+3,3,3,3,3,3,3,3,3,1,1,1,1,1,1,3,3,3,3,3,3,3,3,3,3,3,3,3,3,3,3,3,3,3,3,3,3,3,3,3,1,0,0,0,0,1,3,3,3,3,
+1,1,1,1,1,3,3,3,1,1,0,0,0,0,1,1,1,3,3,3,3,3,3,3,3,3,3,3,3,3,3,3,3,3,3,3,3,3,3,1,1,0,0,0,0,1,3,3,3,3,
+2,2,0,0,1,1,1,1,1,0,0,1,0,0,0,1,1,1,3,3,3,3,3,3,3,3,3,3,3,3,3,3,3,3,3,3,3,3,1,1,1,0,0,0,0,1,1,1,3,3,
 2,2,2,0,0,0,0,1,0,0,0,0,0,0,0,0,0,1,1,1,1,1,1,3,3,3,3,3,1,1,1,1,1,1,3,3,1,1,1,0,0,0,0,0,0,0,0,1,3,3,
 2,2,2,0,0,0,0,0,0,0,4,0,0,0,0,0,0,0,0,0,1,0,1,1,1,1,1,1,1,0,1,0,0,1,1,1,1,0,0,4,0,0,0,0,0,0,0,1,3,3,
 2,2,2,0,0,1,0,0,0,0,0,0,0,0,4,4,0,0,0,0,0,0,0,0,0,4,0,1,0,0,0,0,0,0,1,0,0,0,0,4,0,0,0,0,0,0,0,1,3,3,
@@ -223,7 +223,7 @@
 </data>
  </layer>
  <objectgroup name="event">
-  <object id="1" name="to Lochport Cemetery" type="event" x="1312" y="0" width="192" height="32">
+  <object id="1" name="to Lochport Cemetery" type="event" x="1312" y="0" width="128" height="32">
    <properties>
     <property name="activate" value="on_trigger"/>
     <property name="hotspot" value="location"/>
diff --git a/tiled/empyrean_campaign/lochport_cemetery.tmx b/tiled/empyrean_campaign/lochport_cemetery.tmx
index 17cd587f9c75db66ef9ab06a350e8be2910e76bd..67f573e5125248c494f9009461bc5f95bc873a3d 100644
--- a/tiled/empyrean_campaign/lochport_cemetery.tmx
+++ b/tiled/empyrean_campaign/lochport_cemetery.tmx
@@ -41,8 +41,8 @@
 23,23,18,31,18,22,22,25,25,44,26,28,29,21,27,31,43,45,38,37,32,41,37,45,41,38,21,28,21,25,17,19,31,152,149,145,149,145,149,160,180,181,182,183,180,181,165,157,19,18,25,31,0,0,0,0,0,0,0,0,
 31,18,24,26,19,41,42,47,47,44,25,24,18,26,29,30,21,18,24,23,29,28,19,23,47,35,44,44,21,22,21,27,23,159,167,187,184,185,186,187,184,185,186,187,184,185,186,161,149,153,20,29,26,0,0,0,0,0,0,0,
 24,27,18,30,17,26,29,26,27,27,24,23,20,23,29,18,19,23,31,31,26,28,21,30,19,26,18,25,21,30,19,28,17,27,148,191,188,189,190,191,188,189,190,191,188,189,190,191,188,161,153,18,18,0,0,0,0,0,0,0,
-28,23,27,30,25,26,21,28,17,25,21,0,0,0,0,20,23,20,26,17,17,22,23,19,31,24,19,28,29,29,31,29,24,18,159,163,176,177,178,179,176,177,178,179,176,177,178,179,176,177,165,153,30,28,0,0,0,0,0,0,
-31,17,26,24,18,31,27,26,31,0,0,0,0,0,0,0,0,0,0,0,0,24,21,23,19,30,23,26,20,21,28,27,28,23,23,144,180,181,182,183,180,181,182,183,180,181,182,183,180,181,182,146,25,20,0,0,0,0,0,0,
+0,0,27,30,25,26,21,28,17,25,21,0,0,0,0,20,23,20,26,17,17,22,23,19,31,24,19,28,29,29,31,29,24,18,159,163,176,177,178,179,176,177,178,179,176,177,178,179,176,177,165,153,30,28,0,0,0,0,0,0,
+0,0,26,24,18,31,27,26,31,0,0,0,0,0,0,0,0,0,0,0,0,24,21,23,19,30,23,26,20,21,28,27,28,23,23,144,180,181,182,183,180,181,182,183,180,181,182,183,180,181,182,146,25,20,0,0,0,0,0,0,
 0,0,0,0,0,0,0,0,0,0,0,0,0,0,0,0,0,0,0,0,0,0,0,22,23,27,30,28,30,21,21,25,28,29,31,159,167,185,186,187,184,185,186,187,184,185,186,187,184,185,186,165,157,31,0,0,0,0,0,0,
 0,0,0,0,0,0,0,0,0,0,0,0,0,0,0,0,0,0,0,0,0,0,0,0,0,23,30,23,27,21,17,17,20,27,28,24,144,189,190,191,188,189,166,147,147,147,147,167,188,189,190,191,146,23,0,0,0,0,0,0,
 0,0,0,0,0,0,0,0,0,0,0,0,0,0,0,0,0,0,0,0,0,0,0,0,0,0,23,28,21,21,28,24,18,26,27,24,192,202,202,196,202,202,194,23,17,17,17,155,167,177,178,179,150,30,25,0,0,0,0,0,
@@ -125,9 +125,9 @@
 92,0,0,0,127,0,0,0,0,0,0,0,0,0,0,0,0,127,0,0,0,0,0,0,0,0,0,0,0,0,0,0,0,0,0,0,0,0,0,0,0,0,0,0,0,0,0,0,0,0,0,69,57,0,0,0,0,0,0,0,
 92,0,126,0,0,0,0,0,127,0,0,0,0,0,0,0,0,0,0,0,0,0,0,0,0,0,0,0,0,0,0,245,0,0,0,0,0,0,114,0,0,0,0,0,0,0,0,0,0,0,0,254,65,57,0,0,0,0,0,0,
 92,0,0,123,0,0,0,0,0,0,0,0,0,0,0,122,0,0,0,0,0,0,0,0,0,0,0,0,0,0,0,0,0,0,130,0,0,0,0,0,0,0,0,0,0,0,0,0,0,0,0,0,112,50,0,0,0,0,0,0,
-92,122,0,118,0,125,124,0,0,0,0,70,55,55,51,67,0,0,0,0,0,0,0,0,0,132,0,0,0,0,0,0,0,0,0,0,115,0,0,0,0,0,0,0,0,0,0,0,115,0,0,0,0,69,61,0,0,0,0,0,
-92,0,0,0,0,0,0,0,0,66,55,62,0,0,0,63,51,55,51,51,51,71,0,249,0,0,0,0,0,0,0,0,0,0,0,0,0,0,0,0,0,0,0,121,0,0,0,0,0,0,0,0,247,0,54,0,0,0,0,0,
-51,55,51,55,55,51,51,51,51,58,0,0,0,0,0,0,0,0,0,0,0,63,51,71,0,0,0,0,0,0,0,0,0,0,0,0,0,0,0,0,0,115,0,0,0,0,0,0,0,0,0,0,0,0,54,0,0,0,0,0,
+55,51,71,118,0,125,124,0,0,0,0,70,55,55,51,67,0,0,0,0,0,0,0,0,0,132,0,0,0,0,0,0,0,0,0,0,115,0,0,0,0,0,0,0,0,0,0,0,115,0,0,0,0,69,61,0,0,0,0,0,
+0,0,52,0,0,0,0,245,0,66,55,62,0,0,0,63,51,55,51,51,51,71,0,249,0,0,0,0,0,0,0,0,0,0,0,0,0,0,0,0,0,0,0,121,0,0,0,0,0,0,0,0,247,0,54,0,0,0,0,0,
+0,0,59,51,55,51,51,51,51,58,0,0,0,0,0,0,0,0,0,0,0,63,51,71,0,0,0,0,0,0,0,0,0,0,0,0,0,0,0,0,0,115,0,0,0,0,0,0,0,0,0,0,0,0,54,0,0,0,0,0,
 0,0,0,0,0,0,0,0,0,0,0,0,0,0,0,0,0,0,0,0,0,0,0,59,51,71,0,254,0,0,0,0,0,0,0,243,0,0,0,0,0,0,0,0,0,0,0,0,114,0,0,0,0,0,54,0,0,0,0,0,
 0,0,0,0,0,0,0,0,0,0,0,0,0,0,0,0,0,0,0,0,0,0,0,0,0,63,71,0,0,0,0,0,0,0,0,124,0,0,0,0,0,0,0,0,122,113,242,0,0,0,0,0,0,0,69,61,0,0,0,0,
 0,0,0,0,0,0,0,0,0,0,0,0,0,0,0,0,0,0,0,0,0,0,0,0,0,0,59,71,0,0,0,0,0,0,0,0,0,0,0,0,0,0,0,0,0,0,0,130,0,0,0,0,0,0,248,69,61,0,0,0,
@@ -164,8 +164,8 @@
 0,0,0,0,0,48,0,0,0,0,0,249,0,0,0,243,0,0,0,0,0,0,0,0,0,251,0,247,0,0,0,0,0,0,0,0,0,50,0,0,0,0,0,52,0,0,126,0,0,0,125,0,0,0,50,0,0,0,0,0,
 0,0,0,0,0,52,249,0,0,0,141,0,0,0,0,0,0,0,0,0,0,0,141,0,0,0,0,0,0,0,0,0,0,0,0,0,0,50,0,0,0,0,0,52,250,0,0,120,127,0,0,0,0,66,58,0,0,0,0,0,
 0,0,0,0,0,48,0,0,0,0,0,0,0,246,0,0,0,0,0,0,0,0,123,0,0,246,0,0,141,0,0,0,0,0,249,0,66,62,0,0,0,0,56,64,0,118,0,0,0,0,0,0,0,54,0,0,0,0,0,0,
-0,0,0,0,0,52,0,0,0,0,0,0,0,0,0,0,250,0,0,0,0,0,0,0,0,0,0,0,249,0,0,0,0,0,0,0,50,0,0,0,0,0,48,0,0,0,113,0,0,0,0,0,0,65,53,57,0,0,0,0,
-0,0,0,0,0,52,254,0,0,0,140,0,0,0,0,141,0,0,0,0,0,0,143,117,0,0,255,0,0,119,0,0,0,0,0,70,62,0,0,0,0,0,52,0,249,0,0,0,0,0,0,0,0,0,0,50,0,0,0,0,
+0,0,0,0,0,52,0,0,0,0,0,0,0,0,0,0,250,0,0,0,0,0,0,0,0,0,0,0,249,0,0,0,0,0,0,0,50,0,0,0,0,0,48,0,0,0,94,0,0,0,0,0,0,65,53,57,0,0,0,0,
+0,0,0,0,0,52,254,0,0,0,140,0,0,0,0,141,0,0,0,0,0,0,143,117,0,0,255,0,0,119,0,0,0,0,0,70,62,0,0,0,0,0,52,0,249,0,94,0,0,0,0,0,0,0,0,50,0,0,0,0,
 0,0,0,0,0,48,0,0,0,0,0,0,0,251,0,0,0,0,0,0,0,0,0,0,0,0,0,0,0,0,0,0,0,0,0,54,0,0,0,0,0,0,52,0,0,0,0,0,0,0,0,0,0,0,112,50,0,0,0,0,
 0,0,0,0,0,63,67,0,0,0,0,0,106,107,0,106,107,0,0,0,0,0,106,107,0,110,111,0,124,0,0,0,0,0,0,50,0,0,0,0,0,0,48,0,0,0,0,0,0,0,0,0,0,117,246,65,61,0,0,0,
 0,0,0,0,0,0,52,0,0,0,0,0,0,0,0,0,0,0,0,0,0,0,0,0,0,0,0,0,0,0,0,0,0,0,0,69,57,0,0,0,0,0,63,71,0,255,0,0,0,0,0,0,0,0,0,0,50,0,0,0,
@@ -209,9 +209,9 @@
 0,0,0,0,0,0,0,0,0,0,0,0,0,0,0,0,0,0,0,0,0,0,0,0,0,0,0,0,0,0,0,0,0,2,2,2,2,2,2,2,2,2,2,2,2,2,2,2,0,0,0,1,1,3,3,3,3,3,3,3,
 0,0,0,0,0,0,0,0,0,0,0,0,0,0,0,0,0,0,0,0,0,0,0,0,0,0,0,0,0,0,0,1,0,2,2,2,2,2,2,2,2,2,2,2,2,2,2,2,2,2,0,1,1,1,3,3,3,3,3,3,
 0,0,0,0,0,0,0,0,0,0,0,0,0,0,0,0,0,0,0,0,0,0,0,0,0,0,0,0,0,0,0,0,0,0,2,2,2,2,2,2,2,2,2,2,2,2,2,2,2,2,2,0,0,1,3,3,3,3,3,3,
-0,0,0,0,0,0,0,0,0,0,0,1,1,1,1,1,0,0,0,0,0,0,0,0,0,1,0,0,0,0,0,0,0,0,2,2,2,2,2,2,2,2,2,2,2,2,2,2,2,2,2,2,0,1,1,3,3,3,3,3,
-0,0,0,0,0,0,0,0,0,1,1,1,3,1,1,1,1,1,1,1,1,1,0,1,0,0,0,0,0,0,0,0,0,0,0,2,2,2,2,2,2,2,2,2,2,2,2,2,2,2,2,2,1,0,1,3,3,3,3,3,
-1,1,1,1,1,1,1,1,1,1,3,3,3,3,3,3,3,3,3,3,3,1,1,1,0,0,0,0,0,0,0,0,0,0,0,2,2,2,2,2,2,2,2,2,2,2,2,2,2,2,2,2,2,0,1,3,3,3,3,3,
+1,1,1,0,0,0,0,0,0,0,0,1,1,1,1,1,0,0,0,0,0,0,0,0,0,1,0,0,0,0,0,0,0,0,2,2,2,2,2,2,2,2,2,2,2,2,2,2,2,2,2,2,0,1,1,3,3,3,3,3,
+3,3,1,0,0,0,0,1,0,1,1,1,3,1,1,1,1,1,1,1,1,1,0,1,0,0,0,0,0,0,0,0,0,0,0,2,2,2,2,2,2,2,2,2,2,2,2,2,2,2,2,2,1,0,1,3,3,3,3,3,
+3,3,1,1,1,1,1,1,1,1,3,3,3,3,3,3,3,3,3,3,3,1,1,1,0,0,0,0,0,0,0,0,0,0,0,2,2,2,2,2,2,2,2,2,2,2,2,2,2,2,2,2,2,0,1,3,3,3,3,3,
 3,3,3,3,3,3,3,3,3,3,3,3,3,3,3,3,3,3,3,3,3,3,3,1,1,1,0,1,0,0,0,0,0,0,0,1,2,2,2,2,2,2,2,2,2,2,2,2,2,2,2,2,2,0,1,3,3,3,3,3,
 3,3,3,3,3,3,3,3,3,3,3,3,3,3,3,3,3,3,3,3,3,3,3,3,3,1,1,0,0,0,0,0,0,0,0,0,0,0,0,0,0,0,0,0,0,0,1,2,2,2,2,2,2,0,1,1,3,3,3,3,
 3,3,3,3,3,3,3,3,3,3,3,3,3,3,3,3,3,3,3,3,3,3,3,3,3,3,1,1,0,0,0,0,0,0,0,0,2,2,2,2,2,2,2,0,0,0,0,4,2,2,2,2,2,0,1,1,1,3,3,3,
@@ -291,7 +291,7 @@
     <property name="tooltip" value="Family Crypt"/>
    </properties>
   </object>
-  <object id="3" name="to Merrimead Swamp" type="event" x="0" y="160" width="32" height="192">
+  <object id="3" name="to Merrimead Swamp" type="event" x="0" y="160" width="32" height="128">
    <properties>
     <property name="activate" value="on_trigger"/>
     <property name="hotspot" value="location"/>
diff --git a/tiled/empyrean_campaign/nazia_highlands.tmx b/tiled/empyrean_campaign/nazia_highlands.tmx
index df6c6866eed8c126284ae78647390fe62aa9c853..53f2ee0ae56384c934e008fe968a537b1757a176 100644
--- a/tiled/empyrean_campaign/nazia_highlands.tmx
+++ b/tiled/empyrean_campaign/nazia_highlands.tmx
@@ -182,7 +182,7 @@
 0,0,48,251,0,0,0,0,104,0,0,0,0,0,0,0,0,66,62,0,0,0,0,0,0,0,0,0,0,0,0,0,0,63,51,71,0,0,0,0,0,0,0,0,0,0,0,0,0,0,0,66,58,0,0,0,0,0,0,0,0,0,0,0,0,0,67,0,0,0,0,0,0,69,61,0,0,0,0,0,
 0,0,52,0,0,0,0,0,109,0,0,0,0,0,0,254,66,62,0,0,0,0,0,0,0,0,0,0,0,0,0,0,0,0,0,63,51,55,51,51,55,51,55,51,67,0,0,0,0,0,70,62,0,0,0,0,0,0,0,0,0,0,0,0,0,0,48,251,0,0,0,0,0,248,50,0,0,0,0,0,
 0,0,52,248,0,0,0,0,108,0,0,0,0,0,66,55,62,0,0,0,0,0,0,0,0,0,0,0,0,0,0,0,0,0,0,0,0,0,0,0,0,0,0,0,59,71,117,0,0,66,58,0,0,0,0,0,56,53,53,61,0,0,0,0,0,60,68,0,0,0,0,0,0,0,50,0,0,0,0,0,
-0,0,52,0,0,0,0,0,0,0,0,0,0,70,58,0,0,0,0,0,0,0,0,0,0,0,0,0,0,0,0,0,0,0,0,0,0,0,0,0,0,0,0,0,0,63,71,0,0,50,0,0,0,0,0,56,64,0,0,65,53,49,61,0,56,64,0,0,0,0,0,0,0,0,50,0,0,0,0,0,
+0,0,52,0,0,93,93,0,0,0,0,0,0,70,58,0,0,0,0,0,0,0,0,0,0,0,0,0,0,0,0,0,0,0,0,0,0,0,0,0,0,0,0,0,0,63,71,0,0,50,0,0,0,0,0,56,64,0,0,65,53,49,61,0,56,64,0,0,0,0,0,0,0,0,50,0,0,0,0,0,
 0,0,52,0,254,0,0,0,0,0,0,0,66,58,0,0,0,0,0,0,0,0,0,0,0,0,0,0,0,0,0,0,0,0,0,0,0,0,0,0,0,0,0,0,0,0,59,55,55,62,0,0,0,0,60,64,130,0,0,0,248,0,65,49,68,254,0,0,0,0,0,0,0,0,54,0,0,0,0,0,
 0,0,59,51,51,51,51,51,51,55,55,55,58,0,0,0,0,0,0,0,0,0,0,0,0,0,0,0,0,0,0,0,0,0,0,0,0,0,0,0,0,0,0,0,0,0,0,0,0,0,0,0,0,60,64,0,0,0,0,116,0,0,0,120,0,0,0,0,0,0,0,0,0,0,54,0,0,0,0,0,
 0,0,0,0,0,0,0,0,0,0,0,0,0,0,0,0,0,0,0,0,0,0,0,0,0,0,0,0,0,0,0,0,0,0,0,0,0,0,0,0,0,0,0,0,0,0,0,0,0,0,0,0,0,52,249,0,0,0,0,0,0,74,75,0,0,0,0,0,0,0,0,0,0,66,58,0,0,0,0,0,
diff --git a/tiled/empyrean_campaign/stormrock_pass.tmx b/tiled/empyrean_campaign/stormrock_pass.tmx
index edd8d64d297da871376cc036ac34af85b1ea801b..7b27dd54f0352c26b8c63052eef43315ab1c4de1 100644
--- a/tiled/empyrean_campaign/stormrock_pass.tmx
+++ b/tiled/empyrean_campaign/stormrock_pass.tmx
@@ -509,13 +509,13 @@
 0,0,0,0,0,0,0,0,0,0,0,0,0,0,0,0,0,0,0,0,0,0,0,0,0,0,0,0,0,0,0,0,0,0,0,0,0,48,109,560,0,0,0,50,0,0,0,0,0,0,0,0,0,0,48,0,0,0,0,0,0,0,106,107,138,0,0,0,0,0,0,0,54,0,0,0,0,0,0,0,0,0,0,0,0,0,0,0,0,0,0,0,0,0,0,0,0,0,0,0,0,0,0,0,0,0,0,0,0,0,0,0,0,0,0,0,0,0,0,0,0,0,0,0,0,0,0,0,0,0,0,0,
 0,0,0,0,0,0,0,0,0,0,0,0,0,0,0,0,0,0,0,0,0,0,0,0,0,0,0,0,0,0,0,0,0,0,0,0,0,52,108,0,0,0,0,54,0,0,0,0,0,0,0,0,0,0,63,55,51,67,0,0,0,0,0,0,0,0,0,0,0,0,0,0,54,0,0,0,0,60,53,53,53,49,61,0,0,0,0,0,0,0,0,0,0,0,0,0,0,0,0,0,0,0,0,0,0,0,0,0,0,0,0,0,0,0,0,0,0,0,0,0,0,0,0,0,0,0,0,0,0,0,0,0,
 0,0,0,0,0,0,0,0,0,0,0,0,0,0,0,0,0,0,0,0,0,0,0,0,0,0,0,0,0,0,0,0,0,0,0,0,0,48,0,0,0,0,0,50,0,0,0,0,0,0,0,0,0,0,0,0,0,48,0,0,0,0,0,0,0,0,0,0,0,0,0,66,62,0,0,0,0,48,564,140,0,246,69,53,57,0,0,0,0,0,0,0,0,0,0,0,0,0,0,0,0,0,0,0,0,0,0,0,0,0,0,0,0,0,0,0,0,0,0,0,0,0,0,0,0,0,0,0,0,0,0,0,
-0,0,0,0,0,0,0,0,0,0,0,0,0,0,0,0,0,0,0,0,0,0,0,0,0,0,0,0,0,0,0,0,0,0,0,0,0,48,247,0,0,0,0,69,57,0,0,0,0,0,0,0,0,0,0,0,0,48,0,0,0,0,0,0,0,0,0,0,0,66,55,58,0,0,0,0,60,64,0,0,0,0,0,0,69,49,57,0,0,0,0,0,0,0,0,0,0,0,0,0,0,0,0,0,0,0,0,0,0,0,0,0,0,0,0,0,0,0,0,0,0,0,0,0,0,0,0,0,0,0,0,0,
+0,0,0,0,0,0,0,0,0,0,0,0,0,0,0,0,0,0,0,0,0,0,0,0,0,0,0,0,0,0,0,0,0,0,0,0,0,48,247,0,0,0,0,69,57,0,0,0,0,0,0,0,0,0,0,0,0,48,0,0,0,0,0,0,0,0,0,0,0,66,55,58,0,0,0,0,60,64,0,0,0,95,0,0,69,49,57,0,0,0,0,0,0,0,0,0,0,0,0,0,0,0,0,0,0,0,0,0,0,0,0,0,0,0,0,0,0,0,0,0,0,0,0,0,0,0,0,0,0,0,0,0,
 0,0,0,0,0,0,0,0,0,0,0,0,0,0,0,0,0,0,0,0,0,0,0,0,0,0,0,0,0,0,0,0,0,0,0,0,0,63,71,0,0,0,0,0,69,49,61,0,0,0,0,0,0,0,0,0,0,48,0,0,0,0,0,0,0,0,0,0,66,58,0,0,0,0,0,0,48,0,0,0,0,0,0,0,0,0,69,61,0,0,0,0,0,0,0,0,0,0,0,0,0,0,0,0,0,0,0,0,0,0,0,0,0,0,0,0,0,0,0,0,0,0,0,0,0,0,0,0,0,0,0,0,
 0,0,0,0,0,0,0,0,0,0,0,0,0,0,0,0,0,0,0,0,0,0,0,0,0,0,0,0,0,0,0,0,0,0,0,0,0,0,59,67,0,0,0,0,0,0,65,49,53,49,49,49,57,0,0,60,49,64,565,106,107,0,245,0,0,0,0,0,50,0,0,0,0,0,0,0,48,0,0,0,0,0,0,222,0,0,0,69,61,0,0,0,0,0,0,0,0,0,0,0,0,0,0,0,0,0,0,0,0,0,0,0,0,0,0,0,0,0,0,0,0,0,0,0,0,0,0,0,0,0,0,0,
 0,0,0,0,0,0,0,0,0,0,0,0,0,0,0,0,0,0,0,0,0,0,0,0,0,0,0,0,0,0,0,0,0,0,0,0,0,0,0,63,71,0,0,0,0,0,0,0,0,0,245,0,65,53,53,64,0,0,0,0,0,0,0,0,0,0,0,0,50,0,0,0,0,0,0,0,48,0,0,0,0,0,0,221,0,0,0,0,69,57,0,0,0,0,0,0,0,0,0,0,0,0,0,0,0,0,0,0,0,0,0,0,0,0,0,0,0,0,0,0,0,0,0,0,0,0,0,0,0,0,0,0,
 0,0,0,0,0,0,0,0,0,0,0,0,0,0,0,0,0,0,0,0,0,0,0,0,0,0,0,0,0,0,0,0,0,0,0,0,0,0,0,0,59,71,246,0,0,0,0,0,0,0,0,0,0,0,0,0,0,0,0,0,0,0,0,0,0,0,0,0,65,53,49,53,53,61,0,0,52,143,0,0,0,0,0,220,0,0,0,0,0,65,61,0,0,0,0,0,0,0,0,0,0,0,0,0,0,0,0,0,0,0,0,0,0,0,0,0,0,0,0,0,0,0,0,0,0,0,0,0,0,0,0,0,
 0,0,0,0,0,0,0,0,0,0,0,0,0,0,0,0,0,0,0,0,0,0,0,0,0,0,0,0,0,0,0,0,0,0,0,0,0,0,0,0,0,59,71,0,0,0,0,0,0,0,0,0,0,0,0,0,0,0,0,0,0,0,0,0,0,0,0,0,0,134,0,0,134,65,53,53,64,0,0,0,216,217,218,219,0,0,0,247,0,0,50,0,0,0,0,0,0,0,0,0,0,0,0,0,0,0,0,0,0,0,0,0,0,0,0,0,0,0,0,0,0,0,0,0,0,0,0,0,0,0,0,0,
-0,0,0,0,0,0,0,0,0,0,0,0,0,0,0,0,0,0,0,0,0,0,0,0,0,0,0,0,0,0,0,0,0,0,0,0,0,0,0,0,0,0,63,55,51,55,55,55,67,0,0,0,0,0,0,0,0,0,0,0,0,0,0,0,0,0,0,0,0,0,0,0,0,0,0,0,0,0,0,0,0,0,0,0,0,0,0,563,0,0,50,0,0,0,0,0,0,0,0,0,0,0,0,0,0,0,0,0,0,0,0,0,0,0,0,0,0,0,0,0,0,0,0,0,0,0,0,0,0,0,0,0,
+0,0,0,0,0,0,0,0,0,0,0,0,0,0,0,0,0,0,0,0,0,0,0,0,0,0,0,0,0,0,0,0,0,0,0,0,0,0,0,0,0,0,63,55,51,55,55,55,67,0,0,0,0,0,0,0,0,0,0,0,0,0,0,0,0,0,0,0,0,0,0,0,0,0,0,0,0,0,0,0,0,93,0,0,0,0,0,563,0,0,50,0,0,0,0,0,0,0,0,0,0,0,0,0,0,0,0,0,0,0,0,0,0,0,0,0,0,0,0,0,0,0,0,0,0,0,0,0,0,0,0,0,
 0,0,0,0,0,0,0,0,0,0,0,0,0,0,0,0,0,0,0,0,0,0,0,0,0,0,0,0,0,0,0,0,0,0,0,0,0,0,0,0,0,0,0,0,0,0,0,0,59,67,0,0,0,0,0,0,0,0,0,0,0,0,0,244,0,0,0,0,0,0,0,0,0,0,0,0,0,0,0,0,245,0,0,529,0,0,0,0,0,0,50,0,0,0,0,0,0,0,0,0,0,0,0,0,0,0,0,0,0,0,0,0,0,0,0,0,0,0,0,0,0,0,0,0,0,0,0,0,0,0,0,0,
 0,0,0,0,0,0,0,0,0,0,0,0,0,0,0,0,0,0,0,0,0,0,0,0,0,0,0,0,0,0,0,0,0,0,0,0,0,0,0,0,0,0,0,0,0,0,0,0,0,59,51,55,51,55,55,67,0,0,0,0,0,529,0,0,0,0,0,0,0,133,0,0,135,0,0,0,0,0,0,0,0,0,567,528,0,0,0,0,0,0,54,0,0,0,0,0,0,0,0,0,0,0,0,0,0,0,0,0,0,0,0,0,0,0,0,0,0,0,0,0,0,0,0,0,0,0,0,0,0,0,0,0,
 0,0,0,0,0,0,0,0,0,0,0,0,0,0,0,0,0,0,0,0,0,0,0,0,0,0,0,0,0,0,0,0,0,0,0,0,0,0,0,0,0,0,0,0,0,0,0,0,0,0,0,0,0,0,0,52,0,0,0,0,0,528,0,0,0,0,0,0,0,0,0,0,0,0,0,0,0,0,0,0,0,526,527,0,0,0,0,0,0,0,54,0,0,0,0,0,0,0,0,0,0,0,0,0,0,0,0,0,0,0,0,0,0,0,0,0,0,0,0,0,0,0,0,0,0,0,0,0,0,0,0,0,
