diff --git a/mods/empyrean_campaign/maps/st_maria_2.txt b/mods/empyrean_campaign/maps/st_maria_2.txt
index 5fbc7c7ec3024bc010482267c5f582aceb97afeb..d3c9d5b1bb37fb89b64c1975fd8436c32b554d92 100644
--- a/mods/empyrean_campaign/maps/st_maria_2.txt
+++ b/mods/empyrean_campaign/maps/st_maria_2.txt
@@ -28,32 +28,32 @@ data=
 0,0,0,0,0,0,46,43,39,36,40,45,43,39,43,38,37,0,0,0,0,51,51,0,0,0,38,47,41,46,35,38,45,46,42,33,18,37,42,0,0,0,0,0,0,0,0,0,0,0,0,0,0,0,0,0,0,0,0,0,0,0,0,0,0,0,0,0,0,0,
 0,0,0,0,0,0,46,44,19,39,36,42,46,40,43,38,40,287,0,0,0,51,51,0,0,0,37,44,44,16,32,39,33,34,36,34,38,39,36,0,0,0,0,0,0,0,0,0,0,0,38,47,38,37,38,45,43,36,41,36,44,42,43,43,47,39,45,0,0,0,
 0,0,0,0,0,0,18,38,37,38,37,0,0,0,47,47,51,51,51,51,51,51,51,0,0,0,36,36,36,37,32,32,34,34,32,34,38,46,45,0,0,0,0,0,0,0,0,0,0,0,38,33,34,32,33,34,32,32,32,33,32,35,32,32,34,33,32,0,0,0,
-0,0,0,0,0,0,37,19,38,46,46,0,0,0,38,51,51,51,51,51,51,51,51,0,0,0,43,47,43,42,46,36,33,34,36,45,45,41,36,0,0,0,0,0,0,0,0,0,0,0,38,34,42,18,33,17,36,33,37,39,35,39,36,33,37,45,35,0,0,0,
-0,0,0,0,0,0,46,45,39,36,41,0,0,0,0,0,0,0,0,0,0,0,0,0,0,0,0,0,0,0,46,42,35,35,44,0,0,0,0,0,0,0,0,0,0,0,0,0,0,0,44,32,43,17,32,45,39,34,47,44,34,19,47,34,39,17,35,0,0,0,
+0,0,0,0,0,0,37,19,38,46,46,0,0,0,38,51,51,51,51,51,51,51,51,0,0,0,43,47,43,42,46,36,33,34,36,45,45,41,36,0,0,0,0,0,0,0,0,0,0,0,38,34,42,18,33,51,51,33,51,51,35,51,51,33,37,45,35,0,0,0,
+0,0,0,0,0,0,46,45,39,36,41,0,0,0,0,0,0,0,0,0,0,0,0,0,0,0,0,0,0,0,46,42,35,35,44,0,0,0,0,0,0,0,0,0,0,0,0,0,0,0,44,32,43,17,32,51,51,34,51,51,34,51,51,34,39,17,35,0,0,0,
 0,0,0,0,0,0,40,42,40,18,36,0,0,0,0,0,0,0,0,0,0,0,0,0,0,0,0,0,0,0,38,47,32,33,41,0,0,0,0,0,0,0,0,0,0,0,0,0,0,0,36,33,33,32,32,32,32,33,32,34,32,34,33,33,35,33,35,0,0,0,
 0,0,0,0,0,0,36,47,43,47,45,0,0,0,0,0,0,0,0,0,0,0,0,0,0,0,0,0,0,0,44,39,34,32,43,0,0,0,0,0,0,0,0,0,0,0,0,0,0,0,44,42,44,37,43,0,0,0,0,0,0,0,38,38,42,41,44,0,0,0,
 0,0,0,0,0,0,39,46,39,43,39,0,0,0,0,0,0,0,37,44,42,43,43,0,38,38,38,39,38,45,45,47,33,33,39,18,43,38,43,45,36,0,40,47,42,46,41,0,0,0,39,37,39,43,46,0,0,0,0,0,0,0,42,44,46,36,40,0,0,0,
 0,0,0,0,0,0,43,39,42,45,43,0,0,0,0,0,0,0,44,44,40,44,38,0,39,39,37,36,37,19,18,19,36,39,16,19,17,45,47,45,40,0,44,18,38,36,41,0,0,0,45,43,39,16,39,0,0,0,0,0,0,0,47,45,17,38,38,0,0,0,
 0,0,0,0,0,0,46,39,17,43,42,0,0,0,0,0,0,0,18,46,39,36,44,0,43,44,46,38,37,16,37,18,47,38,30,42,19,44,36,46,44,0,47,36,42,47,39,0,0,0,44,43,44,46,45,0,0,0,0,0,0,0,39,43,16,39,39,0,0,0,
 0,0,0,0,0,0,43,38,46,45,45,0,0,0,0,0,0,0,17,40,39,37,37,0,42,47,37,19,16,32,32,32,32,32,32,32,32,16,39,41,38,0,45,36,37,39,40,0,0,0,42,44,39,39,42,0,0,0,0,0,0,0,44,38,45,39,36,0,0,0,
-0,0,41,38,45,40,42,18,38,39,47,0,0,0,0,0,0,0,17,41,43,36,36,40,45,42,38,37,18,33,30,23,23,23,23,31,33,18,46,45,16,47,41,44,18,39,47,0,0,0,18,37,47,37,45,0,0,0,0,0,0,0,45,51,51,51,51,0,0,0,
-0,0,43,51,51,51,51,38,45,42,36,0,0,0,0,0,0,0,36,36,46,46,45,0,37,36,43,16,36,32,22,48,50,50,50,20,33,45,16,38,42,0,45,36,47,43,45,0,0,0,43,45,46,46,43,0,0,0,0,0,0,0,39,38,36,37,40,0,0,0,
-0,0,16,51,39,41,18,38,41,43,37,0,0,0,0,0,0,0,39,44,36,44,40,0,38,45,39,17,44,33,22,49,0,0,0,20,34,41,36,43,47,0,39,39,42,47,42,0,0,0,17,18,36,41,47,0,0,0,0,0,0,0,39,37,45,39,44,0,0,0,
-0,0,38,51,36,44,17,36,38,46,36,0,0,0,0,0,0,0,0,0,0,0,0,0,36,41,44,47,45,32,22,49,0,0,0,20,32,47,46,38,36,0,0,0,0,0,0,0,0,0,40,36,42,47,36,0,0,0,0,0,0,0,45,38,38,47,39,0,0,0,
-0,0,47,51,19,36,45,44,40,46,41,0,0,0,0,0,0,0,45,46,43,44,46,0,43,37,42,45,16,35,29,21,21,21,21,28,34,17,43,44,40,0,42,45,47,42,45,0,0,0,44,45,47,43,36,0,0,0,0,0,0,0,47,44,42,39,42,0,0,0,
-0,0,39,40,45,42,37,0,0,0,0,0,0,0,0,0,0,0,40,39,40,37,42,0,46,19,47,46,39,34,43,45,0,0,41,46,34,37,43,38,45,0,47,0,0,45,42,0,0,0,39,36,37,38,47,0,0,0,0,0,0,0,39,36,45,38,44,0,0,0,
-0,0,44,44,36,18,47,0,0,0,0,0,0,0,0,0,0,0,43,42,43,37,43,0,39,46,46,45,42,34,38,18,0,0,40,42,34,44,38,39,43,0,39,264,0,39,46,0,0,0,47,16,46,43,45,0,0,0,0,0,0,0,46,44,36,43,38,0,0,0,
-0,0,44,47,44,36,42,0,0,0,0,0,0,0,0,0,0,0,41,45,40,44,39,0,38,47,38,37,38,34,19,41,0,0,18,43,33,17,39,45,43,0,44,40,43,41,44,0,0,0,36,47,40,38,42,0,0,0,0,0,0,0,42,46,39,44,42,0,0,0,
-0,0,38,38,36,44,43,0,0,0,0,0,0,0,0,0,0,0,45,36,39,37,39,39,39,36,45,19,37,33,39,37,0,0,17,19,35,43,38,42,41,39,36,37,45,42,42,0,0,0,36,37,37,46,40,0,0,0,0,0,0,0,45,41,43,36,41,0,0,0,
-0,0,40,38,47,44,43,0,0,0,0,0,0,0,0,0,0,0,36,41,38,43,43,0,46,40,43,44,16,33,40,19,0,0,42,16,32,40,47,41,41,0,37,47,43,42,40,0,0,0,39,45,46,38,37,0,0,0,0,0,0,0,44,39,45,39,39,0,0,0,
-0,0,43,43,39,39,45,0,0,0,0,0,0,0,0,0,0,0,44,43,45,39,38,0,44,47,44,43,42,34,46,17,17,46,18,44,34,36,37,44,44,0,40,45,43,44,36,0,0,0,42,47,16,44,42,0,0,0,0,0,0,0,44,41,43,38,44,0,0,0,
-0,0,46,45,45,46,38,0,0,0,0,0,0,0,0,0,0,0,0,0,44,42,0,0,44,40,46,45,46,35,44,43,45,44,17,45,32,39,45,41,42,0,0,0,0,0,0,0,0,0,44,39,36,46,47,0,0,0,0,0,0,0,38,40,44,46,43,0,0,0,
-0,0,37,38,46,36,47,44,45,46,37,47,38,46,41,0,0,0,40,42,41,47,36,0,39,43,39,37,43,34,47,45,36,37,17,38,34,39,17,46,41,0,47,46,46,44,39,0,0,0,41,39,47,43,46,0,0,0,0,0,0,0,41,42,43,37,43,0,0,0,
-0,0,47,51,18,17,36,16,39,37,43,42,43,38,46,0,0,0,46,39,44,44,46,0,37,39,45,36,39,34,38,37,38,46,45,43,35,36,46,44,42,0,45,40,42,38,44,0,0,0,43,42,37,46,46,0,0,0,0,0,0,0,47,45,16,46,43,0,0,0,
-0,0,18,51,36,43,41,45,47,19,45,18,44,36,44,0,0,0,38,37,36,42,43,0,36,39,17,39,37,32,39,36,17,46,45,19,33,36,17,43,42,0,36,37,42,37,37,18,39,45,44,18,19,43,47,0,0,0,0,0,0,0,37,18,37,37,41,0,0,0,
-0,0,43,51,39,44,37,46,37,42,44,37,47,39,36,0,0,0,45,37,39,45,42,0,44,47,38,18,43,33,39,44,40,41,44,45,35,16,38,47,38,0,38,37,45,44,47,36,37,43,45,36,45,44,40,0,0,0,0,0,0,0,18,43,18,36,43,0,0,0,
-0,0,46,51,51,51,51,47,42,46,37,44,45,45,37,0,0,0,36,45,41,45,41,38,45,45,42,36,18,35,41,45,0,0,44,38,34,16,18,41,41,42,42,41,36,37,40,43,47,16,38,41,17,37,42,0,0,0,0,0,0,0,38,39,45,46,46,0,0,0,
-0,0,0,0,0,0,0,0,0,0,37,44,46,40,47,0,0,0,41,36,46,37,44,0,37,36,36,36,47,35,17,17,0,0,46,41,33,19,43,45,40,0,41,47,47,39,39,40,39,39,16,43,47,44,37,0,0,0,0,0,0,0,38,51,51,51,51,0,0,0,
+0,0,41,38,45,40,42,18,38,39,47,0,0,0,0,0,0,0,17,41,43,36,36,40,45,42,38,37,18,33,30,23,23,23,23,31,33,18,46,45,16,47,41,44,18,39,47,0,0,0,18,37,47,37,45,0,0,0,0,0,0,0,45,45,41,44,43,0,0,0,
+0,0,43,51,51,43,44,38,45,42,36,0,0,0,0,0,0,0,36,36,46,46,45,0,37,36,43,16,36,32,22,48,50,50,50,20,33,45,16,38,42,0,45,36,47,43,45,0,0,0,43,45,46,46,43,0,0,0,0,0,0,0,39,42,36,37,37,0,0,0,
+0,0,16,51,39,41,18,38,41,43,37,0,0,0,0,0,0,0,39,44,36,44,40,0,38,45,39,17,44,33,22,49,0,0,0,20,34,41,36,43,47,0,39,39,42,47,42,0,0,0,17,18,36,41,47,0,0,0,0,0,0,0,39,16,45,39,40,0,0,0,
+0,0,38,41,36,44,17,36,38,46,36,0,0,0,0,0,0,0,0,0,0,0,0,0,36,41,44,47,45,32,22,49,0,0,0,20,32,47,46,38,36,0,0,0,0,0,0,0,0,0,40,36,42,47,36,0,0,0,0,0,0,0,45,44,38,47,43,0,0,0,
+0,0,47,46,19,36,45,44,40,46,41,0,0,0,0,0,0,0,45,46,43,44,46,0,43,37,42,45,16,35,29,21,21,21,21,28,34,17,43,44,40,0,42,45,47,42,45,0,0,0,44,45,47,43,36,0,0,0,0,0,0,0,47,41,42,39,47,0,0,0,
+0,0,39,40,45,42,37,0,0,0,0,0,0,0,0,0,0,0,40,39,40,37,42,0,46,19,47,46,39,34,43,45,0,0,41,46,34,37,43,38,45,0,47,0,0,45,42,0,0,0,39,36,37,38,47,0,0,0,0,0,0,0,39,35,45,38,34,0,0,0,
+0,0,44,44,36,18,47,0,0,0,0,0,0,0,0,0,0,0,43,42,43,37,43,0,39,46,46,45,42,34,38,18,0,0,40,42,34,44,38,39,43,0,39,264,0,39,46,0,0,0,47,16,46,43,45,0,0,0,0,0,0,0,46,34,43,43,34,0,0,0,
+0,0,44,47,44,36,42,0,0,0,0,0,0,0,0,0,0,0,41,45,40,44,39,0,38,47,38,37,38,34,19,41,0,0,18,43,33,17,39,45,43,0,44,40,43,41,44,0,0,0,36,47,40,38,42,0,0,0,0,0,0,0,42,32,39,44,35,0,0,0,
+0,0,38,38,36,44,43,0,0,0,0,0,0,0,0,0,0,0,45,36,39,37,39,39,39,36,45,19,37,33,39,37,0,0,17,19,35,43,38,42,41,39,36,37,45,42,42,0,0,0,36,37,37,46,40,0,0,0,0,0,0,0,45,35,43,36,35,0,0,0,
+0,0,40,38,47,44,43,0,0,0,0,0,0,0,0,0,0,0,36,41,38,43,43,0,46,40,43,44,16,33,40,19,0,0,42,16,32,40,47,41,41,0,37,47,43,42,40,0,0,0,39,45,46,38,37,0,0,0,0,0,0,0,44,33,45,39,33,0,0,0,
+0,0,43,43,39,39,45,0,0,0,0,0,0,0,0,0,0,0,44,43,45,39,38,0,44,47,44,43,42,34,46,17,17,46,18,44,34,36,37,44,44,0,40,45,43,44,36,0,0,0,42,47,16,44,42,0,0,0,0,0,0,0,44,33,43,45,32,0,0,0,
+0,0,46,45,45,46,38,0,0,0,0,0,0,0,0,0,0,0,0,0,44,42,0,0,44,40,46,45,46,35,44,43,45,44,17,45,32,39,45,41,42,0,0,0,0,0,0,0,0,0,44,39,36,46,47,0,0,0,0,0,0,0,38,32,44,46,33,0,0,0,
+0,0,37,38,46,36,47,44,45,46,37,47,38,46,41,0,0,0,40,42,41,47,36,0,39,43,39,37,43,34,47,45,36,37,17,38,34,39,17,46,41,0,47,46,46,44,39,0,0,0,41,39,47,43,46,0,0,0,0,0,0,0,41,32,43,37,33,0,0,0,
+0,0,47,44,18,17,36,16,39,37,43,42,43,38,46,0,0,0,46,39,44,44,46,0,37,39,45,36,39,34,38,37,38,46,45,43,35,36,46,44,42,0,45,40,42,38,44,0,0,0,43,42,37,46,46,0,0,0,0,0,0,0,47,39,16,46,16,0,0,0,
+0,0,18,47,36,43,41,45,47,19,45,18,44,36,44,0,0,0,38,37,36,42,43,0,36,39,17,39,37,32,39,36,17,46,45,19,33,36,17,43,42,0,36,37,42,37,37,18,39,45,44,18,19,43,47,0,0,0,0,0,0,0,37,38,43,38,41,0,0,0,
+0,0,43,51,39,44,37,46,37,42,44,37,47,39,36,0,0,0,45,37,39,45,42,0,44,47,38,18,43,33,39,44,40,41,44,45,35,16,38,47,38,0,38,37,45,44,47,36,37,43,45,36,45,44,40,0,0,0,0,0,0,0,18,19,18,36,44,0,0,0,
+0,0,46,51,51,16,36,47,42,46,37,44,45,45,37,0,0,0,36,45,41,45,41,38,45,45,42,36,18,35,41,45,0,0,44,38,34,16,18,41,41,42,42,41,36,37,40,43,47,16,38,41,17,37,42,0,0,0,0,0,0,0,38,39,45,46,46,0,0,0,
+0,0,0,0,0,0,0,0,0,0,37,44,46,40,47,0,0,0,41,36,46,37,44,0,37,36,36,36,47,35,17,17,0,0,46,41,33,19,43,45,40,0,41,47,47,39,39,40,39,39,16,43,47,44,37,0,0,0,0,0,0,0,38,19,42,45,39,0,0,0,
 0,0,0,0,0,0,0,0,0,0,39,42,47,36,41,0,0,0,40,47,37,38,43,0,47,44,39,17,16,32,43,47,0,0,38,37,33,37,16,47,41,0,46,45,46,40,40,37,46,38,41,18,38,37,42,0,0,0,0,0,0,0,47,43,46,17,41,0,0,0,
 0,0,0,0,0,0,0,0,0,0,39,47,46,42,40,0,0,0,0,0,0,0,0,0,38,43,45,44,38,35,19,39,0,0,47,38,35,46,39,47,46,0,0,40,37,0,0,0,0,0,0,0,0,0,0,0,0,0,0,0,0,0,36,40,19,44,41,0,0,0,
 0,0,0,0,0,0,0,0,0,0,36,16,36,46,46,0,0,0,40,41,37,43,43,0,37,39,47,19,47,33,46,41,0,0,40,37,33,42,37,44,37,0,43,44,41,44,45,0,0,0,0,0,0,0,0,0,0,0,0,0,0,0,37,37,36,38,39,0,0,0,
@@ -107,28 +107,28 @@ data=
 0,0,0,0,0,0,106,0,0,0,0,82,0,0,0,0,0,0,0,0,0,0,0,0,0,0,0,0,0,0,80,0,0,0,0,82,0,0,0,0,0,0,0,0,0,0,0,0,0,0,68,0,0,0,0,0,0,0,0,0,0,0,0,0,0,0,0,82,0,0,
 0,0,0,0,0,0,68,0,0,0,0,82,0,0,0,0,0,0,0,0,0,0,0,0,0,0,0,0,0,0,64,0,0,0,0,82,0,0,0,0,0,0,0,0,0,0,0,0,0,0,106,0,0,0,0,91,83,83,83,83,83,83,88,0,0,0,0,82,0,0,
 0,0,0,0,0,0,102,0,0,0,0,82,0,0,0,0,0,0,77,69,105,65,65,78,77,69,103,65,99,69,73,0,0,0,0,90,81,105,99,69,65,78,77,65,105,65,97,78,0,0,68,0,0,0,0,82,0,0,0,0,0,0,80,0,0,0,0,82,0,0,
-0,0,0,0,0,0,106,0,0,0,0,82,0,0,0,0,0,0,64,202,203,0,0,66,68,0,0,0,0,0,0,0,0,0,0,0,0,0,0,0,0,66,64,202,203,0,0,66,0,0,104,0,0,0,0,82,0,0,0,0,0,0,68,0,0,0,0,82,0,0,
-0,0,0,0,0,0,108,0,0,0,0,82,0,0,0,0,0,0,108,0,0,0,0,66,68,0,0,0,0,0,0,0,0,0,0,0,0,0,0,0,0,66,96,183,0,0,0,66,0,0,64,0,0,0,0,82,0,0,0,0,0,0,98,0,0,0,0,82,0,0,
+0,0,0,0,0,0,106,0,0,0,0,82,0,0,0,0,0,0,64,202,203,0,0,66,68,0,0,0,0,0,0,0,0,0,0,0,0,0,0,0,0,66,64,202,203,0,0,66,0,0,104,120,123,118,0,82,0,0,0,0,0,0,68,0,0,0,0,82,0,0,
+0,0,0,0,0,0,108,0,0,0,0,82,0,0,0,0,0,0,108,0,0,0,0,66,68,0,0,0,0,0,0,0,0,0,0,0,0,0,0,0,0,66,96,183,0,0,0,66,0,0,64,0,0,0,0,82,0,0,0,0,0,0,98,0,179,183,0,82,0,0,
 0,0,0,0,0,0,64,0,0,0,0,82,0,0,0,0,0,0,68,0,0,0,0,66,102,0,0,0,0,0,0,0,0,0,0,0,0,0,0,0,0,66,108,0,0,0,0,66,0,0,108,0,0,0,0,82,0,0,0,0,0,0,64,0,0,0,0,82,0,0,
-0,0,77,69,107,105,73,0,0,0,0,82,0,0,0,0,0,0,96,0,0,0,0,116,112,0,0,0,0,0,111,0,0,0,0,111,0,0,0,0,0,116,112,0,0,0,0,66,0,0,102,0,0,0,0,82,0,0,0,0,0,0,96,0,0,0,0,82,0,0,
-0,0,64,176,0,0,0,0,0,0,0,82,0,0,0,0,0,0,64,0,0,0,0,66,68,0,0,0,0,0,0,0,0,0,0,0,0,0,0,0,0,66,104,0,0,0,0,66,0,0,68,0,0,0,0,82,0,0,0,0,0,0,102,0,0,0,0,82,0,0,
-0,0,106,0,0,0,0,0,0,0,0,82,0,0,0,0,0,0,64,0,0,0,0,66,64,0,0,0,0,0,0,0,0,0,0,0,0,0,0,0,0,66,68,0,0,0,0,66,0,0,98,0,0,0,0,82,0,0,0,0,0,0,64,0,0,0,0,82,0,0,
-0,0,64,0,0,0,0,0,0,0,0,82,0,0,0,0,0,0,76,67,67,67,67,79,106,0,0,0,0,0,0,0,0,0,0,0,0,0,0,0,0,66,76,67,67,67,67,79,0,0,64,0,0,0,0,82,0,0,0,0,0,0,106,0,0,0,0,82,0,0,
-0,0,98,0,0,0,0,0,0,0,0,82,0,0,0,0,0,0,77,69,97,65,65,78,98,0,0,0,0,0,0,75,67,67,72,0,0,0,0,0,0,66,77,97,65,105,69,78,0,0,102,0,0,0,0,82,0,0,0,0,0,0,64,0,0,0,0,82,0,0,
-0,0,102,0,0,0,0,91,83,83,83,95,0,0,0,0,0,0,64,205,0,0,0,66,64,0,0,0,0,0,0,66,0,0,64,0,0,0,0,0,0,66,68,0,0,0,0,66,0,0,68,0,0,0,0,82,0,0,0,0,0,0,96,0,0,0,0,82,0,0,
-0,0,64,0,0,0,0,82,0,0,0,0,0,0,0,0,0,0,64,204,0,0,0,66,64,0,0,0,0,0,0,66,0,0,64,0,0,0,0,0,0,66,106,0,0,0,0,66,0,0,96,0,0,0,0,82,0,0,0,0,0,0,102,0,0,0,0,82,0,0,
-0,0,106,0,0,0,0,82,0,0,0,0,0,0,0,0,0,0,104,0,0,0,0,66,102,0,0,0,0,0,0,66,0,0,64,0,0,0,0,0,0,66,102,0,0,0,0,66,0,0,108,0,0,0,0,82,0,0,0,0,0,0,68,0,0,0,0,82,0,0,
-0,0,64,0,75,72,0,82,0,0,0,0,0,0,0,0,0,0,68,0,0,0,0,116,114,0,0,0,0,0,0,66,0,0,64,0,0,0,0,0,0,116,112,0,0,0,0,66,0,0,64,0,0,0,0,82,0,0,0,0,0,0,98,0,0,0,0,82,0,0,
-0,0,108,0,74,73,0,82,0,0,0,0,0,0,0,0,0,0,96,0,0,0,0,66,64,0,0,0,0,0,0,66,0,0,64,0,0,0,0,0,0,66,96,0,0,0,0,66,0,0,106,0,0,0,0,82,0,0,0,0,0,0,106,0,0,0,0,82,0,0,
-0,0,106,0,146,0,0,82,0,0,0,0,0,0,0,0,0,0,68,0,0,0,0,66,68,0,0,0,0,0,0,74,65,65,73,0,0,0,0,0,0,66,68,0,0,0,0,66,0,0,68,0,0,0,0,82,0,0,0,0,0,0,104,0,0,0,0,82,0,0,
-0,0,64,0,0,0,0,82,0,0,0,0,0,0,0,0,0,0,76,67,72,0,75,79,106,0,0,0,0,0,0,0,0,0,0,0,0,0,0,0,0,66,76,67,67,67,67,79,0,0,104,0,0,0,0,82,0,0,0,0,0,0,68,0,0,0,0,82,0,0,
-0,0,102,0,0,0,0,90,81,109,103,65,105,103,65,78,0,0,77,105,73,0,74,78,104,0,0,0,0,0,0,0,0,0,0,0,0,0,0,0,0,66,77,65,97,109,69,78,0,0,96,0,0,0,0,82,0,0,0,0,0,0,102,0,0,0,0,82,0,0,
+0,0,77,69,107,105,73,0,0,0,0,82,0,0,0,0,0,0,96,0,0,0,0,116,112,0,0,0,0,0,111,0,0,0,0,111,0,0,0,0,0,116,112,0,0,0,0,66,0,0,102,0,0,0,0,82,0,0,0,0,0,0,102,0,0,0,0,82,0,0,
+0,0,64,176,0,0,0,0,0,0,0,82,0,0,0,0,0,0,64,0,0,0,0,66,68,0,0,0,0,0,0,0,0,0,0,0,0,0,0,0,0,66,104,0,0,0,0,66,0,0,68,0,120,123,118,82,0,0,0,0,0,0,96,0,0,0,0,82,0,0,
+0,0,106,0,0,0,0,0,0,0,0,82,0,0,0,0,0,0,64,0,0,0,0,66,64,0,0,0,0,0,0,0,0,0,0,0,0,0,0,0,0,66,68,0,0,0,0,66,0,0,98,0,0,0,0,82,0,0,0,0,0,0,106,0,0,0,0,82,0,0,
+0,0,64,0,0,0,0,0,0,0,0,82,0,0,0,0,0,0,76,67,67,67,67,79,106,0,0,0,0,0,0,0,0,0,0,0,0,0,0,0,0,66,76,67,67,67,67,79,0,0,64,0,0,177,0,82,0,0,0,0,0,0,64,0,0,0,0,82,0,0,
+0,0,98,0,0,0,0,0,0,0,0,82,0,0,0,0,0,0,77,69,97,65,65,78,98,0,0,0,0,0,0,75,67,67,72,0,0,0,0,0,0,66,77,97,65,105,69,78,0,0,102,0,0,179,176,82,0,0,0,0,0,0,64,0,0,0,0,82,0,0,
+0,0,102,0,0,0,0,91,83,83,83,95,0,0,0,0,0,0,64,205,0,0,0,66,64,0,0,0,0,0,0,66,0,0,64,0,0,0,0,0,0,66,68,0,0,0,0,66,0,0,68,120,123,118,182,82,0,0,0,0,0,0,102,151,0,0,151,82,0,0,
+0,0,64,0,0,0,0,82,0,0,0,0,0,0,0,0,0,0,64,204,0,0,0,66,64,0,0,0,0,0,0,66,0,0,64,0,0,0,0,0,0,66,106,0,0,0,0,66,0,0,96,0,0,0,0,82,0,0,0,0,0,0,96,128,0,0,130,82,0,0,
+0,0,106,0,0,0,0,82,0,0,0,0,0,0,0,0,0,0,104,0,0,0,0,66,102,0,0,0,0,0,0,66,0,0,64,0,0,0,0,0,0,66,102,0,0,0,0,66,0,0,108,0,0,0,0,82,0,0,0,0,0,0,68,0,0,0,147,82,0,0,
+0,0,64,0,75,72,0,82,0,0,0,0,0,0,0,0,0,0,68,0,0,0,0,116,114,0,0,0,0,0,0,66,0,0,64,0,0,0,0,0,0,116,112,0,0,0,0,66,0,0,64,181,0,0,0,82,0,0,0,0,0,0,98,0,0,0,0,82,0,0,
+0,0,108,0,74,73,0,82,0,0,0,0,0,0,0,0,0,0,96,0,0,0,0,66,64,0,0,0,0,0,0,66,0,0,64,0,0,0,0,0,0,66,96,0,0,0,0,66,0,0,106,176,120,123,118,82,0,0,0,0,0,0,106,181,0,0,0,82,0,0,
+0,0,106,0,146,0,0,82,0,0,0,0,0,0,0,0,0,0,68,0,0,0,0,66,68,0,0,0,0,0,0,74,65,65,73,0,0,0,0,0,0,66,68,0,0,0,0,66,0,0,68,0,0,0,0,82,0,0,0,0,0,0,104,146,0,0,0,82,0,0,
+0,0,64,0,0,0,0,82,0,0,0,0,0,0,0,0,0,0,76,67,72,0,75,79,106,0,0,0,0,0,0,0,0,0,0,0,0,0,0,0,0,66,76,67,67,67,67,79,0,0,104,0,0,0,0,82,0,0,0,0,0,0,68,128,0,0,130,82,0,0,
+0,0,102,0,0,0,0,90,81,109,103,65,105,103,65,78,0,0,77,105,73,0,74,78,104,0,0,0,0,0,0,0,0,0,0,0,0,0,0,0,0,66,77,65,97,109,69,78,0,0,96,0,0,0,0,82,0,0,0,0,0,0,102,151,0,0,151,82,0,0,
 0,0,98,0,0,0,0,0,0,0,0,0,0,180,0,70,0,0,96,0,0,0,0,66,68,0,0,0,0,0,0,0,0,0,0,0,0,0,0,0,0,66,96,202,203,0,0,66,0,0,64,0,0,0,0,82,0,0,0,0,0,0,108,0,0,0,0,82,0,0,
 0,0,64,0,0,0,0,0,0,0,0,0,0,0,0,82,0,0,108,182,0,0,0,66,68,0,0,0,0,0,0,0,0,0,0,0,0,0,0,0,0,66,68,0,0,0,182,74,105,103,73,0,0,0,0,82,0,0,0,0,0,0,64,0,0,0,0,82,0,0,
 0,0,106,0,0,0,0,0,0,0,0,0,0,0,0,82,0,0,64,0,0,0,0,66,102,0,0,0,0,0,0,75,67,67,72,0,0,0,0,0,0,66,68,0,0,0,0,0,0,0,0,0,0,0,0,82,0,0,0,0,0,0,106,0,0,0,0,82,0,0,
 0,0,68,0,0,0,0,0,0,0,0,0,0,0,0,82,0,0,68,0,0,0,0,116,112,0,0,0,0,0,0,66,0,0,64,0,0,0,0,0,0,116,114,0,0,0,0,0,0,0,0,0,0,0,0,82,0,0,0,0,0,0,68,0,0,0,0,82,0,0,
-0,0,76,71,83,83,83,83,83,83,88,0,0,0,0,82,0,0,104,202,203,0,0,66,68,0,0,0,0,0,0,66,0,0,64,0,0,0,0,0,0,66,96,0,0,0,0,0,0,0,0,0,0,0,0,82,0,0,0,0,0,0,102,0,0,0,0,82,0,0,
-0,0,0,0,0,0,0,0,0,0,80,0,0,0,0,82,0,0,68,0,0,0,0,66,64,0,0,0,0,0,0,66,0,0,64,0,0,0,0,0,0,66,64,0,0,0,0,0,0,0,0,0,0,0,0,82,0,0,0,0,0,0,104,0,0,0,0,82,0,0,
+0,0,76,71,83,83,83,83,83,83,88,0,0,0,0,82,0,0,104,202,203,0,0,66,68,0,0,0,0,0,0,66,0,0,64,0,0,0,0,0,0,66,96,0,0,0,0,0,0,0,0,0,0,0,0,82,0,0,0,0,0,0,102,0,0,178,176,82,0,0,
+0,0,0,0,0,0,0,0,0,0,80,0,0,0,0,82,0,0,68,0,0,0,0,66,64,0,0,0,0,0,0,66,0,0,64,0,0,0,0,0,0,66,64,0,0,0,0,0,0,0,0,0,0,0,0,82,0,0,0,0,0,0,104,0,0,0,180,82,0,0,
 0,0,0,0,0,0,0,0,0,0,64,0,0,0,0,82,0,0,76,67,67,67,67,79,106,0,0,0,0,0,0,66,0,0,64,0,0,0,0,0,0,66,76,72,0,75,67,67,71,83,83,83,83,83,83,95,0,0,0,0,0,0,96,0,0,0,0,82,0,0,
 0,0,0,0,0,0,0,0,0,0,106,0,0,0,0,82,0,0,77,109,97,69,65,78,98,0,0,0,0,0,0,66,0,0,64,0,0,0,0,0,0,66,77,73,0,74,105,78,0,0,0,0,0,0,0,0,0,0,0,0,0,0,98,0,0,0,0,82,0,0,
 0,0,0,0,0,0,0,0,0,0,68,0,0,0,0,82,0,0,64,205,0,0,0,66,64,0,0,0,0,0,0,74,69,69,73,0,0,0,0,0,0,66,64,205,0,0,0,66,0,0,0,0,0,0,0,0,0,0,0,0,0,0,64,0,0,0,0,82,0,0,
@@ -151,14 +151,14 @@ data=
 0,0,0,0,0,0,0,0,0,0,0,0,0,0,0,0,0,0,0,0,0,0,0,0,0,0,0,0,0,0,0,0,0,0,0,0,0,0,64,0,0,0,0,0,0,0,0,0,0,0,0,0,0,0,0,0,0,0,0,82,0,0,0,0,0,0,0,0,0,0,
 0,0,0,0,0,0,0,0,0,0,0,0,0,0,0,0,0,0,0,0,0,0,0,0,0,0,0,0,0,0,0,0,0,0,0,0,0,0,102,0,0,0,0,0,0,0,0,0,0,0,0,0,0,0,0,0,0,0,0,82,0,0,0,0,0,0,0,0,0,0,
 0,0,0,0,0,0,0,0,0,0,0,0,0,0,0,0,0,0,0,0,0,0,0,0,0,0,0,0,0,0,0,0,0,0,0,0,0,0,68,0,0,0,0,0,0,0,0,120,123,123,118,0,0,0,0,0,0,0,0,82,0,0,0,0,0,0,0,0,0,0,
-0,0,0,0,0,0,0,0,0,0,0,0,0,0,0,0,0,0,0,0,0,0,0,0,0,0,0,0,0,0,0,0,0,0,0,0,0,0,98,144,0,0,0,0,0,0,0,0,181,0,0,121,0,180,167,0,0,0,0,82,0,0,0,0,0,0,0,0,0,0,
-0,0,0,0,0,0,0,0,0,0,0,0,0,0,0,0,0,0,0,0,0,0,0,0,0,0,0,0,0,0,0,0,0,0,0,0,0,0,96,0,0,0,0,0,0,0,0,0,150,0,0,122,181,0,0,0,0,0,0,82,0,0,0,0,0,0,0,0,0,0,
-0,0,0,0,0,0,0,0,0,0,0,0,0,0,0,0,0,0,0,0,0,0,0,0,0,0,0,0,0,0,0,0,0,0,0,0,0,0,96,0,0,0,0,0,0,0,0,0,0,0,0,122,0,146,0,0,0,0,0,82,0,0,0,0,0,0,0,0,0,0,
+0,0,0,0,0,0,0,0,0,0,0,0,0,0,0,0,0,0,0,0,0,0,0,0,0,0,0,0,0,0,0,0,0,0,0,0,0,0,98,144,0,0,0,137,0,0,137,0,0,0,0,121,0,180,167,0,0,0,0,82,0,0,0,0,0,0,0,0,0,0,
+0,0,0,0,0,0,0,0,0,0,0,0,0,0,0,0,0,0,0,0,0,0,0,0,0,0,0,0,0,0,0,0,0,0,0,0,0,0,96,0,0,0,0,0,0,0,0,0,181,0,0,122,181,148,0,0,0,0,0,82,0,0,0,0,0,0,0,0,0,0,
+0,0,0,0,0,0,0,0,0,0,0,0,0,0,0,0,0,0,0,0,0,0,0,0,0,0,0,0,0,0,0,0,0,0,0,0,0,0,96,0,0,0,0,0,0,0,0,0,150,0,0,122,0,146,0,0,0,0,0,82,0,0,0,0,0,0,0,0,0,0,
 0,0,0,0,0,0,0,0,0,0,0,0,0,0,0,0,0,0,0,0,0,0,0,0,0,0,0,0,0,0,0,0,0,0,0,0,0,0,104,144,0,0,0,0,0,0,0,0,0,0,0,119,0,0,151,0,0,0,0,82,0,0,0,0,0,0,0,0,0,0,
-0,0,0,0,0,0,0,0,0,0,0,0,0,0,0,0,0,0,0,0,0,0,0,0,0,0,0,0,0,0,0,0,0,0,0,0,0,0,68,0,0,0,0,0,0,0,0,0,137,137,0,0,0,0,0,0,0,0,0,82,0,0,0,0,0,0,0,0,0,0,
+0,0,0,0,0,0,0,0,0,0,0,0,0,0,0,0,0,0,0,0,0,0,0,0,0,0,0,0,0,0,0,0,0,0,0,0,0,0,68,0,0,0,0,0,0,0,0,0,0,0,136,0,0,0,0,0,0,0,0,82,0,0,0,0,0,0,0,0,0,0,
 0,0,0,0,0,0,0,0,0,0,0,0,0,0,0,0,0,0,0,0,0,0,0,0,0,0,0,0,0,0,0,0,0,0,0,0,0,0,102,0,0,0,0,0,0,0,0,0,0,0,0,0,0,0,0,0,0,0,0,82,0,0,0,0,0,0,0,0,0,0,
 0,0,0,0,0,0,0,0,0,0,0,0,0,0,0,0,0,0,0,0,0,0,0,0,0,0,0,0,0,0,0,0,0,0,0,0,0,0,68,0,0,0,0,0,0,0,0,0,0,0,0,0,0,0,0,0,0,0,0,82,0,0,0,0,0,0,0,0,0,0,
-0,0,0,0,0,0,0,0,0,0,0,0,0,0,0,0,0,0,0,0,0,0,0,0,0,0,0,0,0,0,0,0,0,0,0,0,0,0,96,0,0,0,128,0,0,0,0,0,0,0,0,0,0,0,0,0,0,0,0,82,0,0,0,0,0,0,0,0,0,0,
+0,0,0,0,0,0,0,0,0,0,0,0,0,0,0,0,0,0,0,0,0,0,0,0,0,0,0,0,0,0,0,0,0,0,0,0,0,0,96,0,0,0,128,0,0,0,0,0,0,0,136,0,0,0,0,0,0,0,0,82,0,0,0,0,0,0,0,0,0,0,
 0,0,0,0,0,0,0,0,0,0,0,0,0,0,0,0,0,0,0,0,0,0,0,0,0,0,0,0,0,0,0,0,0,0,0,0,0,0,108,0,0,0,0,0,0,0,0,0,0,0,0,0,0,0,0,0,0,0,0,82,0,0,0,0,0,0,0,0,0,0,
 0,0,0,0,0,0,0,0,0,0,0,0,0,0,0,0,0,0,0,0,0,0,0,0,0,0,0,0,0,0,0,0,0,0,0,0,0,0,68,0,0,0,0,0,0,0,0,0,0,0,0,0,0,0,0,0,0,0,0,82,0,0,0,0,0,0,0,0,0,0,
 0,0,0,0,0,0,0,0,0,0,0,0,0,0,0,0,0,0,0,0,0,0,0,0,0,0,0,0,0,0,0,0,0,0,0,0,0,0,76,71,83,83,83,83,83,83,83,83,83,83,83,83,83,83,83,83,83,83,83,95,0,0,0,0,0,0,0,0,0,0,
@@ -181,22 +181,22 @@ data=
 3,3,3,3,3,3,1,0,0,0,0,1,3,3,3,3,3,3,3,3,3,3,3,3,3,3,3,3,3,3,1,0,0,0,0,1,3,3,3,3,3,3,3,3,3,3,3,3,3,3,1,0,0,0,0,0,0,0,0,0,0,0,0,0,0,0,0,1,3,3,
 3,3,3,3,3,3,1,0,0,0,0,1,3,3,3,3,3,3,3,3,3,3,3,3,3,3,3,3,3,3,1,0,0,0,0,1,3,3,3,3,3,3,3,3,3,3,3,3,3,3,1,0,0,0,0,1,1,1,1,1,1,1,1,0,0,0,0,1,3,3,
 3,3,3,3,3,3,1,0,0,0,0,1,3,3,3,3,3,3,1,1,1,1,1,1,1,1,1,1,1,1,1,0,0,0,0,1,1,1,1,1,1,1,1,1,1,1,1,1,3,3,1,0,0,0,0,1,3,3,3,3,3,3,1,0,0,0,0,1,3,3,
-3,3,3,3,3,3,1,0,0,0,0,1,3,3,3,3,3,3,1,4,4,0,0,1,1,0,0,0,0,0,0,0,0,0,0,0,0,0,0,0,0,1,1,4,4,0,0,1,3,3,1,0,0,0,0,1,3,3,3,3,3,3,1,0,0,0,0,1,3,3,
+3,3,3,3,3,3,1,0,0,0,0,1,3,3,3,3,3,3,1,4,4,0,0,1,1,0,0,0,0,0,0,0,0,0,0,0,0,0,0,0,0,1,1,4,4,0,0,1,3,3,1,4,4,4,0,1,3,3,3,3,3,3,1,0,0,0,0,1,3,3,
 3,3,3,3,3,3,1,0,0,0,0,1,3,3,3,3,3,3,1,0,0,0,0,1,1,0,0,0,0,0,0,0,0,0,0,0,0,0,0,0,0,1,1,0,0,0,0,1,3,3,1,0,0,0,0,1,3,3,3,3,3,3,1,0,0,0,0,1,3,3,
 3,3,3,3,3,3,1,0,0,0,0,1,3,3,3,3,3,3,1,0,0,0,0,1,1,0,0,0,0,0,0,0,0,0,0,0,0,0,0,0,0,1,1,0,0,0,0,1,3,3,1,0,0,0,0,1,3,3,3,3,3,3,1,0,0,0,0,1,3,3,
 3,3,1,1,1,1,1,0,0,0,0,1,3,3,3,3,3,3,1,0,0,0,0,0,0,0,0,0,0,0,1,0,0,0,0,1,0,0,0,0,0,0,0,0,0,0,0,1,3,3,1,0,0,0,0,1,3,3,3,3,3,3,1,0,0,0,0,1,3,3,
-3,3,1,0,0,0,0,0,0,0,0,1,3,3,3,3,3,3,1,0,0,0,0,1,1,0,0,0,0,0,0,2,2,2,2,0,0,0,0,0,0,1,1,0,0,0,0,1,3,3,1,0,0,0,0,1,3,3,3,3,3,3,1,0,0,0,0,1,3,3,
+3,3,1,0,0,0,0,0,0,0,0,1,3,3,3,3,3,3,1,0,0,0,0,1,1,0,0,0,0,0,0,2,2,2,2,0,0,0,0,0,0,1,1,0,0,0,0,1,3,3,1,0,4,4,4,1,3,3,3,3,3,3,1,0,0,0,0,1,3,3,
 3,3,1,0,0,0,0,0,0,0,0,1,3,3,3,3,3,3,1,0,0,0,0,1,1,0,0,0,0,0,0,2,4,4,2,0,0,0,0,0,0,1,1,0,0,0,0,1,3,3,1,0,0,0,0,1,3,3,3,3,3,3,1,0,0,0,0,1,3,3,
 3,3,1,0,0,0,0,0,0,0,0,1,3,3,3,3,3,3,1,1,1,1,1,1,1,0,0,0,0,0,0,2,2,2,2,0,0,0,0,0,0,1,1,1,1,1,1,1,3,3,1,0,0,0,0,1,3,3,3,3,3,3,1,0,0,0,0,1,3,3,
 3,3,1,0,0,0,0,0,0,0,0,1,3,3,3,3,3,3,1,1,1,1,1,1,1,0,0,0,0,0,0,1,1,1,1,0,0,0,0,0,0,1,1,1,1,1,1,1,3,3,1,0,0,0,0,1,3,3,3,3,3,3,1,0,0,0,0,1,3,3,
-3,3,1,0,0,0,0,1,1,1,1,1,3,3,3,3,3,3,1,4,0,0,0,1,1,0,0,0,0,0,0,1,3,3,1,0,0,0,0,0,0,1,1,0,0,0,0,1,3,3,1,0,0,0,0,1,3,3,3,3,3,3,1,0,0,0,0,1,3,3,
-3,3,1,0,0,0,0,1,3,3,3,3,3,3,3,3,3,3,1,4,0,0,0,1,1,0,0,0,0,0,0,1,3,3,1,0,0,0,0,0,0,1,1,0,0,0,0,1,3,3,1,0,0,0,0,1,3,3,3,3,3,3,1,0,0,0,0,1,3,3,
-3,3,1,0,0,0,0,1,3,3,3,3,3,3,3,3,3,3,1,0,0,0,0,1,1,0,0,0,0,0,0,1,3,3,1,0,0,0,0,0,0,1,1,0,0,0,0,1,3,3,1,0,0,0,0,1,3,3,3,3,3,3,1,0,0,0,0,1,3,3,
+3,3,1,0,0,0,0,1,1,1,1,1,3,3,3,3,3,3,1,4,0,0,0,1,1,0,0,0,0,0,0,1,3,3,1,0,0,0,0,0,0,1,1,0,0,0,0,1,3,3,1,4,4,4,0,1,3,3,3,3,3,3,1,4,0,0,4,1,3,3,
+3,3,1,0,0,0,0,1,3,3,3,3,3,3,3,3,3,3,1,4,0,0,0,1,1,0,0,0,0,0,0,1,3,3,1,0,0,0,0,0,0,1,1,0,0,0,0,1,3,3,1,0,0,0,0,1,3,3,3,3,3,3,1,3,0,0,3,1,3,3,
+3,3,1,0,0,0,0,1,3,3,3,3,3,3,3,3,3,3,1,0,0,0,0,1,1,0,0,0,0,0,0,1,3,3,1,0,0,0,0,0,0,1,1,0,0,0,0,1,3,3,1,0,0,0,0,1,3,3,3,3,3,3,1,0,0,0,4,1,3,3,
 3,3,1,0,1,1,0,1,3,3,3,3,3,3,3,3,3,3,1,0,0,0,0,1,1,0,0,0,0,0,0,1,3,3,1,0,0,0,0,0,0,0,0,0,0,0,0,1,3,3,1,0,0,0,0,1,3,3,3,3,3,3,1,0,0,0,0,1,3,3,
-3,3,1,0,1,1,0,1,3,3,3,3,3,3,3,3,3,3,1,0,0,0,0,1,1,0,0,0,0,0,0,1,3,3,1,0,0,0,0,0,0,1,1,0,0,0,0,1,3,3,1,0,0,0,0,1,3,3,3,3,3,3,1,0,0,0,0,1,3,3,
-3,3,1,0,4,0,0,1,3,3,3,3,3,3,3,3,3,3,1,0,0,0,0,1,1,0,0,0,0,0,0,1,1,1,1,0,0,0,0,0,0,1,1,0,0,0,0,1,3,3,1,0,0,0,0,1,3,3,3,3,3,3,1,0,0,0,0,1,3,3,
-3,3,1,0,0,0,0,1,3,3,3,3,3,3,3,3,3,3,1,1,1,0,1,1,1,0,0,0,0,0,0,0,0,0,0,0,0,0,0,0,0,1,1,1,1,1,1,1,3,3,1,0,0,0,0,1,3,3,3,3,3,3,1,0,0,0,0,1,3,3,
-3,3,1,0,0,0,0,1,1,1,1,1,1,1,1,1,3,3,1,1,1,0,1,1,1,0,0,0,0,0,0,0,0,0,0,0,0,0,0,0,0,1,1,1,1,1,1,1,3,3,1,0,0,0,0,1,3,3,3,3,3,3,1,0,0,0,0,1,3,3,
+3,3,1,0,1,1,0,1,3,3,3,3,3,3,3,3,3,3,1,0,0,0,0,1,1,0,0,0,0,0,0,1,3,3,1,0,0,0,0,0,0,1,1,0,0,0,0,1,3,3,1,0,4,4,4,1,3,3,3,3,3,3,1,0,0,0,0,1,3,3,
+3,3,1,0,4,0,0,1,3,3,3,3,3,3,3,3,3,3,1,0,0,0,0,1,1,0,0,0,0,0,0,1,1,1,1,0,0,0,0,0,0,1,1,0,0,0,0,1,3,3,1,0,0,0,0,1,3,3,3,3,3,3,1,4,0,0,0,1,3,3,
+3,3,1,0,0,0,0,1,3,3,3,3,3,3,3,3,3,3,1,1,1,0,1,1,1,0,0,0,0,0,0,0,0,0,0,0,0,0,0,0,0,1,1,1,1,1,1,1,3,3,1,0,0,0,0,1,3,3,3,3,3,3,1,3,0,0,3,1,3,3,
+3,3,1,0,0,0,0,1,1,1,1,1,1,1,1,1,3,3,1,1,1,0,1,1,1,0,0,0,0,0,0,0,0,0,0,0,0,0,0,0,0,1,1,1,1,1,1,1,3,3,1,0,0,0,0,1,3,3,3,3,3,3,1,4,0,0,4,1,3,3,
 3,3,1,0,0,0,0,0,0,0,0,0,0,0,0,1,3,3,1,0,0,0,0,1,1,0,0,0,0,0,0,0,0,0,0,0,0,0,0,0,0,1,1,4,4,0,0,1,3,3,1,0,0,0,0,1,3,3,3,3,3,3,1,0,0,0,0,1,3,3,
 3,3,1,0,0,0,0,0,0,0,0,0,0,0,0,1,3,3,1,0,0,0,0,1,1,0,0,0,0,0,0,0,0,0,0,0,0,0,0,0,0,1,1,0,0,0,0,1,1,1,1,0,0,0,0,1,3,3,3,3,3,3,1,0,0,0,0,1,3,3,
 3,3,1,0,0,0,0,0,0,0,0,0,0,0,0,1,3,3,1,0,0,0,0,1,1,0,0,0,0,0,0,1,1,1,1,0,0,0,0,0,0,1,1,0,0,0,0,0,0,0,0,0,0,0,0,1,3,3,3,3,3,3,1,0,0,0,0,1,3,3,
@@ -225,14 +225,14 @@ data=
 3,3,3,3,3,3,3,3,3,3,3,3,3,3,3,3,3,3,3,3,3,3,3,3,3,3,3,3,3,3,3,3,3,3,3,3,3,3,1,0,0,0,0,2,4,4,2,0,0,0,0,2,4,4,2,0,0,0,0,1,3,3,3,3,3,3,3,3,3,3,
 3,3,3,3,3,3,3,3,3,3,3,3,3,3,3,3,3,3,3,3,3,3,3,3,3,3,3,3,3,3,3,3,3,3,3,3,3,3,1,0,0,0,0,2,4,4,2,0,0,0,0,2,4,4,2,0,0,0,0,1,3,3,3,3,3,3,3,3,3,3,
 3,3,3,3,3,3,3,3,3,3,3,3,3,3,3,3,3,3,3,3,3,3,3,3,3,3,3,3,3,3,3,3,3,3,3,3,3,3,1,0,0,0,0,2,2,2,2,4,4,4,4,2,2,2,2,0,0,0,0,1,3,3,3,3,3,3,3,3,3,3,
-3,3,3,3,3,3,3,3,3,3,3,3,3,3,3,3,3,3,3,3,3,3,3,3,3,3,3,3,3,3,3,3,3,3,3,3,3,3,1,4,0,0,0,0,0,0,0,0,0,0,0,4,0,0,4,0,0,0,0,1,3,3,3,3,3,3,3,3,3,3,
-3,3,3,3,3,3,3,3,3,3,3,3,3,3,3,3,3,3,3,3,3,3,3,3,3,3,3,3,3,3,3,3,3,3,3,3,3,3,1,0,0,0,0,0,0,0,0,0,4,0,0,4,0,0,0,0,0,0,0,1,3,3,3,3,3,3,3,3,3,3,
+3,3,3,3,3,3,3,3,3,3,3,3,3,3,3,3,3,3,3,3,3,3,3,3,3,3,3,3,3,3,3,3,3,3,3,3,3,3,1,4,0,0,0,4,0,0,4,0,0,0,0,4,0,0,4,0,0,0,0,1,3,3,3,3,3,3,3,3,3,3,
 3,3,3,3,3,3,3,3,3,3,3,3,3,3,3,3,3,3,3,3,3,3,3,3,3,3,3,3,3,3,3,3,3,3,3,3,3,3,1,0,0,0,0,0,0,0,0,0,0,0,0,4,0,4,0,0,0,0,0,1,3,3,3,3,3,3,3,3,3,3,
+3,3,3,3,3,3,3,3,3,3,3,3,3,3,3,3,3,3,3,3,3,3,3,3,3,3,3,3,3,3,3,3,3,3,3,3,3,3,1,0,0,0,0,0,0,0,0,0,4,0,0,4,0,4,0,0,0,0,0,1,3,3,3,3,3,3,3,3,3,3,
 3,3,3,3,3,3,3,3,3,3,3,3,3,3,3,3,3,3,3,3,3,3,3,3,3,3,3,3,3,3,3,3,3,3,3,3,3,3,1,4,0,0,0,0,0,0,0,0,0,0,0,4,0,0,4,0,0,0,0,1,3,3,3,3,3,3,3,3,3,3,
-3,3,3,3,3,3,3,3,3,3,3,3,3,3,3,3,3,3,3,3,3,3,3,3,3,3,3,3,3,3,3,3,3,3,3,3,3,3,1,0,0,0,0,2,2,2,2,0,4,4,0,2,2,2,2,0,0,0,0,1,3,3,3,3,3,3,3,3,3,3,
+3,3,3,3,3,3,3,3,3,3,3,3,3,3,3,3,3,3,3,3,3,3,3,3,3,3,3,3,3,3,3,3,3,3,3,3,3,3,1,0,0,0,0,2,2,2,2,0,0,0,4,2,2,2,2,0,0,0,0,1,3,3,3,3,3,3,3,3,3,3,
 3,3,3,3,3,3,3,3,3,3,3,3,3,3,3,3,3,3,3,3,3,3,3,3,3,3,3,3,3,3,3,3,3,3,3,3,3,3,1,0,0,0,0,2,4,4,2,0,0,0,0,2,4,4,2,0,0,0,0,1,3,3,3,3,3,3,3,3,3,3,
 3,3,3,3,3,3,3,3,3,3,3,3,3,3,3,3,3,3,3,3,3,3,3,3,3,3,3,3,3,3,3,3,3,3,3,3,3,3,1,0,0,0,0,2,4,4,2,0,0,0,0,2,4,4,2,0,0,0,0,1,3,3,3,3,3,3,3,3,3,3,
-3,3,3,3,3,3,3,3,3,3,3,3,3,3,3,3,3,3,3,3,3,3,3,3,3,3,3,3,3,3,3,3,3,3,3,3,3,3,1,0,0,0,3,2,2,2,2,0,0,0,0,2,2,2,2,0,0,0,0,1,3,3,3,3,3,3,3,3,3,3,
+3,3,3,3,3,3,3,3,3,3,3,3,3,3,3,3,3,3,3,3,3,3,3,3,3,3,3,3,3,3,3,3,3,3,3,3,3,3,1,0,0,0,3,2,2,2,2,0,0,0,4,2,2,2,2,0,0,0,0,1,3,3,3,3,3,3,3,3,3,3,
 3,3,3,3,3,3,3,3,3,3,3,3,3,3,3,3,3,3,3,3,3,3,3,3,3,3,3,3,3,3,3,3,3,3,3,3,3,3,1,0,0,0,0,0,0,0,0,0,0,0,0,0,0,0,0,0,0,0,0,1,3,3,3,3,3,3,3,3,3,3,
 3,3,3,3,3,3,3,3,3,3,3,3,3,3,3,3,3,3,3,3,3,3,3,3,3,3,3,3,3,3,3,3,3,3,3,3,3,3,1,0,0,0,0,0,0,0,0,0,0,0,0,0,0,0,0,0,0,0,0,1,3,3,3,3,3,3,3,3,3,3,
 3,3,3,3,3,3,3,3,3,3,3,3,3,3,3,3,3,3,3,3,3,3,3,3,3,3,3,3,3,3,3,3,3,3,3,3,3,3,1,1,1,1,1,1,1,1,1,1,1,1,1,1,1,1,1,1,1,1,1,1,3,3,3,3,3,3,3,3,3,3,
@@ -277,9 +277,9 @@ requires_status=emp_waypoint_3
 [event]
 # open loop door
 type=on_trigger
-location=48,58,1,1
+location=48,59,1,1
 hotspot=location
-mapmod=collision,45,50,0;collision,46,50,0;collision,45,44,0;collision,46,44,0;object,45,50,0;object,46,50,0;object,45,44,0;object,46,44,0;object,48,58,166;background,45,45,51;background,45,46,51;background,45,47,51;background,45,48,51;background,45,49,51;background,46,45,51;background,46,46,51;background,46,47,51;background,46,48,51;background,46,49,51;collision,45,45,0;collision,45,46,0;collision,45,47,0;collision,45,48,0;collision,45,49,0;collision,46,45,0;collision,46,46,0;collision,46,47,0;collision,46,48,0;collision,46,49,0
+mapmod=collision,45,50,0;collision,46,50,0;collision,45,44,0;collision,46,44,0;object,45,50,0;object,46,50,0;object,45,44,0;object,46,44,0;object,48,59,166;background,45,45,51;background,45,46,51;background,45,47,51;background,45,48,51;background,45,49,51;background,46,45,51;background,46,46,51;background,46,47,51;background,46,48,51;background,46,49,51;collision,45,45,0;collision,45,46,0;collision,45,47,0;collision,45,48,0;collision,45,49,0;collision,46,45,0;collision,46,46,0;collision,46,47,0;collision,46,48,0;collision,46,49,0
 repeat=false
 soundfx=soundfx/door_open.ogg
 tooltip=Switch
@@ -436,11 +436,146 @@ intermap=maps/st_maria_3.txt,7,47
 soundfx=soundfx/environment/stairs.ogg,0,0
 tooltip=St. Maria: Crypt
 
+[event]
+# floor spikes
+type=on_trigger
+location=55,8,1,1
+cooldown=3s
+hotspot=location
+power=178
+power_damage=70,80
+
+[event]
+# floor spikes
+type=on_trigger
+location=56,8,1,1
+cooldown=3s
+hotspot=location
+power=178
+power_damage=70,80
+
+[event]
+# floor spikes
+type=on_trigger
+location=56,9,1,1
+cooldown=3s
+hotspot=location
+power=178
+power_damage=70,80
+
+[event]
+# floor spikes
+type=on_trigger
+location=55,9,1,1
+cooldown=3s
+hotspot=location
+power=178
+power_damage=70,80
+
+[event]
+# floor spikes
+type=on_trigger
+location=58,8,1,1
+cooldown=3s
+hotspot=location
+power=178
+power_damage=70,80
+
+[event]
+# floor spikes
+type=on_trigger
+location=59,8,1,1
+cooldown=3s
+hotspot=location
+power=178
+power_damage=70,80
+
+[event]
+# floor spikes
+type=on_trigger
+location=58,9,1,1
+cooldown=3s
+hotspot=location
+power=178
+power_damage=70,80
+
+[event]
+# floor spikes
+type=on_trigger
+location=59,9,1,1
+cooldown=3s
+hotspot=location
+power=178
+power_damage=70,80
+
+[event]
+# floor spikes
+type=on_trigger
+location=61,8,1,1
+cooldown=3s
+hotspot=location
+power=178
+power_damage=70,80
+
+[event]
+# floor spikes
+type=on_trigger
+location=62,8,1,1
+cooldown=3s
+hotspot=location
+power=178
+power_damage=70,80
+
+[event]
+# floor spikes
+type=on_trigger
+location=61,9,1,1
+cooldown=3s
+hotspot=location
+power=178
+power_damage=70,80
+
+[event]
+# floor spikes
+type=on_trigger
+location=62,9,1,1
+cooldown=3s
+hotspot=location
+power=178
+power_damage=70,80
+
+[event]
+type=undead
+location=44,51,4,2
+level=3
+number=2
+wander_radius=2
+
+[event]
+type=on_trigger
+location=63,26,1,1
+hotspot=location
+loot=loot/level_3.txt
+mapmod=object,63,26,162
+repeat=false
+soundfx=soundfx/wood_open.ogg
+tooltip=Barrel
+
+[event]
+type=on_trigger
+location=66,23,1,1
+hotspot=location
+loot=loot/level_3.txt
+mapmod=object,66,23,163
+repeat=false
+soundfx=soundfx/wood_open.ogg
+tooltip=Crate
+
 [enemy]
 type=undead
 location=31,27,4,4
 level=3
-number=2
+number=1,2
 wander_radius=2
 
 [enemy]
@@ -475,7 +610,7 @@ wander_radius=2
 type=undead
 location=19,37,2,6
 level=3
-number=2
+number=1,2
 wander_radius=1,2
 
 [enemy]
@@ -489,7 +624,7 @@ wander_radius=2
 type=undead
 location=31,49,4,4
 level=3
-number=2
+number=1,2
 wander_radius=2
 
 [enemy]
@@ -501,23 +636,9 @@ wander_radius=2
 
 [enemy]
 type=undead
-location=51,7,4,8
+location=63,17,4,16
 level=3
-number=2,3
-wander_radius=2
-
-[enemy]
-type=undead
-location=63,7,4,8
-level=3
-number=2,3
-wander_radius=2
-
-[enemy]
-type=undead
-location=63,23,4,8
-level=3
-number=2,3
+number=3
 wander_radius=2
 
 [enemy]
@@ -529,13 +650,6 @@ wander_radius=2
 
 [enemy]
 type=undead
-location=51,49,4,4
-level=3
-number=2
-wander_radius=2
-
-[enemy]
-type=undead
 location=55,57,4,4
 level=3
 number=2
@@ -603,6 +717,13 @@ location=46,59,1,1
 number=1
 wander_radius=1
 
+[enemy]
+type=undead
+location=51,9,4,17
+level=3
+number=2,3
+wander_radius=2
+
 [npc]
 type=npcs/yora.txt
 location=20,23,1,1
diff --git a/tiled/empyrean_campaign/st_maria_2.tmx b/tiled/empyrean_campaign/st_maria_2.tmx
index 3bfc990476db04995dc29c789aee14e1a59baa3c..07888589538340d79c5a88219b0a87b58fe4b694 100644
--- a/tiled/empyrean_campaign/st_maria_2.tmx
+++ b/tiled/empyrean_campaign/st_maria_2.tmx
@@ -1,5 +1,5 @@
 <?xml version="1.0" encoding="UTF-8"?>
-<map version="1.0" orientation="isometric" renderorder="right-down" width="70" height="70" tilewidth="64" tileheight="32" backgroundcolor="#000000" nextobjectid="54">
+<map version="1.0" orientation="isometric" renderorder="right-down" width="70" height="70" tilewidth="64" tileheight="32" backgroundcolor="#000000" nextobjectid="93">
  <properties>
   <property name="music" value="music/dungeon_theme.ogg"/>
   <property name="tileset" value="tilesetdefs/tileset_dungeon.txt"/>
@@ -40,32 +40,32 @@
 0,0,0,0,0,0,46,43,39,36,40,45,43,39,43,38,37,0,0,0,0,51,51,0,0,0,38,47,41,46,35,38,45,46,42,33,18,37,42,0,0,0,0,0,0,0,0,0,0,0,0,0,0,0,0,0,0,0,0,0,0,0,0,0,0,0,0,0,0,0,
 0,0,0,0,0,0,46,44,19,39,36,42,46,40,43,38,40,287,0,0,0,51,51,0,0,0,37,44,44,16,32,39,33,34,36,34,38,39,36,0,0,0,0,0,0,0,0,0,0,0,38,47,38,37,38,45,43,36,41,36,44,42,43,43,47,39,45,0,0,0,
 0,0,0,0,0,0,18,38,37,38,37,0,0,0,47,47,51,51,51,51,51,51,51,0,0,0,36,36,36,37,32,32,34,34,32,34,38,46,45,0,0,0,0,0,0,0,0,0,0,0,38,33,34,32,33,34,32,32,32,33,32,35,32,32,34,33,32,0,0,0,
-0,0,0,0,0,0,37,19,38,46,46,0,0,0,38,51,51,51,51,51,51,51,51,0,0,0,43,47,43,42,46,36,33,34,36,45,45,41,36,0,0,0,0,0,0,0,0,0,0,0,38,34,42,18,33,17,36,33,37,39,35,39,36,33,37,45,35,0,0,0,
-0,0,0,0,0,0,46,45,39,36,41,0,0,0,0,0,0,0,0,0,0,0,0,0,0,0,0,0,0,0,46,42,35,35,44,0,0,0,0,0,0,0,0,0,0,0,0,0,0,0,44,32,43,17,32,45,39,34,47,44,34,19,47,34,39,17,35,0,0,0,
+0,0,0,0,0,0,37,19,38,46,46,0,0,0,38,51,51,51,51,51,51,51,51,0,0,0,43,47,43,42,46,36,33,34,36,45,45,41,36,0,0,0,0,0,0,0,0,0,0,0,38,34,42,18,33,51,51,33,51,51,35,51,51,33,37,45,35,0,0,0,
+0,0,0,0,0,0,46,45,39,36,41,0,0,0,0,0,0,0,0,0,0,0,0,0,0,0,0,0,0,0,46,42,35,35,44,0,0,0,0,0,0,0,0,0,0,0,0,0,0,0,44,32,43,17,32,51,51,34,51,51,34,51,51,34,39,17,35,0,0,0,
 0,0,0,0,0,0,40,42,40,18,36,0,0,0,0,0,0,0,0,0,0,0,0,0,0,0,0,0,0,0,38,47,32,33,41,0,0,0,0,0,0,0,0,0,0,0,0,0,0,0,36,33,33,32,32,32,32,33,32,34,32,34,33,33,35,33,35,0,0,0,
 0,0,0,0,0,0,36,47,43,47,45,0,0,0,0,0,0,0,0,0,0,0,0,0,0,0,0,0,0,0,44,39,34,32,43,0,0,0,0,0,0,0,0,0,0,0,0,0,0,0,44,42,44,37,43,0,0,0,0,0,0,0,38,38,42,41,44,0,0,0,
 0,0,0,0,0,0,39,46,39,43,39,0,0,0,0,0,0,0,37,44,42,43,43,0,38,38,38,39,38,45,45,47,33,33,39,18,43,38,43,45,36,0,40,47,42,46,41,0,0,0,39,37,39,43,46,0,0,0,0,0,0,0,42,44,46,36,40,0,0,0,
 0,0,0,0,0,0,43,39,42,45,43,0,0,0,0,0,0,0,44,44,40,44,38,0,39,39,37,36,37,19,18,19,36,39,16,19,17,45,47,45,40,0,44,18,38,36,41,0,0,0,45,43,39,16,39,0,0,0,0,0,0,0,47,45,17,38,38,0,0,0,
 0,0,0,0,0,0,46,39,17,43,42,0,0,0,0,0,0,0,18,46,39,36,44,0,43,44,46,38,37,16,37,18,47,38,30,42,19,44,36,46,44,0,47,36,42,47,39,0,0,0,44,43,44,46,45,0,0,0,0,0,0,0,39,43,16,39,39,0,0,0,
 0,0,0,0,0,0,43,38,46,45,45,0,0,0,0,0,0,0,17,40,39,37,37,0,42,47,37,19,16,32,32,32,32,32,32,32,32,16,39,41,38,0,45,36,37,39,40,0,0,0,42,44,39,39,42,0,0,0,0,0,0,0,44,38,45,39,36,0,0,0,
-0,0,41,38,45,40,42,18,38,39,47,0,0,0,0,0,0,0,17,41,43,36,36,40,45,42,38,37,18,33,30,23,23,23,23,31,33,18,46,45,16,47,41,44,18,39,47,0,0,0,18,37,47,37,45,0,0,0,0,0,0,0,45,51,51,51,51,0,0,0,
-0,0,43,51,51,51,51,38,45,42,36,0,0,0,0,0,0,0,36,36,46,46,45,0,37,36,43,16,36,32,22,48,50,50,50,20,33,45,16,38,42,0,45,36,47,43,45,0,0,0,43,45,46,46,43,0,0,0,0,0,0,0,39,38,36,37,40,0,0,0,
-0,0,16,51,39,41,18,38,41,43,37,0,0,0,0,0,0,0,39,44,36,44,40,0,38,45,39,17,44,33,22,49,0,0,0,20,34,41,36,43,47,0,39,39,42,47,42,0,0,0,17,18,36,41,47,0,0,0,0,0,0,0,39,37,45,39,44,0,0,0,
-0,0,38,51,36,44,17,36,38,46,36,0,0,0,0,0,0,0,0,0,0,0,0,0,36,41,44,47,45,32,22,49,0,0,0,20,32,47,46,38,36,0,0,0,0,0,0,0,0,0,40,36,42,47,36,0,0,0,0,0,0,0,45,38,38,47,39,0,0,0,
-0,0,47,51,19,36,45,44,40,46,41,0,0,0,0,0,0,0,45,46,43,44,46,0,43,37,42,45,16,35,29,21,21,21,21,28,34,17,43,44,40,0,42,45,47,42,45,0,0,0,44,45,47,43,36,0,0,0,0,0,0,0,47,44,42,39,42,0,0,0,
-0,0,39,40,45,42,37,0,0,0,0,0,0,0,0,0,0,0,40,39,40,37,42,0,46,19,47,46,39,34,43,45,0,0,41,46,34,37,43,38,45,0,47,0,0,45,42,0,0,0,39,36,37,38,47,0,0,0,0,0,0,0,39,36,45,38,44,0,0,0,
-0,0,44,44,36,18,47,0,0,0,0,0,0,0,0,0,0,0,43,42,43,37,43,0,39,46,46,45,42,34,38,18,0,0,40,42,34,44,38,39,43,0,39,264,0,39,46,0,0,0,47,16,46,43,45,0,0,0,0,0,0,0,46,44,36,43,38,0,0,0,
-0,0,44,47,44,36,42,0,0,0,0,0,0,0,0,0,0,0,41,45,40,44,39,0,38,47,38,37,38,34,19,41,0,0,18,43,33,17,39,45,43,0,44,40,43,41,44,0,0,0,36,47,40,38,42,0,0,0,0,0,0,0,42,46,39,44,42,0,0,0,
-0,0,38,38,36,44,43,0,0,0,0,0,0,0,0,0,0,0,45,36,39,37,39,39,39,36,45,19,37,33,39,37,0,0,17,19,35,43,38,42,41,39,36,37,45,42,42,0,0,0,36,37,37,46,40,0,0,0,0,0,0,0,45,41,43,36,41,0,0,0,
-0,0,40,38,47,44,43,0,0,0,0,0,0,0,0,0,0,0,36,41,38,43,43,0,46,40,43,44,16,33,40,19,0,0,42,16,32,40,47,41,41,0,37,47,43,42,40,0,0,0,39,45,46,38,37,0,0,0,0,0,0,0,44,39,45,39,39,0,0,0,
-0,0,43,43,39,39,45,0,0,0,0,0,0,0,0,0,0,0,44,43,45,39,38,0,44,47,44,43,42,34,46,17,17,46,18,44,34,36,37,44,44,0,40,45,43,44,36,0,0,0,42,47,16,44,42,0,0,0,0,0,0,0,44,41,43,38,44,0,0,0,
-0,0,46,45,45,46,38,0,0,0,0,0,0,0,0,0,0,0,0,0,44,42,0,0,44,40,46,45,46,35,44,43,45,44,17,45,32,39,45,41,42,0,0,0,0,0,0,0,0,0,44,39,36,46,47,0,0,0,0,0,0,0,38,40,44,46,43,0,0,0,
-0,0,37,38,46,36,47,44,45,46,37,47,38,46,41,0,0,0,40,42,41,47,36,0,39,43,39,37,43,34,47,45,36,37,17,38,34,39,17,46,41,0,47,46,46,44,39,0,0,0,41,39,47,43,46,0,0,0,0,0,0,0,41,42,43,37,43,0,0,0,
-0,0,47,51,18,17,36,16,39,37,43,42,43,38,46,0,0,0,46,39,44,44,46,0,37,39,45,36,39,34,38,37,38,46,45,43,35,36,46,44,42,0,45,40,42,38,44,0,0,0,43,42,37,46,46,0,0,0,0,0,0,0,47,45,16,46,43,0,0,0,
-0,0,18,51,36,43,41,45,47,19,45,18,44,36,44,0,0,0,38,37,36,42,43,0,36,39,17,39,37,32,39,36,17,46,45,19,33,36,17,43,42,0,36,37,42,37,37,18,39,45,44,18,19,43,47,0,0,0,0,0,0,0,37,18,37,37,41,0,0,0,
-0,0,43,51,39,44,37,46,37,42,44,37,47,39,36,0,0,0,45,37,39,45,42,0,44,47,38,18,43,33,39,44,40,41,44,45,35,16,38,47,38,0,38,37,45,44,47,36,37,43,45,36,45,44,40,0,0,0,0,0,0,0,18,43,18,36,43,0,0,0,
-0,0,46,51,51,51,51,47,42,46,37,44,45,45,37,0,0,0,36,45,41,45,41,38,45,45,42,36,18,35,41,45,0,0,44,38,34,16,18,41,41,42,42,41,36,37,40,43,47,16,38,41,17,37,42,0,0,0,0,0,0,0,38,39,45,46,46,0,0,0,
-0,0,0,0,0,0,0,0,0,0,37,44,46,40,47,0,0,0,41,36,46,37,44,0,37,36,36,36,47,35,17,17,0,0,46,41,33,19,43,45,40,0,41,47,47,39,39,40,39,39,16,43,47,44,37,0,0,0,0,0,0,0,38,51,51,51,51,0,0,0,
+0,0,41,38,45,40,42,18,38,39,47,0,0,0,0,0,0,0,17,41,43,36,36,40,45,42,38,37,18,33,30,23,23,23,23,31,33,18,46,45,16,47,41,44,18,39,47,0,0,0,18,37,47,37,45,0,0,0,0,0,0,0,45,45,41,44,43,0,0,0,
+0,0,43,51,51,43,44,38,45,42,36,0,0,0,0,0,0,0,36,36,46,46,45,0,37,36,43,16,36,32,22,48,50,50,50,20,33,45,16,38,42,0,45,36,47,43,45,0,0,0,43,45,46,46,43,0,0,0,0,0,0,0,39,42,36,37,37,0,0,0,
+0,0,16,51,39,41,18,38,41,43,37,0,0,0,0,0,0,0,39,44,36,44,40,0,38,45,39,17,44,33,22,49,0,0,0,20,34,41,36,43,47,0,39,39,42,47,42,0,0,0,17,18,36,41,47,0,0,0,0,0,0,0,39,16,45,39,40,0,0,0,
+0,0,38,41,36,44,17,36,38,46,36,0,0,0,0,0,0,0,0,0,0,0,0,0,36,41,44,47,45,32,22,49,0,0,0,20,32,47,46,38,36,0,0,0,0,0,0,0,0,0,40,36,42,47,36,0,0,0,0,0,0,0,45,44,38,47,43,0,0,0,
+0,0,47,46,19,36,45,44,40,46,41,0,0,0,0,0,0,0,45,46,43,44,46,0,43,37,42,45,16,35,29,21,21,21,21,28,34,17,43,44,40,0,42,45,47,42,45,0,0,0,44,45,47,43,36,0,0,0,0,0,0,0,47,41,42,39,47,0,0,0,
+0,0,39,40,45,42,37,0,0,0,0,0,0,0,0,0,0,0,40,39,40,37,42,0,46,19,47,46,39,34,43,45,0,0,41,46,34,37,43,38,45,0,47,0,0,45,42,0,0,0,39,36,37,38,47,0,0,0,0,0,0,0,39,35,45,38,34,0,0,0,
+0,0,44,44,36,18,47,0,0,0,0,0,0,0,0,0,0,0,43,42,43,37,43,0,39,46,46,45,42,34,38,18,0,0,40,42,34,44,38,39,43,0,39,264,0,39,46,0,0,0,47,16,46,43,45,0,0,0,0,0,0,0,46,34,43,43,34,0,0,0,
+0,0,44,47,44,36,42,0,0,0,0,0,0,0,0,0,0,0,41,45,40,44,39,0,38,47,38,37,38,34,19,41,0,0,18,43,33,17,39,45,43,0,44,40,43,41,44,0,0,0,36,47,40,38,42,0,0,0,0,0,0,0,42,32,39,44,35,0,0,0,
+0,0,38,38,36,44,43,0,0,0,0,0,0,0,0,0,0,0,45,36,39,37,39,39,39,36,45,19,37,33,39,37,0,0,17,19,35,43,38,42,41,39,36,37,45,42,42,0,0,0,36,37,37,46,40,0,0,0,0,0,0,0,45,35,43,36,35,0,0,0,
+0,0,40,38,47,44,43,0,0,0,0,0,0,0,0,0,0,0,36,41,38,43,43,0,46,40,43,44,16,33,40,19,0,0,42,16,32,40,47,41,41,0,37,47,43,42,40,0,0,0,39,45,46,38,37,0,0,0,0,0,0,0,44,33,45,39,33,0,0,0,
+0,0,43,43,39,39,45,0,0,0,0,0,0,0,0,0,0,0,44,43,45,39,38,0,44,47,44,43,42,34,46,17,17,46,18,44,34,36,37,44,44,0,40,45,43,44,36,0,0,0,42,47,16,44,42,0,0,0,0,0,0,0,44,33,43,45,32,0,0,0,
+0,0,46,45,45,46,38,0,0,0,0,0,0,0,0,0,0,0,0,0,44,42,0,0,44,40,46,45,46,35,44,43,45,44,17,45,32,39,45,41,42,0,0,0,0,0,0,0,0,0,44,39,36,46,47,0,0,0,0,0,0,0,38,32,44,46,33,0,0,0,
+0,0,37,38,46,36,47,44,45,46,37,47,38,46,41,0,0,0,40,42,41,47,36,0,39,43,39,37,43,34,47,45,36,37,17,38,34,39,17,46,41,0,47,46,46,44,39,0,0,0,41,39,47,43,46,0,0,0,0,0,0,0,41,32,43,37,33,0,0,0,
+0,0,47,44,18,17,36,16,39,37,43,42,43,38,46,0,0,0,46,39,44,44,46,0,37,39,45,36,39,34,38,37,38,46,45,43,35,36,46,44,42,0,45,40,42,38,44,0,0,0,43,42,37,46,46,0,0,0,0,0,0,0,47,39,16,46,16,0,0,0,
+0,0,18,47,36,43,41,45,47,19,45,18,44,36,44,0,0,0,38,37,36,42,43,0,36,39,17,39,37,32,39,36,17,46,45,19,33,36,17,43,42,0,36,37,42,37,37,18,39,45,44,18,19,43,47,0,0,0,0,0,0,0,37,38,43,38,41,0,0,0,
+0,0,43,51,39,44,37,46,37,42,44,37,47,39,36,0,0,0,45,37,39,45,42,0,44,47,38,18,43,33,39,44,40,41,44,45,35,16,38,47,38,0,38,37,45,44,47,36,37,43,45,36,45,44,40,0,0,0,0,0,0,0,18,19,18,36,44,0,0,0,
+0,0,46,51,51,16,36,47,42,46,37,44,45,45,37,0,0,0,36,45,41,45,41,38,45,45,42,36,18,35,41,45,0,0,44,38,34,16,18,41,41,42,42,41,36,37,40,43,47,16,38,41,17,37,42,0,0,0,0,0,0,0,38,39,45,46,46,0,0,0,
+0,0,0,0,0,0,0,0,0,0,37,44,46,40,47,0,0,0,41,36,46,37,44,0,37,36,36,36,47,35,17,17,0,0,46,41,33,19,43,45,40,0,41,47,47,39,39,40,39,39,16,43,47,44,37,0,0,0,0,0,0,0,38,19,42,45,39,0,0,0,
 0,0,0,0,0,0,0,0,0,0,39,42,47,36,41,0,0,0,40,47,37,38,43,0,47,44,39,17,16,32,43,47,0,0,38,37,33,37,16,47,41,0,46,45,46,40,40,37,46,38,41,18,38,37,42,0,0,0,0,0,0,0,47,43,46,17,41,0,0,0,
 0,0,0,0,0,0,0,0,0,0,39,47,46,42,40,0,0,0,0,0,0,0,0,0,38,43,45,44,38,35,19,39,0,0,47,38,35,46,39,47,46,0,0,40,37,0,0,0,0,0,0,0,0,0,0,0,0,0,0,0,0,0,36,40,19,44,41,0,0,0,
 0,0,0,0,0,0,0,0,0,0,36,16,36,46,46,0,0,0,40,41,37,43,43,0,37,39,47,19,47,33,46,41,0,0,40,37,33,42,37,44,37,0,43,44,41,44,45,0,0,0,0,0,0,0,0,0,0,0,0,0,0,0,37,37,36,38,39,0,0,0,
@@ -119,28 +119,28 @@
 0,0,0,0,0,0,106,0,0,0,0,82,0,0,0,0,0,0,0,0,0,0,0,0,0,0,0,0,0,0,80,0,0,0,0,82,0,0,0,0,0,0,0,0,0,0,0,0,0,0,68,0,0,0,0,0,0,0,0,0,0,0,0,0,0,0,0,82,0,0,
 0,0,0,0,0,0,68,0,0,0,0,82,0,0,0,0,0,0,0,0,0,0,0,0,0,0,0,0,0,0,64,0,0,0,0,82,0,0,0,0,0,0,0,0,0,0,0,0,0,0,106,0,0,0,0,91,83,83,83,83,83,83,88,0,0,0,0,82,0,0,
 0,0,0,0,0,0,102,0,0,0,0,82,0,0,0,0,0,0,77,69,105,65,65,78,77,69,103,65,99,69,73,0,0,0,0,90,81,105,99,69,65,78,77,65,105,65,97,78,0,0,68,0,0,0,0,82,0,0,0,0,0,0,80,0,0,0,0,82,0,0,
-0,0,0,0,0,0,106,0,0,0,0,82,0,0,0,0,0,0,64,202,203,0,0,66,68,0,0,0,0,0,0,0,0,0,0,0,0,0,0,0,0,66,64,202,203,0,0,66,0,0,104,0,0,0,0,82,0,0,0,0,0,0,68,0,0,0,0,82,0,0,
-0,0,0,0,0,0,108,0,0,0,0,82,0,0,0,0,0,0,108,0,0,0,0,66,68,0,0,0,0,0,0,0,0,0,0,0,0,0,0,0,0,66,96,183,0,0,0,66,0,0,64,0,0,0,0,82,0,0,0,0,0,0,98,0,0,0,0,82,0,0,
+0,0,0,0,0,0,106,0,0,0,0,82,0,0,0,0,0,0,64,202,203,0,0,66,68,0,0,0,0,0,0,0,0,0,0,0,0,0,0,0,0,66,64,202,203,0,0,66,0,0,104,120,123,118,0,82,0,0,0,0,0,0,68,0,0,0,0,82,0,0,
+0,0,0,0,0,0,108,0,0,0,0,82,0,0,0,0,0,0,108,0,0,0,0,66,68,0,0,0,0,0,0,0,0,0,0,0,0,0,0,0,0,66,96,183,0,0,0,66,0,0,64,0,0,0,0,82,0,0,0,0,0,0,98,0,179,183,0,82,0,0,
 0,0,0,0,0,0,64,0,0,0,0,82,0,0,0,0,0,0,68,0,0,0,0,66,102,0,0,0,0,0,0,0,0,0,0,0,0,0,0,0,0,66,108,0,0,0,0,66,0,0,108,0,0,0,0,82,0,0,0,0,0,0,64,0,0,0,0,82,0,0,
-0,0,77,69,107,105,73,0,0,0,0,82,0,0,0,0,0,0,96,0,0,0,0,116,112,0,0,0,0,0,111,0,0,0,0,111,0,0,0,0,0,116,112,0,0,0,0,66,0,0,102,0,0,0,0,82,0,0,0,0,0,0,96,0,0,0,0,82,0,0,
-0,0,64,176,0,0,0,0,0,0,0,82,0,0,0,0,0,0,64,0,0,0,0,66,68,0,0,0,0,0,0,0,0,0,0,0,0,0,0,0,0,66,104,0,0,0,0,66,0,0,68,0,0,0,0,82,0,0,0,0,0,0,102,0,0,0,0,82,0,0,
-0,0,106,0,0,0,0,0,0,0,0,82,0,0,0,0,0,0,64,0,0,0,0,66,64,0,0,0,0,0,0,0,0,0,0,0,0,0,0,0,0,66,68,0,0,0,0,66,0,0,98,0,0,0,0,82,0,0,0,0,0,0,64,0,0,0,0,82,0,0,
-0,0,64,0,0,0,0,0,0,0,0,82,0,0,0,0,0,0,76,67,67,67,67,79,106,0,0,0,0,0,0,0,0,0,0,0,0,0,0,0,0,66,76,67,67,67,67,79,0,0,64,0,0,0,0,82,0,0,0,0,0,0,106,0,0,0,0,82,0,0,
-0,0,98,0,0,0,0,0,0,0,0,82,0,0,0,0,0,0,77,69,97,65,65,78,98,0,0,0,0,0,0,75,67,67,72,0,0,0,0,0,0,66,77,97,65,105,69,78,0,0,102,0,0,0,0,82,0,0,0,0,0,0,64,0,0,0,0,82,0,0,
-0,0,102,0,0,0,0,91,83,83,83,95,0,0,0,0,0,0,64,205,0,0,0,66,64,0,0,0,0,0,0,66,0,0,64,0,0,0,0,0,0,66,68,0,0,0,0,66,0,0,68,0,0,0,0,82,0,0,0,0,0,0,96,0,0,0,0,82,0,0,
-0,0,64,0,0,0,0,82,0,0,0,0,0,0,0,0,0,0,64,204,0,0,0,66,64,0,0,0,0,0,0,66,0,0,64,0,0,0,0,0,0,66,106,0,0,0,0,66,0,0,96,0,0,0,0,82,0,0,0,0,0,0,102,0,0,0,0,82,0,0,
-0,0,106,0,0,0,0,82,0,0,0,0,0,0,0,0,0,0,104,0,0,0,0,66,102,0,0,0,0,0,0,66,0,0,64,0,0,0,0,0,0,66,102,0,0,0,0,66,0,0,108,0,0,0,0,82,0,0,0,0,0,0,68,0,0,0,0,82,0,0,
-0,0,64,0,75,72,0,82,0,0,0,0,0,0,0,0,0,0,68,0,0,0,0,116,114,0,0,0,0,0,0,66,0,0,64,0,0,0,0,0,0,116,112,0,0,0,0,66,0,0,64,0,0,0,0,82,0,0,0,0,0,0,98,0,0,0,0,82,0,0,
-0,0,108,0,74,73,0,82,0,0,0,0,0,0,0,0,0,0,96,0,0,0,0,66,64,0,0,0,0,0,0,66,0,0,64,0,0,0,0,0,0,66,96,0,0,0,0,66,0,0,106,0,0,0,0,82,0,0,0,0,0,0,106,0,0,0,0,82,0,0,
-0,0,106,0,146,0,0,82,0,0,0,0,0,0,0,0,0,0,68,0,0,0,0,66,68,0,0,0,0,0,0,74,65,65,73,0,0,0,0,0,0,66,68,0,0,0,0,66,0,0,68,0,0,0,0,82,0,0,0,0,0,0,104,0,0,0,0,82,0,0,
-0,0,64,0,0,0,0,82,0,0,0,0,0,0,0,0,0,0,76,67,72,0,75,79,106,0,0,0,0,0,0,0,0,0,0,0,0,0,0,0,0,66,76,67,67,67,67,79,0,0,104,0,0,0,0,82,0,0,0,0,0,0,68,0,0,0,0,82,0,0,
-0,0,102,0,0,0,0,90,81,109,103,65,105,103,65,78,0,0,77,105,73,0,74,78,104,0,0,0,0,0,0,0,0,0,0,0,0,0,0,0,0,66,77,65,97,109,69,78,0,0,96,0,0,0,0,82,0,0,0,0,0,0,102,0,0,0,0,82,0,0,
+0,0,77,69,107,105,73,0,0,0,0,82,0,0,0,0,0,0,96,0,0,0,0,116,112,0,0,0,0,0,111,0,0,0,0,111,0,0,0,0,0,116,112,0,0,0,0,66,0,0,102,0,0,0,0,82,0,0,0,0,0,0,102,0,0,0,0,82,0,0,
+0,0,64,176,0,0,0,0,0,0,0,82,0,0,0,0,0,0,64,0,0,0,0,66,68,0,0,0,0,0,0,0,0,0,0,0,0,0,0,0,0,66,104,0,0,0,0,66,0,0,68,0,120,123,118,82,0,0,0,0,0,0,96,0,0,0,0,82,0,0,
+0,0,106,0,0,0,0,0,0,0,0,82,0,0,0,0,0,0,64,0,0,0,0,66,64,0,0,0,0,0,0,0,0,0,0,0,0,0,0,0,0,66,68,0,0,0,0,66,0,0,98,0,0,0,0,82,0,0,0,0,0,0,106,0,0,0,0,82,0,0,
+0,0,64,0,0,0,0,0,0,0,0,82,0,0,0,0,0,0,76,67,67,67,67,79,106,0,0,0,0,0,0,0,0,0,0,0,0,0,0,0,0,66,76,67,67,67,67,79,0,0,64,0,0,177,0,82,0,0,0,0,0,0,64,0,0,0,0,82,0,0,
+0,0,98,0,0,0,0,0,0,0,0,82,0,0,0,0,0,0,77,69,97,65,65,78,98,0,0,0,0,0,0,75,67,67,72,0,0,0,0,0,0,66,77,97,65,105,69,78,0,0,102,0,0,179,176,82,0,0,0,0,0,0,64,0,0,0,0,82,0,0,
+0,0,102,0,0,0,0,91,83,83,83,95,0,0,0,0,0,0,64,205,0,0,0,66,64,0,0,0,0,0,0,66,0,0,64,0,0,0,0,0,0,66,68,0,0,0,0,66,0,0,68,120,123,118,182,82,0,0,0,0,0,0,102,151,0,0,151,82,0,0,
+0,0,64,0,0,0,0,82,0,0,0,0,0,0,0,0,0,0,64,204,0,0,0,66,64,0,0,0,0,0,0,66,0,0,64,0,0,0,0,0,0,66,106,0,0,0,0,66,0,0,96,0,0,0,0,82,0,0,0,0,0,0,96,128,0,0,130,82,0,0,
+0,0,106,0,0,0,0,82,0,0,0,0,0,0,0,0,0,0,104,0,0,0,0,66,102,0,0,0,0,0,0,66,0,0,64,0,0,0,0,0,0,66,102,0,0,0,0,66,0,0,108,0,0,0,0,82,0,0,0,0,0,0,68,0,0,0,147,82,0,0,
+0,0,64,0,75,72,0,82,0,0,0,0,0,0,0,0,0,0,68,0,0,0,0,116,114,0,0,0,0,0,0,66,0,0,64,0,0,0,0,0,0,116,112,0,0,0,0,66,0,0,64,181,0,0,0,82,0,0,0,0,0,0,98,0,0,0,0,82,0,0,
+0,0,108,0,74,73,0,82,0,0,0,0,0,0,0,0,0,0,96,0,0,0,0,66,64,0,0,0,0,0,0,66,0,0,64,0,0,0,0,0,0,66,96,0,0,0,0,66,0,0,106,176,120,123,118,82,0,0,0,0,0,0,106,181,0,0,0,82,0,0,
+0,0,106,0,146,0,0,82,0,0,0,0,0,0,0,0,0,0,68,0,0,0,0,66,68,0,0,0,0,0,0,74,65,65,73,0,0,0,0,0,0,66,68,0,0,0,0,66,0,0,68,0,0,0,0,82,0,0,0,0,0,0,104,146,0,0,0,82,0,0,
+0,0,64,0,0,0,0,82,0,0,0,0,0,0,0,0,0,0,76,67,72,0,75,79,106,0,0,0,0,0,0,0,0,0,0,0,0,0,0,0,0,66,76,67,67,67,67,79,0,0,104,0,0,0,0,82,0,0,0,0,0,0,68,128,0,0,130,82,0,0,
+0,0,102,0,0,0,0,90,81,109,103,65,105,103,65,78,0,0,77,105,73,0,74,78,104,0,0,0,0,0,0,0,0,0,0,0,0,0,0,0,0,66,77,65,97,109,69,78,0,0,96,0,0,0,0,82,0,0,0,0,0,0,102,151,0,0,151,82,0,0,
 0,0,98,0,0,0,0,0,0,0,0,0,0,180,0,70,0,0,96,0,0,0,0,66,68,0,0,0,0,0,0,0,0,0,0,0,0,0,0,0,0,66,96,202,203,0,0,66,0,0,64,0,0,0,0,82,0,0,0,0,0,0,108,0,0,0,0,82,0,0,
 0,0,64,0,0,0,0,0,0,0,0,0,0,0,0,82,0,0,108,182,0,0,0,66,68,0,0,0,0,0,0,0,0,0,0,0,0,0,0,0,0,66,68,0,0,0,182,74,105,103,73,0,0,0,0,82,0,0,0,0,0,0,64,0,0,0,0,82,0,0,
 0,0,106,0,0,0,0,0,0,0,0,0,0,0,0,82,0,0,64,0,0,0,0,66,102,0,0,0,0,0,0,75,67,67,72,0,0,0,0,0,0,66,68,0,0,0,0,0,0,0,0,0,0,0,0,82,0,0,0,0,0,0,106,0,0,0,0,82,0,0,
 0,0,68,0,0,0,0,0,0,0,0,0,0,0,0,82,0,0,68,0,0,0,0,116,112,0,0,0,0,0,0,66,0,0,64,0,0,0,0,0,0,116,114,0,0,0,0,0,0,0,0,0,0,0,0,82,0,0,0,0,0,0,68,0,0,0,0,82,0,0,
-0,0,76,71,83,83,83,83,83,83,88,0,0,0,0,82,0,0,104,202,203,0,0,66,68,0,0,0,0,0,0,66,0,0,64,0,0,0,0,0,0,66,96,0,0,0,0,0,0,0,0,0,0,0,0,82,0,0,0,0,0,0,102,0,0,0,0,82,0,0,
-0,0,0,0,0,0,0,0,0,0,80,0,0,0,0,82,0,0,68,0,0,0,0,66,64,0,0,0,0,0,0,66,0,0,64,0,0,0,0,0,0,66,64,0,0,0,0,0,0,0,0,0,0,0,0,82,0,0,0,0,0,0,104,0,0,0,0,82,0,0,
+0,0,76,71,83,83,83,83,83,83,88,0,0,0,0,82,0,0,104,202,203,0,0,66,68,0,0,0,0,0,0,66,0,0,64,0,0,0,0,0,0,66,96,0,0,0,0,0,0,0,0,0,0,0,0,82,0,0,0,0,0,0,102,0,0,178,176,82,0,0,
+0,0,0,0,0,0,0,0,0,0,80,0,0,0,0,82,0,0,68,0,0,0,0,66,64,0,0,0,0,0,0,66,0,0,64,0,0,0,0,0,0,66,64,0,0,0,0,0,0,0,0,0,0,0,0,82,0,0,0,0,0,0,104,0,0,0,180,82,0,0,
 0,0,0,0,0,0,0,0,0,0,64,0,0,0,0,82,0,0,76,67,67,67,67,79,106,0,0,0,0,0,0,66,0,0,64,0,0,0,0,0,0,66,76,72,0,75,67,67,71,83,83,83,83,83,83,95,0,0,0,0,0,0,96,0,0,0,0,82,0,0,
 0,0,0,0,0,0,0,0,0,0,106,0,0,0,0,82,0,0,77,109,97,69,65,78,98,0,0,0,0,0,0,66,0,0,64,0,0,0,0,0,0,66,77,73,0,74,105,78,0,0,0,0,0,0,0,0,0,0,0,0,0,0,98,0,0,0,0,82,0,0,
 0,0,0,0,0,0,0,0,0,0,68,0,0,0,0,82,0,0,64,205,0,0,0,66,64,0,0,0,0,0,0,74,69,69,73,0,0,0,0,0,0,66,64,205,0,0,0,66,0,0,0,0,0,0,0,0,0,0,0,0,0,0,64,0,0,0,0,82,0,0,
@@ -163,14 +163,14 @@
 0,0,0,0,0,0,0,0,0,0,0,0,0,0,0,0,0,0,0,0,0,0,0,0,0,0,0,0,0,0,0,0,0,0,0,0,0,0,64,0,0,0,0,0,0,0,0,0,0,0,0,0,0,0,0,0,0,0,0,82,0,0,0,0,0,0,0,0,0,0,
 0,0,0,0,0,0,0,0,0,0,0,0,0,0,0,0,0,0,0,0,0,0,0,0,0,0,0,0,0,0,0,0,0,0,0,0,0,0,102,0,0,0,0,0,0,0,0,0,0,0,0,0,0,0,0,0,0,0,0,82,0,0,0,0,0,0,0,0,0,0,
 0,0,0,0,0,0,0,0,0,0,0,0,0,0,0,0,0,0,0,0,0,0,0,0,0,0,0,0,0,0,0,0,0,0,0,0,0,0,68,0,0,0,0,0,0,0,0,120,123,123,118,0,0,0,0,0,0,0,0,82,0,0,0,0,0,0,0,0,0,0,
-0,0,0,0,0,0,0,0,0,0,0,0,0,0,0,0,0,0,0,0,0,0,0,0,0,0,0,0,0,0,0,0,0,0,0,0,0,0,98,144,0,0,0,0,0,0,0,0,181,0,0,121,0,180,167,0,0,0,0,82,0,0,0,0,0,0,0,0,0,0,
-0,0,0,0,0,0,0,0,0,0,0,0,0,0,0,0,0,0,0,0,0,0,0,0,0,0,0,0,0,0,0,0,0,0,0,0,0,0,96,0,0,0,0,0,0,0,0,0,150,0,0,122,181,0,0,0,0,0,0,82,0,0,0,0,0,0,0,0,0,0,
-0,0,0,0,0,0,0,0,0,0,0,0,0,0,0,0,0,0,0,0,0,0,0,0,0,0,0,0,0,0,0,0,0,0,0,0,0,0,96,0,0,0,0,0,0,0,0,0,0,0,0,122,0,146,0,0,0,0,0,82,0,0,0,0,0,0,0,0,0,0,
+0,0,0,0,0,0,0,0,0,0,0,0,0,0,0,0,0,0,0,0,0,0,0,0,0,0,0,0,0,0,0,0,0,0,0,0,0,0,98,144,0,0,0,137,0,0,137,0,0,0,0,121,0,180,167,0,0,0,0,82,0,0,0,0,0,0,0,0,0,0,
+0,0,0,0,0,0,0,0,0,0,0,0,0,0,0,0,0,0,0,0,0,0,0,0,0,0,0,0,0,0,0,0,0,0,0,0,0,0,96,0,0,0,0,0,0,0,0,0,181,0,0,122,181,148,0,0,0,0,0,82,0,0,0,0,0,0,0,0,0,0,
+0,0,0,0,0,0,0,0,0,0,0,0,0,0,0,0,0,0,0,0,0,0,0,0,0,0,0,0,0,0,0,0,0,0,0,0,0,0,96,0,0,0,0,0,0,0,0,0,150,0,0,122,0,146,0,0,0,0,0,82,0,0,0,0,0,0,0,0,0,0,
 0,0,0,0,0,0,0,0,0,0,0,0,0,0,0,0,0,0,0,0,0,0,0,0,0,0,0,0,0,0,0,0,0,0,0,0,0,0,104,144,0,0,0,0,0,0,0,0,0,0,0,119,0,0,151,0,0,0,0,82,0,0,0,0,0,0,0,0,0,0,
-0,0,0,0,0,0,0,0,0,0,0,0,0,0,0,0,0,0,0,0,0,0,0,0,0,0,0,0,0,0,0,0,0,0,0,0,0,0,68,0,0,0,0,0,0,0,0,0,137,137,0,0,0,0,0,0,0,0,0,82,0,0,0,0,0,0,0,0,0,0,
+0,0,0,0,0,0,0,0,0,0,0,0,0,0,0,0,0,0,0,0,0,0,0,0,0,0,0,0,0,0,0,0,0,0,0,0,0,0,68,0,0,0,0,0,0,0,0,0,0,0,136,0,0,0,0,0,0,0,0,82,0,0,0,0,0,0,0,0,0,0,
 0,0,0,0,0,0,0,0,0,0,0,0,0,0,0,0,0,0,0,0,0,0,0,0,0,0,0,0,0,0,0,0,0,0,0,0,0,0,102,0,0,0,0,0,0,0,0,0,0,0,0,0,0,0,0,0,0,0,0,82,0,0,0,0,0,0,0,0,0,0,
 0,0,0,0,0,0,0,0,0,0,0,0,0,0,0,0,0,0,0,0,0,0,0,0,0,0,0,0,0,0,0,0,0,0,0,0,0,0,68,0,0,0,0,0,0,0,0,0,0,0,0,0,0,0,0,0,0,0,0,82,0,0,0,0,0,0,0,0,0,0,
-0,0,0,0,0,0,0,0,0,0,0,0,0,0,0,0,0,0,0,0,0,0,0,0,0,0,0,0,0,0,0,0,0,0,0,0,0,0,96,0,0,0,128,0,0,0,0,0,0,0,0,0,0,0,0,0,0,0,0,82,0,0,0,0,0,0,0,0,0,0,
+0,0,0,0,0,0,0,0,0,0,0,0,0,0,0,0,0,0,0,0,0,0,0,0,0,0,0,0,0,0,0,0,0,0,0,0,0,0,96,0,0,0,128,0,0,0,0,0,0,0,136,0,0,0,0,0,0,0,0,82,0,0,0,0,0,0,0,0,0,0,
 0,0,0,0,0,0,0,0,0,0,0,0,0,0,0,0,0,0,0,0,0,0,0,0,0,0,0,0,0,0,0,0,0,0,0,0,0,0,108,0,0,0,0,0,0,0,0,0,0,0,0,0,0,0,0,0,0,0,0,82,0,0,0,0,0,0,0,0,0,0,
 0,0,0,0,0,0,0,0,0,0,0,0,0,0,0,0,0,0,0,0,0,0,0,0,0,0,0,0,0,0,0,0,0,0,0,0,0,0,68,0,0,0,0,0,0,0,0,0,0,0,0,0,0,0,0,0,0,0,0,82,0,0,0,0,0,0,0,0,0,0,
 0,0,0,0,0,0,0,0,0,0,0,0,0,0,0,0,0,0,0,0,0,0,0,0,0,0,0,0,0,0,0,0,0,0,0,0,0,0,76,71,83,83,83,83,83,83,83,83,83,83,83,83,83,83,83,83,83,83,83,95,0,0,0,0,0,0,0,0,0,0,
@@ -193,22 +193,22 @@
 3,3,3,3,3,3,1,0,0,0,0,1,3,3,3,3,3,3,3,3,3,3,3,3,3,3,3,3,3,3,1,0,0,0,0,1,3,3,3,3,3,3,3,3,3,3,3,3,3,3,1,0,0,0,0,0,0,0,0,0,0,0,0,0,0,0,0,1,3,3,
 3,3,3,3,3,3,1,0,0,0,0,1,3,3,3,3,3,3,3,3,3,3,3,3,3,3,3,3,3,3,1,0,0,0,0,1,3,3,3,3,3,3,3,3,3,3,3,3,3,3,1,0,0,0,0,1,1,1,1,1,1,1,1,0,0,0,0,1,3,3,
 3,3,3,3,3,3,1,0,0,0,0,1,3,3,3,3,3,3,1,1,1,1,1,1,1,1,1,1,1,1,1,0,0,0,0,1,1,1,1,1,1,1,1,1,1,1,1,1,3,3,1,0,0,0,0,1,3,3,3,3,3,3,1,0,0,0,0,1,3,3,
-3,3,3,3,3,3,1,0,0,0,0,1,3,3,3,3,3,3,1,4,4,0,0,1,1,0,0,0,0,0,0,0,0,0,0,0,0,0,0,0,0,1,1,4,4,0,0,1,3,3,1,0,0,0,0,1,3,3,3,3,3,3,1,0,0,0,0,1,3,3,
+3,3,3,3,3,3,1,0,0,0,0,1,3,3,3,3,3,3,1,4,4,0,0,1,1,0,0,0,0,0,0,0,0,0,0,0,0,0,0,0,0,1,1,4,4,0,0,1,3,3,1,4,4,4,0,1,3,3,3,3,3,3,1,0,0,0,0,1,3,3,
 3,3,3,3,3,3,1,0,0,0,0,1,3,3,3,3,3,3,1,0,0,0,0,1,1,0,0,0,0,0,0,0,0,0,0,0,0,0,0,0,0,1,1,0,0,0,0,1,3,3,1,0,0,0,0,1,3,3,3,3,3,3,1,0,0,0,0,1,3,3,
 3,3,3,3,3,3,1,0,0,0,0,1,3,3,3,3,3,3,1,0,0,0,0,1,1,0,0,0,0,0,0,0,0,0,0,0,0,0,0,0,0,1,1,0,0,0,0,1,3,3,1,0,0,0,0,1,3,3,3,3,3,3,1,0,0,0,0,1,3,3,
 3,3,1,1,1,1,1,0,0,0,0,1,3,3,3,3,3,3,1,0,0,0,0,0,0,0,0,0,0,0,1,0,0,0,0,1,0,0,0,0,0,0,0,0,0,0,0,1,3,3,1,0,0,0,0,1,3,3,3,3,3,3,1,0,0,0,0,1,3,3,
-3,3,1,0,0,0,0,0,0,0,0,1,3,3,3,3,3,3,1,0,0,0,0,1,1,0,0,0,0,0,0,2,2,2,2,0,0,0,0,0,0,1,1,0,0,0,0,1,3,3,1,0,0,0,0,1,3,3,3,3,3,3,1,0,0,0,0,1,3,3,
+3,3,1,0,0,0,0,0,0,0,0,1,3,3,3,3,3,3,1,0,0,0,0,1,1,0,0,0,0,0,0,2,2,2,2,0,0,0,0,0,0,1,1,0,0,0,0,1,3,3,1,0,4,4,4,1,3,3,3,3,3,3,1,0,0,0,0,1,3,3,
 3,3,1,0,0,0,0,0,0,0,0,1,3,3,3,3,3,3,1,0,0,0,0,1,1,0,0,0,0,0,0,2,4,4,2,0,0,0,0,0,0,1,1,0,0,0,0,1,3,3,1,0,0,0,0,1,3,3,3,3,3,3,1,0,0,0,0,1,3,3,
 3,3,1,0,0,0,0,0,0,0,0,1,3,3,3,3,3,3,1,1,1,1,1,1,1,0,0,0,0,0,0,2,2,2,2,0,0,0,0,0,0,1,1,1,1,1,1,1,3,3,1,0,0,0,0,1,3,3,3,3,3,3,1,0,0,0,0,1,3,3,
 3,3,1,0,0,0,0,0,0,0,0,1,3,3,3,3,3,3,1,1,1,1,1,1,1,0,0,0,0,0,0,1,1,1,1,0,0,0,0,0,0,1,1,1,1,1,1,1,3,3,1,0,0,0,0,1,3,3,3,3,3,3,1,0,0,0,0,1,3,3,
-3,3,1,0,0,0,0,1,1,1,1,1,3,3,3,3,3,3,1,4,0,0,0,1,1,0,0,0,0,0,0,1,3,3,1,0,0,0,0,0,0,1,1,0,0,0,0,1,3,3,1,0,0,0,0,1,3,3,3,3,3,3,1,0,0,0,0,1,3,3,
-3,3,1,0,0,0,0,1,3,3,3,3,3,3,3,3,3,3,1,4,0,0,0,1,1,0,0,0,0,0,0,1,3,3,1,0,0,0,0,0,0,1,1,0,0,0,0,1,3,3,1,0,0,0,0,1,3,3,3,3,3,3,1,0,0,0,0,1,3,3,
-3,3,1,0,0,0,0,1,3,3,3,3,3,3,3,3,3,3,1,0,0,0,0,1,1,0,0,0,0,0,0,1,3,3,1,0,0,0,0,0,0,1,1,0,0,0,0,1,3,3,1,0,0,0,0,1,3,3,3,3,3,3,1,0,0,0,0,1,3,3,
+3,3,1,0,0,0,0,1,1,1,1,1,3,3,3,3,3,3,1,4,0,0,0,1,1,0,0,0,0,0,0,1,3,3,1,0,0,0,0,0,0,1,1,0,0,0,0,1,3,3,1,4,4,4,0,1,3,3,3,3,3,3,1,4,0,0,4,1,3,3,
+3,3,1,0,0,0,0,1,3,3,3,3,3,3,3,3,3,3,1,4,0,0,0,1,1,0,0,0,0,0,0,1,3,3,1,0,0,0,0,0,0,1,1,0,0,0,0,1,3,3,1,0,0,0,0,1,3,3,3,3,3,3,1,3,0,0,3,1,3,3,
+3,3,1,0,0,0,0,1,3,3,3,3,3,3,3,3,3,3,1,0,0,0,0,1,1,0,0,0,0,0,0,1,3,3,1,0,0,0,0,0,0,1,1,0,0,0,0,1,3,3,1,0,0,0,0,1,3,3,3,3,3,3,1,0,0,0,4,1,3,3,
 3,3,1,0,1,1,0,1,3,3,3,3,3,3,3,3,3,3,1,0,0,0,0,1,1,0,0,0,0,0,0,1,3,3,1,0,0,0,0,0,0,0,0,0,0,0,0,1,3,3,1,0,0,0,0,1,3,3,3,3,3,3,1,0,0,0,0,1,3,3,
-3,3,1,0,1,1,0,1,3,3,3,3,3,3,3,3,3,3,1,0,0,0,0,1,1,0,0,0,0,0,0,1,3,3,1,0,0,0,0,0,0,1,1,0,0,0,0,1,3,3,1,0,0,0,0,1,3,3,3,3,3,3,1,0,0,0,0,1,3,3,
-3,3,1,0,4,0,0,1,3,3,3,3,3,3,3,3,3,3,1,0,0,0,0,1,1,0,0,0,0,0,0,1,1,1,1,0,0,0,0,0,0,1,1,0,0,0,0,1,3,3,1,0,0,0,0,1,3,3,3,3,3,3,1,0,0,0,0,1,3,3,
-3,3,1,0,0,0,0,1,3,3,3,3,3,3,3,3,3,3,1,1,1,0,1,1,1,0,0,0,0,0,0,0,0,0,0,0,0,0,0,0,0,1,1,1,1,1,1,1,3,3,1,0,0,0,0,1,3,3,3,3,3,3,1,0,0,0,0,1,3,3,
-3,3,1,0,0,0,0,1,1,1,1,1,1,1,1,1,3,3,1,1,1,0,1,1,1,0,0,0,0,0,0,0,0,0,0,0,0,0,0,0,0,1,1,1,1,1,1,1,3,3,1,0,0,0,0,1,3,3,3,3,3,3,1,0,0,0,0,1,3,3,
+3,3,1,0,1,1,0,1,3,3,3,3,3,3,3,3,3,3,1,0,0,0,0,1,1,0,0,0,0,0,0,1,3,3,1,0,0,0,0,0,0,1,1,0,0,0,0,1,3,3,1,0,4,4,4,1,3,3,3,3,3,3,1,0,0,0,0,1,3,3,
+3,3,1,0,4,0,0,1,3,3,3,3,3,3,3,3,3,3,1,0,0,0,0,1,1,0,0,0,0,0,0,1,1,1,1,0,0,0,0,0,0,1,1,0,0,0,0,1,3,3,1,0,0,0,0,1,3,3,3,3,3,3,1,4,0,0,0,1,3,3,
+3,3,1,0,0,0,0,1,3,3,3,3,3,3,3,3,3,3,1,1,1,0,1,1,1,0,0,0,0,0,0,0,0,0,0,0,0,0,0,0,0,1,1,1,1,1,1,1,3,3,1,0,0,0,0,1,3,3,3,3,3,3,1,3,0,0,3,1,3,3,
+3,3,1,0,0,0,0,1,1,1,1,1,1,1,1,1,3,3,1,1,1,0,1,1,1,0,0,0,0,0,0,0,0,0,0,0,0,0,0,0,0,1,1,1,1,1,1,1,3,3,1,0,0,0,0,1,3,3,3,3,3,3,1,4,0,0,4,1,3,3,
 3,3,1,0,0,0,0,0,0,0,0,0,0,0,0,1,3,3,1,0,0,0,0,1,1,0,0,0,0,0,0,0,0,0,0,0,0,0,0,0,0,1,1,4,4,0,0,1,3,3,1,0,0,0,0,1,3,3,3,3,3,3,1,0,0,0,0,1,3,3,
 3,3,1,0,0,0,0,0,0,0,0,0,0,0,0,1,3,3,1,0,0,0,0,1,1,0,0,0,0,0,0,0,0,0,0,0,0,0,0,0,0,1,1,0,0,0,0,1,1,1,1,0,0,0,0,1,3,3,3,3,3,3,1,0,0,0,0,1,3,3,
 3,3,1,0,0,0,0,0,0,0,0,0,0,0,0,1,3,3,1,0,0,0,0,1,1,0,0,0,0,0,0,1,1,1,1,0,0,0,0,0,0,1,1,0,0,0,0,0,0,0,0,0,0,0,0,1,3,3,3,3,3,3,1,0,0,0,0,1,3,3,
@@ -237,14 +237,14 @@
 3,3,3,3,3,3,3,3,3,3,3,3,3,3,3,3,3,3,3,3,3,3,3,3,3,3,3,3,3,3,3,3,3,3,3,3,3,3,1,0,0,0,0,2,4,4,2,0,0,0,0,2,4,4,2,0,0,0,0,1,3,3,3,3,3,3,3,3,3,3,
 3,3,3,3,3,3,3,3,3,3,3,3,3,3,3,3,3,3,3,3,3,3,3,3,3,3,3,3,3,3,3,3,3,3,3,3,3,3,1,0,0,0,0,2,4,4,2,0,0,0,0,2,4,4,2,0,0,0,0,1,3,3,3,3,3,3,3,3,3,3,
 3,3,3,3,3,3,3,3,3,3,3,3,3,3,3,3,3,3,3,3,3,3,3,3,3,3,3,3,3,3,3,3,3,3,3,3,3,3,1,0,0,0,0,2,2,2,2,4,4,4,4,2,2,2,2,0,0,0,0,1,3,3,3,3,3,3,3,3,3,3,
-3,3,3,3,3,3,3,3,3,3,3,3,3,3,3,3,3,3,3,3,3,3,3,3,3,3,3,3,3,3,3,3,3,3,3,3,3,3,1,4,0,0,0,0,0,0,0,0,0,0,0,4,0,0,4,0,0,0,0,1,3,3,3,3,3,3,3,3,3,3,
-3,3,3,3,3,3,3,3,3,3,3,3,3,3,3,3,3,3,3,3,3,3,3,3,3,3,3,3,3,3,3,3,3,3,3,3,3,3,1,0,0,0,0,0,0,0,0,0,4,0,0,4,0,0,0,0,0,0,0,1,3,3,3,3,3,3,3,3,3,3,
+3,3,3,3,3,3,3,3,3,3,3,3,3,3,3,3,3,3,3,3,3,3,3,3,3,3,3,3,3,3,3,3,3,3,3,3,3,3,1,4,0,0,0,4,0,0,4,0,0,0,0,4,0,0,4,0,0,0,0,1,3,3,3,3,3,3,3,3,3,3,
 3,3,3,3,3,3,3,3,3,3,3,3,3,3,3,3,3,3,3,3,3,3,3,3,3,3,3,3,3,3,3,3,3,3,3,3,3,3,1,0,0,0,0,0,0,0,0,0,0,0,0,4,0,4,0,0,0,0,0,1,3,3,3,3,3,3,3,3,3,3,
+3,3,3,3,3,3,3,3,3,3,3,3,3,3,3,3,3,3,3,3,3,3,3,3,3,3,3,3,3,3,3,3,3,3,3,3,3,3,1,0,0,0,0,0,0,0,0,0,4,0,0,4,0,4,0,0,0,0,0,1,3,3,3,3,3,3,3,3,3,3,
 3,3,3,3,3,3,3,3,3,3,3,3,3,3,3,3,3,3,3,3,3,3,3,3,3,3,3,3,3,3,3,3,3,3,3,3,3,3,1,4,0,0,0,0,0,0,0,0,0,0,0,4,0,0,4,0,0,0,0,1,3,3,3,3,3,3,3,3,3,3,
-3,3,3,3,3,3,3,3,3,3,3,3,3,3,3,3,3,3,3,3,3,3,3,3,3,3,3,3,3,3,3,3,3,3,3,3,3,3,1,0,0,0,0,2,2,2,2,0,4,4,0,2,2,2,2,0,0,0,0,1,3,3,3,3,3,3,3,3,3,3,
+3,3,3,3,3,3,3,3,3,3,3,3,3,3,3,3,3,3,3,3,3,3,3,3,3,3,3,3,3,3,3,3,3,3,3,3,3,3,1,0,0,0,0,2,2,2,2,0,0,0,4,2,2,2,2,0,0,0,0,1,3,3,3,3,3,3,3,3,3,3,
 3,3,3,3,3,3,3,3,3,3,3,3,3,3,3,3,3,3,3,3,3,3,3,3,3,3,3,3,3,3,3,3,3,3,3,3,3,3,1,0,0,0,0,2,4,4,2,0,0,0,0,2,4,4,2,0,0,0,0,1,3,3,3,3,3,3,3,3,3,3,
 3,3,3,3,3,3,3,3,3,3,3,3,3,3,3,3,3,3,3,3,3,3,3,3,3,3,3,3,3,3,3,3,3,3,3,3,3,3,1,0,0,0,0,2,4,4,2,0,0,0,0,2,4,4,2,0,0,0,0,1,3,3,3,3,3,3,3,3,3,3,
-3,3,3,3,3,3,3,3,3,3,3,3,3,3,3,3,3,3,3,3,3,3,3,3,3,3,3,3,3,3,3,3,3,3,3,3,3,3,1,0,0,0,3,2,2,2,2,0,0,0,0,2,2,2,2,0,0,0,0,1,3,3,3,3,3,3,3,3,3,3,
+3,3,3,3,3,3,3,3,3,3,3,3,3,3,3,3,3,3,3,3,3,3,3,3,3,3,3,3,3,3,3,3,3,3,3,3,3,3,1,0,0,0,3,2,2,2,2,0,0,0,4,2,2,2,2,0,0,0,0,1,3,3,3,3,3,3,3,3,3,3,
 3,3,3,3,3,3,3,3,3,3,3,3,3,3,3,3,3,3,3,3,3,3,3,3,3,3,3,3,3,3,3,3,3,3,3,3,3,3,1,0,0,0,0,0,0,0,0,0,0,0,0,0,0,0,0,0,0,0,0,1,3,3,3,3,3,3,3,3,3,3,
 3,3,3,3,3,3,3,3,3,3,3,3,3,3,3,3,3,3,3,3,3,3,3,3,3,3,3,3,3,3,3,3,3,3,3,3,3,3,1,0,0,0,0,0,0,0,0,0,0,0,0,0,0,0,0,0,0,0,0,1,3,3,3,3,3,3,3,3,3,3,
 3,3,3,3,3,3,3,3,3,3,3,3,3,3,3,3,3,3,3,3,3,3,3,3,3,3,3,3,3,3,3,3,3,3,3,3,3,3,1,1,1,1,1,1,1,1,1,1,1,1,1,1,1,1,1,1,1,1,1,1,3,3,3,3,3,3,3,3,3,3,
@@ -284,10 +284,10 @@
     <property name="requires_status" value="emp_waypoint_3"/>
    </properties>
   </object>
-  <object id="5" name="open loop door" type="on_trigger" x="1536" y="1856" width="32" height="32">
+  <object id="5" name="open loop door" type="on_trigger" x="1536" y="1888" width="32" height="32">
    <properties>
     <property name="hotspot" value="location"/>
-    <property name="mapmod" value="collision,45,50,0;collision,46,50,0;collision,45,44,0;collision,46,44,0;object,45,50,0;object,46,50,0;object,45,44,0;object,46,44,0;object,48,58,166;background,45,45,51;background,45,46,51;background,45,47,51;background,45,48,51;background,45,49,51;background,46,45,51;background,46,46,51;background,46,47,51;background,46,48,51;background,46,49,51;collision,45,45,0;collision,45,46,0;collision,45,47,0;collision,45,48,0;collision,45,49,0;collision,46,45,0;collision,46,46,0;collision,46,47,0;collision,46,48,0;collision,46,49,0"/>
+    <property name="mapmod" value="collision,45,50,0;collision,46,50,0;collision,45,44,0;collision,46,44,0;object,45,50,0;object,46,50,0;object,45,44,0;object,46,44,0;object,48,59,166;background,45,45,51;background,45,46,51;background,45,47,51;background,45,48,51;background,45,49,51;background,46,45,51;background,46,46,51;background,46,47,51;background,46,48,51;background,46,49,51;collision,45,45,0;collision,45,46,0;collision,45,47,0;collision,45,48,0;collision,45,49,0;collision,46,45,0;collision,46,46,0;collision,46,47,0;collision,46,48,0;collision,46,49,0"/>
     <property name="repeat" value="false"/>
     <property name="soundfx" value="soundfx/door_open.ogg"/>
     <property name="tooltip" value="Switch"/>
@@ -435,12 +435,135 @@
     <property name="tooltip" value="St. Maria: Crypt"/>
    </properties>
   </object>
+  <object id="54" name="floor spikes" type="on_trigger" x="1760" y="256" width="32" height="32">
+   <properties>
+    <property name="cooldown" value="3s"/>
+    <property name="hotspot" value="location"/>
+    <property name="power" value="178"/>
+    <property name="power_damage" value="70,80"/>
+   </properties>
+  </object>
+  <object id="78" name="floor spikes" type="on_trigger" x="1792" y="256" width="32" height="32">
+   <properties>
+    <property name="cooldown" value="3s"/>
+    <property name="hotspot" value="location"/>
+    <property name="power" value="178"/>
+    <property name="power_damage" value="70,80"/>
+   </properties>
+  </object>
+  <object id="79" name="floor spikes" type="on_trigger" x="1792" y="288" width="32" height="32">
+   <properties>
+    <property name="cooldown" value="3s"/>
+    <property name="hotspot" value="location"/>
+    <property name="power" value="178"/>
+    <property name="power_damage" value="70,80"/>
+   </properties>
+  </object>
+  <object id="80" name="floor spikes" type="on_trigger" x="1760" y="288" width="32" height="32">
+   <properties>
+    <property name="cooldown" value="3s"/>
+    <property name="hotspot" value="location"/>
+    <property name="power" value="178"/>
+    <property name="power_damage" value="70,80"/>
+   </properties>
+  </object>
+  <object id="81" name="floor spikes" type="on_trigger" x="1856" y="256" width="32" height="32">
+   <properties>
+    <property name="cooldown" value="3s"/>
+    <property name="hotspot" value="location"/>
+    <property name="power" value="178"/>
+    <property name="power_damage" value="70,80"/>
+   </properties>
+  </object>
+  <object id="82" name="floor spikes" type="on_trigger" x="1888" y="256" width="32" height="32">
+   <properties>
+    <property name="cooldown" value="3s"/>
+    <property name="hotspot" value="location"/>
+    <property name="power" value="178"/>
+    <property name="power_damage" value="70,80"/>
+   </properties>
+  </object>
+  <object id="83" name="floor spikes" type="on_trigger" x="1856" y="288" width="32" height="32">
+   <properties>
+    <property name="cooldown" value="3s"/>
+    <property name="hotspot" value="location"/>
+    <property name="power" value="178"/>
+    <property name="power_damage" value="70,80"/>
+   </properties>
+  </object>
+  <object id="84" name="floor spikes" type="on_trigger" x="1888" y="288" width="32" height="32">
+   <properties>
+    <property name="cooldown" value="3s"/>
+    <property name="hotspot" value="location"/>
+    <property name="power" value="178"/>
+    <property name="power_damage" value="70,80"/>
+   </properties>
+  </object>
+  <object id="85" name="floor spikes" type="on_trigger" x="1952" y="256" width="32" height="32">
+   <properties>
+    <property name="cooldown" value="3s"/>
+    <property name="hotspot" value="location"/>
+    <property name="power" value="178"/>
+    <property name="power_damage" value="70,80"/>
+   </properties>
+  </object>
+  <object id="86" name="floor spikes" type="on_trigger" x="1984" y="256" width="32" height="32">
+   <properties>
+    <property name="cooldown" value="3s"/>
+    <property name="hotspot" value="location"/>
+    <property name="power" value="178"/>
+    <property name="power_damage" value="70,80"/>
+   </properties>
+  </object>
+  <object id="87" name="floor spikes" type="on_trigger" x="1952" y="288" width="32" height="32">
+   <properties>
+    <property name="cooldown" value="3s"/>
+    <property name="hotspot" value="location"/>
+    <property name="power" value="178"/>
+    <property name="power_damage" value="70,80"/>
+   </properties>
+  </object>
+  <object id="88" name="floor spikes" type="on_trigger" x="1984" y="288" width="32" height="32">
+   <properties>
+    <property name="cooldown" value="3s"/>
+    <property name="hotspot" value="location"/>
+    <property name="power" value="178"/>
+    <property name="power_damage" value="70,80"/>
+   </properties>
+  </object>
+  <object id="90" type="undead" x="1408" y="1632" width="128" height="64">
+   <properties>
+    <property name="level" value="3"/>
+    <property name="number" value="2"/>
+    <property name="wander_radius" value="2"/>
+   </properties>
+  </object>
+  <object id="91" type="on_trigger" x="2016" y="832" width="32" height="32">
+   <properties>
+    <property name="hotspot" value="location"/>
+    <property name="loot" value="loot/level_3.txt"/>
+    <property name="mapmod" value="object,63,26,162"/>
+    <property name="repeat" value="false"/>
+    <property name="soundfx" value="soundfx/wood_open.ogg"/>
+    <property name="tooltip" value="Barrel"/>
+   </properties>
+  </object>
+  <object id="92" type="on_trigger" x="2112" y="736" width="32" height="32">
+   <properties>
+    <property name="hotspot" value="location"/>
+    <property name="loot" value="loot/level_3.txt"/>
+    <property name="mapmod" value="object,66,23,163"/>
+    <property name="repeat" value="false"/>
+    <property name="soundfx" value="soundfx/wood_open.ogg"/>
+    <property name="tooltip" value="Crate"/>
+   </properties>
+  </object>
  </objectgroup>
  <objectgroup name="enemy" visible="0">
   <object id="12" type="undead" x="992" y="864" width="128" height="128">
    <properties>
     <property name="level" value="3"/>
-    <property name="number" value="2"/>
+    <property name="number" value="1,2"/>
     <property name="wander_radius" value="2"/>
    </properties>
   </object>
@@ -475,7 +598,7 @@
   <object id="17" type="undead" x="608" y="1184" width="64" height="192">
    <properties>
     <property name="level" value="3"/>
-    <property name="number" value="2"/>
+    <property name="number" value="1,2"/>
     <property name="wander_radius" value="1,2"/>
    </properties>
   </object>
@@ -489,7 +612,7 @@
   <object id="19" type="undead" x="992" y="1568" width="128" height="128">
    <properties>
     <property name="level" value="3"/>
-    <property name="number" value="2"/>
+    <property name="number" value="1,2"/>
     <property name="wander_radius" value="2"/>
    </properties>
   </object>
@@ -500,24 +623,10 @@
     <property name="wander_radius" value="2"/>
    </properties>
   </object>
-  <object id="21" type="undead" x="1632" y="224" width="128" height="256">
+  <object id="23" type="undead" x="2016" y="544" width="128" height="512">
    <properties>
     <property name="level" value="3"/>
-    <property name="number" value="2,3"/>
-    <property name="wander_radius" value="2"/>
-   </properties>
-  </object>
-  <object id="22" type="undead" x="2016" y="224" width="128" height="256">
-   <properties>
-    <property name="level" value="3"/>
-    <property name="number" value="2,3"/>
-    <property name="wander_radius" value="2"/>
-   </properties>
-  </object>
-  <object id="23" type="undead" x="2016" y="736" width="128" height="256">
-   <properties>
-    <property name="level" value="3"/>
-    <property name="number" value="2,3"/>
+    <property name="number" value="3"/>
     <property name="wander_radius" value="2"/>
    </properties>
   </object>
@@ -528,13 +637,6 @@
     <property name="wander_radius" value="2"/>
    </properties>
   </object>
-  <object id="25" type="undead" x="1632" y="1568" width="128" height="128">
-   <properties>
-    <property name="level" value="3"/>
-    <property name="number" value="2"/>
-    <property name="wander_radius" value="2"/>
-   </properties>
-  </object>
   <object id="26" type="undead" x="1760" y="1824" width="128" height="128">
    <properties>
     <property name="level" value="3"/>
@@ -604,6 +706,13 @@
     <property name="wander_radius" value="1"/>
    </properties>
   </object>
+  <object id="89" type="undead" x="1632" y="288" width="128" height="544">
+   <properties>
+    <property name="level" value="3"/>
+    <property name="number" value="2,3"/>
+    <property name="wander_radius" value="2"/>
+   </properties>
+  </object>
  </objectgroup>
  <objectgroup name="npc">
   <object id="6" type="npcs/yora.txt" x="640" y="736" width="32" height="32"/>
