diff --git a/mods/frontier/maps/averguard_plains.txt b/mods/frontier/maps/averguard_plains.txt
index 3d9640198c97e6edf2b6a925736941383edba524..4e0c62a2905129ec02553beaec700d39038cb50b 100644
--- a/mods/frontier/maps/averguard_plains.txt
+++ b/mods/frontier/maps/averguard_plains.txt
@@ -1,14 +1,12 @@
 [header]
-title=Averguard Plains
 width=64
 height=100
-tileset=tileset_grassland.txt
-location=60,46,1
 music=unrest_theme.ogg
+tileset=tileset_grassland.txt
+title=Averguard Plains
 
 [layer]
 type=background
-format=dec
 data=
 0,0,0,0,0,0,0,0,0,0,0,0,0,0,0,0,0,0,0,0,0,0,0,0,0,0,0,0,0,0,0,0,16,16,17,18,19,148,180,181,146,16,0,0,16,17,18,19,0,0,0,0,0,0,0,0,0,0,0,0,0,0,0,0,
 0,0,0,0,0,0,0,0,0,0,0,0,0,0,0,0,0,0,0,0,0,0,0,0,0,0,0,0,0,0,0,17,16,20,21,22,23,155,163,184,146,16,0,0,20,21,22,23,0,0,0,0,0,0,0,16,17,18,19,0,0,0,0,0,
@@ -113,7 +111,6 @@ data=
 
 [layer]
 type=object
-format=dec
 data=
 82,83,80,81,82,82,83,80,81,82,82,83,80,81,82,82,83,80,81,82,82,83,80,81,82,82,83,80,81,82,82,83,48,0,0,126,0,0,0,0,0,0,50,80,81,82,83,80,81,82,83,80,81,82,83,80,81,82,83,80,81,82,83,80,
 86,87,84,85,86,86,87,84,85,86,86,87,84,85,86,86,87,84,85,86,86,87,84,85,86,86,87,84,85,86,86,56,64,0,127,124,125,0,0,0,0,0,50,84,85,86,87,84,85,86,87,84,85,86,87,56,49,53,57,84,85,86,87,84,
@@ -121,7 +118,7 @@ data=
 94,95,92,93,94,94,95,92,93,94,94,95,92,93,94,94,95,92,93,94,94,95,92,93,94,94,95,92,93,94,56,64,0,127,0,0,0,0,0,0,0,125,65,49,57,56,49,53,57,94,95,92,93,56,64,0,0,118,0,65,57,94,95,92,
 82,83,80,81,82,82,83,80,81,82,82,83,80,81,82,82,83,80,81,56,49,53,49,49,53,53,57,80,81,82,48,0,0,0,0,0,0,0,0,0,0,0,0,0,65,64,0,0,65,49,57,80,81,48,0,0,0,0,31,26,50,82,83,80,
 86,87,84,85,86,86,87,84,85,86,86,87,84,85,86,86,87,56,49,64,0,0,0,0,0,0,65,49,57,56,64,0,127,0,125,0,0,0,0,0,0,0,0,0,0,0,0,0,0,127,65,53,49,64,0,0,0,0,17,221,50,86,87,84,
-82,83,80,81,82,82,83,80,81,82,82,83,80,81,82,82,83,48,127,0,0,0,0,0,0,124,125,0,65,64,0,0,127,0,124,0,0,0,0,0,0,0,0,0,0,0,243,0,0,126,0,0,0,0,0,0,23,20,21,220,50,90,91,88,
+82,83,80,81,82,82,83,80,81,82,82,83,80,81,82,82,83,48,127,0,0,0,0,0,0,124,125,0,65,64,0,0,127,0,124,0,0,0,0,0,0,0,0,0,0,0,243,0,0,126,0,0,0,0,130,0,23,20,21,220,50,90,91,88,
 86,87,84,85,86,86,87,84,85,86,86,87,84,85,86,86,87,52,0,124,0,0,0,0,0,0,0,0,0,127,0,0,0,0,0,0,0,0,0,0,114,0,0,0,0,0,0,0,124,125,125,0,0,0,0,0,216,217,218,219,50,94,95,92,
 90,91,88,89,90,90,91,88,89,90,90,91,88,89,90,90,91,59,67,0,0,124,0,0,0,0,0,0,0,0,124,126,0,0,124,125,0,0,0,0,0,0,0,0,0,0,0,0,127,0,124,127,0,124,121,0,0,127,0,0,65,57,83,80,
 94,95,92,93,94,94,95,92,93,94,94,95,92,93,94,94,95,92,52,0,126,0,125,0,0,0,0,124,112,0,0,112,124,0,0,0,0,0,0,0,0,0,0,0,0,0,0,0,0,0,0,0,0,0,0,124,120,0,122,0,0,65,57,84,
@@ -134,11 +131,11 @@ data=
 82,83,80,81,82,82,83,80,81,82,82,83,80,81,82,82,56,64,0,127,0,0,0,0,0,0,0,0,0,0,0,0,0,0,0,0,0,0,0,0,0,0,0,0,0,0,0,124,120,0,0,50,81,82,83,80,81,82,59,51,58,82,83,80,
 86,87,84,85,86,86,87,84,85,86,86,87,84,85,86,56,64,0,0,0,0,0,0,0,0,0,127,0,0,0,0,0,0,0,0,0,0,0,0,0,0,0,0,0,0,0,127,0,0,0,66,58,85,86,87,84,85,86,87,84,85,86,87,84,
 82,83,80,81,82,82,83,80,81,82,82,83,56,49,53,64,0,0,127,0,125,0,0,0,0,0,0,0,0,0,0,0,0,0,0,0,127,0,126,0,0,0,0,0,0,0,126,0,0,66,58,88,89,90,91,88,89,90,91,88,89,90,91,88,
-86,87,84,85,86,86,87,84,85,86,86,87,52,127,0,0,0,0,127,0,124,0,0,0,0,0,0,126,0,0,0,0,0,0,0,0,0,0,0,0,0,0,0,0,0,127,0,0,0,65,57,92,93,94,95,92,93,94,95,92,93,94,95,92,
-90,91,88,89,90,90,91,88,89,90,90,91,48,0,0,0,0,0,0,0,0,0,0,0,0,0,0,0,124,0,0,0,0,127,0,0,0,127,0,0,0,0,0,0,0,127,0,124,0,0,50,80,81,82,83,80,81,82,83,80,81,82,83,80,
+86,87,84,85,86,86,87,84,85,86,86,87,229,127,0,0,0,0,127,0,124,0,0,0,0,0,0,126,0,0,0,0,0,0,0,0,0,0,0,0,0,0,0,0,0,127,0,0,0,65,57,92,93,94,95,92,93,94,95,92,93,94,95,92,
+90,91,88,89,90,90,91,88,89,90,90,91,228,0,0,0,0,0,0,0,0,0,0,0,0,0,0,0,124,0,0,0,0,127,0,0,0,127,0,0,0,0,0,0,0,127,0,124,0,0,50,80,81,82,83,80,81,82,83,80,81,82,83,80,
 94,95,92,93,94,94,95,92,93,94,94,95,52,0,126,112,0,126,0,0,124,125,0,0,0,0,0,0,0,0,0,0,0,0,0,0,0,0,0,0,0,0,0,0,0,0,0,0,0,66,58,84,85,86,87,84,85,86,87,84,85,86,87,84,
-82,83,80,81,82,82,83,80,81,82,82,83,59,67,0,0,0,124,0,0,0,0,0,0,127,0,126,0,0,0,0,0,125,0,0,0,0,0,0,0,0,0,0,0,0,0,0,0,0,50,91,88,89,90,91,88,89,90,91,88,89,90,91,88,
-86,87,84,85,86,86,87,84,85,86,86,87,84,59,67,0,127,0,0,0,0,0,0,0,0,0,0,0,0,0,0,0,0,127,0,0,0,0,0,0,0,0,0,0,0,0,0,0,0,50,95,92,93,94,95,92,93,94,95,92,93,94,95,92,
+82,83,80,81,82,82,83,80,81,82,82,83,59,67,0,0,0,124,0,0,0,0,0,0,127,0,126,0,0,0,0,129,125,0,0,0,0,0,0,0,0,0,0,0,0,0,0,0,0,50,91,88,89,90,91,88,89,90,91,88,89,90,91,88,
+86,87,84,85,86,86,87,84,85,86,86,87,84,59,67,0,127,0,0,0,0,0,0,0,0,0,0,0,0,0,0,128,131,127,0,0,0,0,0,0,0,0,0,0,0,0,0,0,0,50,95,92,93,94,95,92,93,94,95,92,93,94,95,92,
 82,83,80,81,82,82,83,80,81,82,82,83,80,81,59,67,0,0,0,0,0,0,0,0,0,127,0,0,0,0,0,0,0,0,0,0,0,0,127,0,0,0,0,120,0,0,0,0,66,58,83,80,81,82,83,80,81,82,83,80,81,82,83,80,
 86,87,84,85,86,86,87,84,85,86,86,87,84,85,86,59,67,0,0,127,0,0,0,0,0,0,0,0,0,0,0,0,0,0,0,0,0,0,0,0,0,0,0,114,0,0,0,0,50,86,87,84,85,86,87,84,85,86,87,84,85,86,87,84,
 90,91,88,89,90,90,91,88,89,90,90,91,88,89,90,90,48,125,0,0,0,124,0,0,0,0,0,0,0,0,0,0,0,0,0,0,0,0,124,125,0,0,0,0,0,120,0,0,50,90,91,88,89,90,91,88,89,90,91,88,89,90,91,88,
@@ -146,7 +143,7 @@ data=
 82,83,80,81,82,82,83,80,81,82,82,83,80,81,82,82,48,0,0,0,0,0,0,0,0,0,0,0,0,0,0,0,0,0,0,0,0,0,0,0,0,0,0,0,0,242,66,51,58,82,83,80,81,82,83,80,81,82,83,80,81,82,83,80,
 86,87,84,85,86,86,87,84,85,86,86,87,56,53,49,49,64,0,0,0,0,0,0,0,0,0,0,0,0,0,0,0,0,0,0,0,115,0,0,0,0,0,0,0,0,0,50,84,85,86,87,84,85,86,87,84,85,86,87,84,85,86,87,84,
 82,83,80,81,82,82,83,80,81,82,56,49,64,0,0,0,0,126,0,125,0,0,0,0,124,112,0,0,0,0,0,0,0,0,0,241,0,0,0,0,0,0,0,0,0,0,65,57,89,90,91,88,89,90,91,88,89,90,91,88,89,90,91,88,
-86,87,84,85,86,86,87,84,85,56,64,0,125,0,0,0,0,127,0,0,0,0,122,0,0,0,0,0,0,0,0,0,0,0,0,0,0,0,0,0,0,0,0,0,0,0,0,50,93,94,95,92,93,94,95,92,93,94,95,92,93,94,95,92,
+86,87,84,85,86,86,87,84,85,56,64,131,125,0,0,0,0,127,0,0,0,0,122,0,0,0,0,0,0,0,0,0,0,0,0,0,0,0,0,0,0,0,0,0,0,0,0,50,93,94,95,92,93,94,95,92,93,94,95,92,93,94,95,92,
 90,91,88,89,90,90,91,88,89,52,0,0,0,0,0,0,0,0,0,0,0,0,0,0,0,0,0,0,0,0,0,127,0,126,0,0,0,0,0,0,0,0,0,127,0,0,0,50,81,82,83,80,81,82,83,80,81,82,83,80,81,82,83,80,
 94,95,92,93,94,94,95,92,93,48,0,0,0,0,0,0,127,0,127,0,126,0,127,0,126,0,0,0,0,0,0,0,0,0,0,0,0,0,0,0,0,0,0,0,0,0,0,50,85,86,87,84,85,86,87,84,85,86,87,84,85,86,87,84,
 82,83,80,81,82,82,83,80,56,68,0,127,0,0,0,0,127,0,124,0,0,0,0,0,0,0,0,0,0,0,0,0,127,0,0,0,0,0,0,0,0,0,127,0,125,0,0,65,57,90,91,88,89,90,91,88,89,90,91,88,89,90,91,88,
@@ -154,19 +151,19 @@ data=
 82,83,80,81,82,82,83,80,81,48,0,0,0,0,0,0,0,0,124,125,0,124,120,0,0,0,0,0,124,0,0,0,0,0,0,0,0,0,0,0,0,0,0,0,0,0,0,0,65,57,83,80,81,82,83,80,81,82,83,80,81,82,83,80,
 86,87,84,85,86,86,87,84,85,52,125,0,0,0,0,0,0,0,0,0,0,0,0,0,0,0,0,0,0,0,0,0,0,0,0,0,0,0,127,0,126,0,0,0,0,0,0,0,0,65,87,84,85,86,87,84,85,86,87,84,85,86,87,84,
 90,91,56,49,57,90,56,53,49,64,0,0,0,0,0,0,0,0,0,0,0,0,0,0,0,0,0,0,0,0,0,0,0,0,0,0,0,0,0,0,0,0,0,0,0,0,0,0,0,0,65,88,89,90,91,88,89,90,91,88,89,90,91,88,
-94,95,48,127,65,49,64,0,0,0,243,0,0,0,0,0,0,0,0,0,0,0,0,0,0,0,127,0,0,0,0,0,0,127,0,0,0,0,0,127,0,0,0,0,0,127,0,127,0,126,0,65,57,94,95,92,93,94,95,92,93,94,95,92,
-53,49,64,0,0,0,0,0,125,0,0,0,0,0,0,0,0,0,0,0,0,0,0,0,0,0,0,118,126,0,0,0,0,126,0,0,0,0,0,0,0,0,0,0,0,0,0,0,0,0,0,0,65,57,83,80,81,82,83,80,81,82,83,80,
-0,0,127,243,125,0,0,0,0,0,0,0,0,0,0,0,0,0,120,0,0,0,0,0,0,0,0,126,112,124,0,0,0,0,125,0,0,125,0,0,0,0,0,0,0,125,126,113,127,0,0,0,0,65,57,84,85,86,87,84,85,86,87,84,
+94,95,48,127,65,49,64,0,0,132,243,0,0,0,0,0,0,0,0,0,0,0,0,0,0,0,127,0,0,0,0,0,0,127,0,0,0,0,0,127,0,0,0,0,0,127,0,127,0,126,0,65,57,94,95,92,93,94,95,92,93,94,95,92,
+53,49,64,0,0,0,0,0,125,0,0,0,0,0,0,0,0,0,0,0,0,0,0,0,0,0,0,118,126,0,0,0,0,126,0,0,0,0,0,0,0,0,0,0,130,0,131,0,0,0,0,0,65,57,83,80,81,82,83,80,81,82,83,80,
+0,0,127,243,125,0,0,0,0,0,0,0,0,0,0,0,0,0,120,0,0,0,0,0,0,0,0,126,112,124,0,0,0,0,125,0,0,125,0,0,0,0,0,128,0,125,126,113,129,0,0,0,0,65,57,84,85,86,87,84,85,86,87,84,
 242,0,127,0,124,0,0,0,0,0,0,0,0,0,0,0,0,0,0,0,0,0,0,0,124,0,0,0,0,0,0,0,127,0,0,0,0,0,0,0,0,0,0,0,0,0,0,124,0,0,0,0,0,0,65,57,89,90,91,88,89,90,91,88,
-0,0,0,0,0,0,0,0,0,0,0,0,0,0,0,0,0,0,127,0,0,0,0,127,0,0,0,0,0,0,0,0,0,0,127,0,0,0,0,0,0,0,0,0,0,0,0,0,0,0,0,0,0,0,0,50,93,94,95,92,93,94,95,92,
-241,0,0,0,124,125,0,0,0,0,0,0,0,127,0,0,0,0,0,0,0,0,0,0,0,0,0,0,0,0,0,0,0,0,0,0,0,0,0,0,0,125,0,0,0,0,0,0,0,0,0,0,0,0,0,50,81,82,83,80,81,82,83,80,
-0,0,0,243,0,0,0,0,0,0,0,0,0,0,124,0,0,127,0,125,0,124,127,0,125,0,0,0,0,0,0,0,0,0,124,125,0,0,0,0,0,0,0,0,0,0,0,0,0,0,0,0,0,0,0,50,85,86,87,84,85,86,87,84,
-0,0,0,240,125,0,0,0,0,0,0,0,0,0,0,112,0,127,0,0,0,0,127,0,124,0,0,0,0,0,0,0,0,127,0,0,0,0,0,0,125,0,0,0,0,0,0,0,0,0,0,0,0,0,0,50,89,90,91,88,89,90,91,88,
-0,0,0,0,0,0,0,0,0,0,0,125,0,0,0,0,0,0,0,0,0,0,0,0,0,0,0,0,0,0,0,0,0,0,0,0,0,0,0,0,0,125,0,0,0,0,0,0,0,0,0,0,0,0,66,58,93,94,95,92,93,94,95,92,
+0,0,0,0,0,0,0,0,0,0,0,0,0,0,0,0,0,0,127,0,0,0,0,127,0,0,0,0,0,0,0,0,0,0,127,0,0,0,0,0,0,0,0,129,0,0,132,0,0,0,0,0,0,0,0,50,93,94,95,92,93,94,95,92,
+241,0,0,0,124,125,0,0,0,0,0,0,0,127,0,0,0,0,0,0,0,0,0,0,0,0,0,0,0,0,0,0,0,0,0,0,0,0,0,0,0,125,0,0,0,0,113,0,0,130,0,0,0,0,0,50,81,82,83,80,81,82,83,80,
+0,0,0,243,0,0,0,0,0,0,0,0,0,0,124,0,0,127,0,125,0,124,127,0,125,0,0,0,0,0,0,0,0,0,124,125,0,0,0,0,0,0,0,0,128,0,0,0,0,0,0,0,0,0,0,50,85,86,87,84,85,86,87,84,
+0,0,0,240,125,0,0,0,0,0,0,0,0,0,0,112,0,127,0,0,0,0,127,0,124,0,0,0,0,0,0,0,0,127,130,0,0,0,0,0,125,0,0,0,0,0,0,131,129,0,0,0,0,0,0,50,89,90,91,88,89,90,91,88,
+0,0,0,0,0,0,0,0,0,0,128,125,0,0,0,0,0,0,0,0,0,0,0,0,0,0,0,0,0,0,0,0,0,0,0,0,0,0,0,0,0,125,0,0,0,0,0,0,0,0,0,0,0,0,66,58,93,94,95,92,93,94,95,92,
 0,0,0,0,0,0,0,0,0,0,0,0,0,0,0,124,0,0,0,124,125,0,0,0,0,125,0,0,0,0,0,0,0,0,0,0,0,0,0,0,0,0,0,0,0,0,0,0,0,125,0,0,0,66,58,80,81,82,83,80,81,82,83,80,
 125,0,0,0,0,124,112,0,0,0,0,0,0,0,127,0,0,0,0,0,0,0,0,0,0,0,0,0,0,0,0,0,0,0,0,0,0,0,0,0,0,0,0,124,125,0,0,0,0,0,0,0,0,65,57,84,85,86,87,84,85,86,87,84,
 241,240,0,122,0,0,0,0,0,0,0,0,0,0,0,0,0,0,0,0,0,0,0,0,0,0,0,0,0,0,0,0,0,0,0,0,0,0,0,0,0,0,0,0,0,0,0,0,0,127,0,126,0,0,50,88,89,90,91,88,89,90,91,88,
-0,0,0,0,0,0,0,0,0,115,0,0,0,0,126,0,125,0,0,0,0,124,112,0,0,0,0,0,0,0,0,0,0,0,127,0,0,0,0,0,0,0,0,0,0,0,0,0,0,0,0,0,0,0,65,92,93,94,95,92,93,94,95,92,
+0,0,0,0,0,0,0,0,0,115,0,0,0,0,126,0,125,0,0,0,0,124,112,0,0,0,0,0,0,0,0,0,0,0,127,0,0,0,128,0,0,0,0,0,0,0,0,0,0,0,0,0,0,0,65,92,93,94,95,92,93,94,95,92,
 0,0,0,127,0,126,0,0,0,0,0,0,0,0,0,0,0,0,0,122,0,0,0,0,0,0,0,0,0,0,0,0,0,0,127,0,126,0,126,0,125,0,0,0,0,124,112,0,0,0,127,0,0,0,0,50,81,82,83,80,81,82,83,80,
 0,242,0,0,0,0,0,0,0,0,0,125,0,0,0,0,0,0,0,127,0,0,0,0,0,0,0,0,0,127,0,0,0,127,0,125,0,0,0,0,0,0,0,122,0,0,0,0,118,0,0,0,0,0,0,65,57,86,87,84,85,86,87,84,
 241,0,0,0,127,243,0,0,0,115,114,0,0,0,0,0,0,0,0,127,0,126,0,0,0,0,0,0,123,0,0,0,0,127,0,127,0,0,0,0,0,0,0,0,0,0,0,0,0,0,0,0,0,0,0,0,50,90,91,88,89,90,91,88,
@@ -175,8 +172,8 @@ data=
 84,85,59,67,0,0,127,0,126,0,0,0,0,0,241,0,0,0,124,120,0,0,0,0,127,0,125,0,0,0,0,0,0,0,0,0,0,0,0,0,0,0,0,0,127,0,0,0,0,127,124,125,0,0,0,0,50,86,87,84,85,86,87,84,
 88,89,90,59,51,67,0,0,0,0,0,0,0,0,0,126,112,124,0,0,0,0,0,0,127,0,124,0,0,240,0,0,0,0,0,0,0,0,0,0,0,0,124,120,0,0,127,0,0,127,0,124,0,0,0,0,50,90,91,88,89,90,91,88,
 92,93,94,95,92,59,67,127,0,0,113,0,0,0,0,120,124,0,0,0,0,0,0,0,0,0,0,0,0,0,0,0,0,0,0,0,0,0,0,0,0,0,0,0,0,0,0,0,0,0,0,0,0,0,0,0,50,94,95,92,93,94,95,92,
-80,81,82,83,80,81,59,67,0,0,0,0,0,0,0,0,0,0,0,0,0,0,0,0,127,0,124,125,0,0,0,0,0,0,0,0,0,0,0,0,0,0,0,0,0,127,0,125,0,0,0,0,0,0,0,0,65,57,83,80,81,82,83,80,
-84,85,86,87,84,85,56,64,127,0,0,0,0,0,0,0,0,0,0,0,0,0,0,0,0,0,118,0,0,0,0,0,0,127,0,0,0,0,0,0,0,0,0,0,0,127,0,124,0,0,0,0,0,0,0,0,0,50,87,84,85,86,87,84,
+80,81,82,83,80,81,59,67,0,0,0,0,0,0,0,0,0,0,0,0,0,0,0,0,127,0,124,125,128,0,0,0,0,0,0,0,0,0,0,0,0,0,0,0,0,127,0,125,0,0,0,0,0,0,0,0,65,57,83,80,81,82,83,80,
+84,85,86,87,84,85,56,64,127,0,0,0,0,0,0,0,0,0,0,0,0,0,0,0,0,0,118,0,130,0,0,0,0,127,0,0,0,0,0,0,0,0,0,0,0,127,0,124,0,0,0,0,0,0,0,0,0,50,87,84,85,86,87,84,
 88,89,90,91,88,89,52,0,0,0,0,0,0,0,0,0,0,0,0,0,0,0,0,0,124,0,0,0,0,0,0,0,0,0,124,119,0,0,0,0,0,0,0,0,0,0,0,0,0,0,0,0,0,0,0,0,0,65,57,88,89,90,91,88,
 92,93,94,95,92,93,52,127,0,125,0,0,0,0,0,0,0,0,0,0,0,0,0,127,0,124,0,0,0,0,0,0,0,0,127,113,124,0,0,66,51,51,67,0,0,0,0,124,125,0,0,0,127,0,0,0,0,0,50,92,93,94,95,92,
 80,81,82,83,80,81,48,127,0,124,0,0,0,0,0,0,0,0,0,0,0,0,0,0,0,0,0,0,125,0,0,0,0,0,0,124,0,0,66,58,81,82,59,67,0,0,0,0,0,0,0,0,0,124,126,0,0,0,50,80,81,82,83,80,
@@ -218,7 +215,6 @@ data=
 
 [layer]
 type=collision
-format=dec
 data=
 3,3,3,3,3,3,3,3,3,3,3,3,3,3,3,3,3,3,3,3,3,3,3,3,3,3,3,3,3,3,3,1,1,3,3,3,3,3,3,3,3,3,1,3,3,3,3,3,3,3,3,3,3,3,3,3,3,3,3,3,3,3,3,3,
 3,3,3,3,3,3,3,3,3,3,3,3,3,3,3,3,3,3,3,3,3,3,3,3,3,3,3,3,3,3,3,1,1,0,0,0,0,2,2,2,2,0,1,3,3,3,3,3,3,3,3,3,3,3,3,1,1,1,1,3,3,3,3,3,
@@ -251,7 +247,7 @@ data=
 3,3,3,3,3,3,3,3,3,3,3,3,3,3,3,3,1,0,0,0,0,0,0,0,0,0,0,2,2,2,2,2,2,0,0,2,2,2,0,0,0,2,2,2,2,1,1,1,1,3,3,3,3,3,3,3,3,3,3,3,3,3,3,3,
 3,3,3,3,3,3,3,3,3,3,3,3,1,1,1,1,1,0,0,0,0,0,0,0,0,0,2,2,2,2,2,2,2,0,0,2,2,2,2,2,2,2,2,2,2,0,1,3,3,3,3,3,3,3,3,3,3,3,3,3,3,3,3,3,
 3,3,3,3,3,3,3,3,3,3,1,1,1,0,0,0,0,0,0,0,0,0,0,0,0,0,2,2,2,2,2,0,0,0,0,1,2,2,2,2,2,2,2,2,0,0,1,1,3,3,3,3,3,3,3,3,3,3,3,3,3,3,3,3,
-3,3,3,3,3,3,3,3,3,1,1,0,0,0,0,0,0,0,0,0,0,0,0,0,0,2,2,2,2,2,0,0,0,0,0,0,0,2,2,2,2,2,2,0,0,0,0,1,3,3,3,3,3,3,3,3,3,3,3,3,3,3,3,3,
+3,3,3,3,3,3,3,3,3,1,1,2,0,0,0,0,0,0,0,0,0,0,0,0,0,2,2,2,2,2,0,0,0,0,0,0,0,2,2,2,2,2,2,0,0,0,0,1,3,3,3,3,3,3,3,3,3,3,3,3,3,3,3,3,
 3,3,3,3,3,3,3,3,3,1,0,0,0,0,0,0,0,0,0,0,0,0,0,0,0,2,2,2,2,0,0,0,0,0,0,0,0,0,2,2,2,2,0,0,0,0,0,1,3,3,3,3,3,3,3,3,3,3,3,3,3,3,3,3,
 3,3,3,3,3,3,3,3,3,1,0,0,0,0,0,0,0,0,0,0,0,0,0,0,0,2,2,2,2,0,0,0,0,0,0,0,0,0,0,0,0,0,0,0,0,0,0,1,3,3,3,3,3,3,3,3,3,3,3,3,3,3,3,3,
 3,3,3,3,3,3,3,3,1,1,0,0,0,0,0,0,0,0,0,0,0,0,0,0,0,2,2,2,2,0,0,0,0,0,0,0,0,0,0,0,0,0,0,0,0,0,0,1,1,3,3,3,3,3,3,3,3,3,3,3,3,3,3,3,
@@ -260,18 +256,18 @@ data=
 3,3,3,3,3,3,3,3,3,1,0,0,0,0,2,2,2,2,2,0,2,2,2,2,2,2,2,2,0,0,0,0,0,0,0,0,0,0,0,0,0,0,0,0,0,0,0,0,0,1,3,3,3,3,3,3,3,3,3,3,3,3,3,3,
 3,3,1,1,1,3,1,1,1,1,0,0,0,2,2,2,2,2,2,2,2,2,2,2,2,2,2,0,0,0,0,0,0,0,0,0,0,0,0,0,0,0,0,0,0,0,0,0,0,0,1,3,3,3,3,3,3,3,3,3,3,3,3,3,
 3,3,1,0,1,1,1,0,0,1,1,0,0,2,2,2,2,2,2,2,2,2,2,2,2,0,0,0,0,0,0,0,0,0,0,0,0,0,0,0,0,0,0,0,0,0,0,0,0,0,0,1,1,3,3,3,3,3,3,3,3,3,3,3,
-1,1,1,0,0,0,0,0,0,0,2,2,2,2,2,2,2,2,2,2,2,2,2,2,2,0,0,0,0,0,0,0,0,0,0,0,0,0,0,0,0,0,0,0,0,0,0,0,0,0,0,0,1,1,3,3,3,3,3,3,3,3,3,3,
-3,0,0,1,0,0,0,0,2,2,2,2,2,2,2,2,0,0,2,2,2,2,2,0,0,0,0,0,0,0,0,0,0,0,0,0,0,0,0,0,0,0,0,0,0,0,0,0,0,0,0,0,0,1,1,3,3,3,3,3,3,3,3,3,
+1,1,1,0,0,0,0,0,0,0,2,2,2,2,2,2,2,2,2,2,2,2,2,2,2,0,0,0,0,0,0,0,0,0,0,0,0,0,0,0,0,0,0,0,2,0,2,0,0,0,0,0,1,1,3,3,3,3,3,3,3,3,3,3,
+3,0,0,1,0,0,0,0,2,2,2,2,2,2,2,2,0,0,2,2,2,2,2,0,0,0,0,0,0,0,0,0,0,0,0,0,0,0,0,0,0,0,0,2,0,0,0,0,2,0,0,0,0,1,1,3,3,3,3,3,3,3,3,3,
 1,0,0,0,0,0,0,2,2,2,2,2,2,2,2,0,0,0,0,0,0,0,0,0,0,0,0,0,0,0,0,0,0,0,0,0,0,0,0,0,0,0,0,0,0,0,0,0,0,0,0,0,0,0,1,1,3,3,3,3,3,3,3,3,
-3,0,0,0,0,0,2,2,2,2,2,2,2,2,0,0,0,0,0,0,0,0,0,0,0,0,0,0,0,0,0,0,0,0,0,0,0,0,0,0,0,0,0,0,0,0,0,0,0,0,0,0,0,0,0,1,1,3,3,3,3,3,3,3,
-1,0,0,0,0,0,2,2,2,2,2,2,2,0,0,0,0,0,0,0,0,0,0,0,0,0,0,0,0,0,0,0,0,0,0,0,0,0,0,0,0,0,0,0,0,0,0,0,0,0,0,0,0,0,0,1,1,3,3,3,3,3,3,3,
-3,0,0,1,0,0,2,2,2,2,0,0,0,0,0,0,0,0,0,0,0,0,0,0,0,0,0,0,0,0,0,0,0,0,0,0,0,0,0,0,0,0,0,0,0,0,0,0,0,0,0,0,0,0,0,1,3,3,3,3,3,3,3,3,
-3,0,0,1,0,0,2,2,2,2,0,0,0,0,0,0,0,0,0,0,0,0,0,0,0,0,0,0,0,0,0,0,0,0,0,0,0,0,0,0,0,0,0,0,0,0,0,0,0,0,0,0,0,0,0,1,3,3,3,3,3,3,3,3,
-3,0,0,0,0,0,2,2,2,2,0,0,0,0,0,0,0,0,0,0,0,0,0,0,0,0,0,0,0,0,0,0,0,0,0,0,0,0,0,0,0,0,0,0,0,0,0,0,0,0,0,0,0,0,1,1,3,3,3,3,3,3,3,3,
+3,0,0,0,0,0,2,2,2,2,2,2,2,2,0,0,0,0,0,0,0,0,0,0,0,0,0,0,0,0,0,0,0,0,0,0,0,0,0,0,0,0,0,2,0,0,1,0,0,0,0,0,0,0,0,1,1,3,3,3,3,3,3,3,
+1,0,0,0,0,0,2,2,2,2,2,2,2,0,0,0,0,0,0,0,0,0,0,0,0,0,0,0,0,0,0,0,0,0,0,0,0,0,0,0,0,0,0,0,0,0,0,0,0,2,0,0,0,0,0,1,1,3,3,3,3,3,3,3,
+3,0,0,1,0,0,2,2,2,2,0,0,0,0,0,0,0,0,0,0,0,0,0,0,0,0,0,0,0,0,0,0,0,0,0,0,0,0,0,0,0,0,0,0,2,0,0,0,0,0,0,0,0,0,0,1,3,3,3,3,3,3,3,3,
+3,0,0,1,0,0,2,2,2,2,0,0,0,0,0,0,0,0,0,0,0,0,0,0,0,0,0,0,0,0,0,0,0,0,2,0,0,0,0,0,0,0,0,0,0,0,0,2,2,0,0,0,0,0,0,1,3,3,3,3,3,3,3,3,
+3,0,0,0,0,0,2,2,2,2,2,0,0,0,0,0,0,0,0,0,0,0,0,0,0,0,0,0,0,0,0,0,0,0,0,0,0,0,0,0,0,0,0,0,0,0,0,0,0,0,0,0,0,0,1,1,3,3,3,3,3,3,3,3,
 3,0,0,0,0,0,0,2,2,2,2,0,0,0,0,0,0,0,0,0,0,0,0,0,0,0,0,0,0,0,0,0,0,0,0,0,0,0,0,0,0,0,0,0,0,0,0,0,0,0,0,0,0,1,1,3,3,3,3,3,3,3,3,3,
 3,0,0,0,0,0,0,2,2,2,2,0,0,0,0,0,0,0,0,0,0,0,0,0,0,0,0,0,0,0,0,0,0,0,0,0,0,0,0,0,0,0,0,0,0,0,0,0,0,0,0,0,0,1,1,3,3,3,3,3,3,3,3,3,
 1,1,0,0,0,0,0,2,2,2,2,2,0,0,0,0,0,0,0,0,0,0,0,0,0,0,0,0,0,0,0,0,0,0,0,0,0,0,0,0,0,0,0,0,0,0,0,0,0,0,0,0,0,0,1,3,3,3,3,3,3,3,3,3,
-3,0,0,0,0,0,0,0,2,2,2,2,0,0,0,0,0,0,0,0,0,0,0,0,0,0,0,0,0,0,0,0,0,0,0,0,0,0,0,0,0,0,0,0,0,0,0,0,0,0,0,0,0,0,1,3,3,3,3,3,3,3,3,3,
+3,0,0,0,0,0,0,0,2,2,2,2,0,0,0,0,0,0,0,0,0,0,0,0,0,0,0,0,0,0,0,0,0,0,0,0,0,0,2,0,0,0,0,0,0,0,0,0,0,0,0,0,0,0,1,3,3,3,3,3,3,3,3,3,
 3,0,0,0,0,0,0,0,0,0,0,0,0,0,0,0,0,0,0,0,0,0,0,0,0,0,0,0,0,0,0,0,0,0,0,0,0,0,0,0,0,0,0,0,0,0,0,0,0,0,0,0,0,0,0,1,3,3,3,3,3,3,3,3,
 3,1,0,0,0,0,0,0,2,2,2,0,0,0,0,0,0,0,0,0,0,0,0,0,0,0,0,0,0,0,0,0,0,0,0,0,0,0,0,0,0,0,0,0,0,0,0,0,0,0,0,0,0,0,0,1,1,3,3,3,3,3,3,3,
 1,0,0,0,0,1,0,0,2,2,2,2,0,0,0,0,0,0,0,0,0,0,0,0,0,0,0,0,0,0,0,0,0,0,0,0,0,0,0,0,0,0,0,0,0,0,0,0,0,0,0,0,0,0,0,0,1,3,3,3,3,3,3,3,
@@ -280,8 +276,8 @@ data=
 3,3,1,1,0,0,0,0,0,2,2,2,0,0,1,0,0,0,0,0,0,0,0,0,0,0,0,0,0,0,0,0,0,0,0,0,0,0,0,0,0,0,0,0,0,0,0,0,0,0,0,0,0,0,0,0,1,3,3,3,3,3,3,3,
 3,3,3,1,1,1,0,0,0,2,2,2,0,0,0,0,0,0,0,0,0,0,0,0,0,0,0,0,0,1,0,0,0,0,0,0,0,0,0,0,0,0,0,0,0,0,0,0,0,0,0,0,0,0,0,0,1,3,3,3,3,3,3,3,
 3,3,3,3,3,1,1,0,0,2,2,2,0,0,0,0,0,0,0,0,0,0,0,0,0,0,0,0,0,0,0,0,0,0,0,0,0,0,0,0,0,0,0,0,0,0,0,0,0,0,0,0,0,0,0,0,1,3,3,3,3,3,3,3,
-3,3,3,3,3,3,1,1,0,2,2,2,0,0,0,0,0,0,0,0,0,0,0,0,0,0,0,0,0,0,0,0,0,0,0,0,0,0,0,0,0,0,0,0,0,0,0,0,0,0,0,0,0,0,0,0,1,1,3,3,3,3,3,3,
-3,3,3,3,3,3,1,1,0,2,2,2,2,0,0,0,0,0,0,0,0,0,0,0,0,0,0,0,0,0,0,0,0,0,0,0,0,0,0,0,0,0,0,0,0,0,0,0,0,0,0,0,0,0,0,0,0,1,3,3,3,3,3,3,
+3,3,3,3,3,3,1,1,0,2,2,2,0,0,0,0,0,0,0,0,0,0,0,0,0,0,0,0,2,0,0,0,0,0,0,0,0,0,0,0,0,0,0,0,0,0,0,0,0,0,0,0,0,0,0,0,1,1,3,3,3,3,3,3,
+3,3,3,3,3,3,1,1,0,2,2,2,2,0,0,0,0,0,0,0,0,0,0,0,0,0,0,0,2,0,0,0,0,0,0,0,0,0,0,0,0,0,0,0,0,0,0,0,0,0,0,0,0,0,0,0,0,1,3,3,3,3,3,3,
 3,3,3,3,3,3,1,0,0,2,2,2,2,0,0,0,0,0,0,0,0,0,0,0,0,0,0,0,0,0,0,0,0,0,0,0,0,0,0,0,0,0,0,0,0,0,0,0,0,0,0,0,0,0,0,0,0,1,1,3,3,3,3,3,
 3,3,3,3,3,3,1,0,0,0,2,2,2,0,0,0,0,0,0,0,0,0,0,0,0,0,0,0,0,0,0,0,0,0,0,0,0,0,0,1,1,1,1,0,0,0,0,0,0,0,0,0,0,0,0,0,0,0,1,3,3,3,3,3,
 3,3,3,3,3,3,1,0,0,0,2,2,2,2,0,0,0,0,0,0,0,0,0,0,0,0,0,0,0,0,0,0,0,0,0,0,0,0,1,1,3,3,1,1,0,0,0,0,0,0,0,0,0,0,0,0,0,0,1,3,3,3,3,3,
@@ -322,20 +318,38 @@ data=
 3,3,3,3,3,3,3,3,3,3,3,3,3,3,3,3,3,3,3,3,3,3,3,3,3,3,3,3,3,3,3,1,3,3,3,3,3,3,1,3,3,3,3,3,3,3,3,3,3,3,3,3,3,3,3,3,3,3,3,3,3,3,3,3
 
 [event]
+# Warp to Frontier Outpost
 type=teleport
 location=36,98,2,1
 intermap=frontier_outpost.txt,37,2
 
 [event]
-# entrance to Averguard Keep
-type=run_once
+# Warp to Goblin Warrens
+type=teleport
 location=57,7,1,1
 hotspot=-41,-150,200,175
-tooltip=Entrance to Goblin Warrens
 intermap=goblin_warrens.txt,28,75
+tooltip=Entrance to Goblin Warrens
 
 [enemygroup]
+# Goblins
 type=goblin
+location=51,6,9,8
+level=1,2
+number=3,4
+
+[enemygroup]
+# Goblin Pack
+type=goblin
+location=42,39,9,9
 level=1,3
-number=2,4
-location=51,6,10,10
+number=4,6
+
+[enemygroup]
+# Strong Goblins
+type=goblin
+location=43,40,7,7
+chance=30
+level=3,4
+number=1,2
+
diff --git a/mods/living_bones/maps/brothers_lair_fire_hall.txt b/mods/living_bones/maps/brothers_lair_fire_hall.txt
index 97d4f7688c07b914d12db53d4407f0de15950265..e347134d2bb6eebd60e2c27916a967d240bd8fe1 100644
--- a/mods/living_bones/maps/brothers_lair_fire_hall.txt
+++ b/mods/living_bones/maps/brothers_lair_fire_hall.txt
@@ -1,14 +1,12 @@
 [header]
-title=Brothers' Fire Hall
 width=50
 height=80
-tileset=tileset_dungeon.txt
-location=28,76,3
 music=unrest_theme.ogg
+tileset=tileset_dungeon.txt
+title=Brothers' Lair Fire Hall
 
 [layer]
 type=background
-format=dec
 data=
 0,0,0,0,0,0,0,0,0,0,0,0,0,0,0,0,0,0,0,0,0,0,0,0,0,0,0,0,0,0,0,0,0,0,0,0,0,0,0,0,0,0,0,0,0,0,0,0,0,0,
 0,0,0,0,0,0,0,0,0,0,0,0,0,0,0,0,0,0,0,0,0,0,0,0,0,0,0,0,0,0,0,0,0,0,0,0,0,0,0,0,0,0,0,0,0,0,0,0,0,0,
@@ -93,7 +91,6 @@ data=
 
 [layer]
 type=object
-format=dec
 data=
 0,0,0,0,0,0,0,0,0,0,0,0,0,0,0,0,0,0,0,0,0,0,0,0,0,0,0,0,0,0,0,0,0,0,0,0,0,0,0,0,0,0,0,0,0,0,0,0,0,0,
 0,0,0,0,0,0,0,0,0,0,0,0,0,0,0,0,0,0,0,0,0,0,0,0,0,0,0,0,0,0,0,0,0,0,0,0,0,0,0,0,0,0,0,0,0,0,0,0,0,0,
@@ -178,7 +175,6 @@ data=
 
 [layer]
 type=collision
-format=dec
 data=
 3,3,3,3,3,3,3,3,3,3,3,3,3,3,3,3,3,3,3,3,3,3,3,3,3,3,3,3,3,3,3,3,3,3,3,3,3,3,3,3,3,3,3,3,3,3,3,3,3,3,
 3,3,3,3,3,3,3,3,3,3,3,3,3,3,3,3,3,3,3,3,3,3,3,3,3,3,3,3,3,3,3,3,3,3,3,3,3,3,3,3,3,3,3,3,3,3,3,3,3,3,
@@ -262,6 +258,92 @@ data=
 3,3,3,3,3,3,3,3,3,3,3,3,3,3,3,3,3,3,3,3,3,3,3,3,3,3,3,3,3,3,3,3,3,3,3,3,3,3,3,3,3,3,3,3,3,3,3,3,3,3
 
 [event]
+# Warp to Atrium
 type=teleport
 location=24,78,2,1
 intermap=brothers_lair_atrium.txt,14,2
+
+[event]
+# Barrel
+type=run_once
+location=23,64,1,1
+hotspot=-16,-36,32,44
+loot=random,24,63,6
+mapmod=object,23,64,162
+soundfx=soundfx/wood_open.ogg
+tooltip=Barrel
+
+[event]
+# Barrel
+type=run_once
+location=22,64,1,1
+hotspot=-16,-36,32,44
+loot=random,22,63,7
+mapmod=object,22,64,162
+soundfx=soundfx/wood_open.ogg
+tooltip=Barrel
+
+[event]
+# Crate
+type=run_once
+location=21,64,1,1
+hotspot=-16,-30,32,36
+loot=random,21,63,7
+mapmod=object,21,64,163
+soundfx=soundfx/wood_open.ogg
+tooltip=Crate
+
+[event]
+# Crate
+type=run_once
+location=23,63,1,1
+hotspot=-16,-30,32,36
+loot=random,23,62,7
+mapmod=object,23,63,163
+soundfx=soundfx/wood_open.ogg
+tooltip=Crate
+
+[event]
+# Burn Trap
+type=run_once
+location=21,20,1,1
+power=18
+power_damage=8,10
+power_path=0,0,21,20
+
+[event]
+# Burn Trap
+type=run_once
+location=24,20,1,1
+power=18
+power_damage=8,10
+power_path=0,0,24,20
+
+[enemygroup]
+# 4-6 Undead
+type=undead
+location=21,57,8,8
+level=3,7
+number=4,6
+
+[enemygroup]
+# 3-7 Undead
+type=undead
+location=42,40,4,36
+level=3,6
+number=3,7
+
+[enemygroup]
+# 3-7 Undead
+type=undead
+location=4,40,4,36
+level=3,6
+number=3,7
+
+[enemygroup]
+# 1-3 Undead
+type=undead
+location=14,31,22,22
+level=5,9
+number=1,3
+
diff --git a/mods/living_bones/maps/brothers_lair_ice_hall.txt b/mods/living_bones/maps/brothers_lair_ice_hall.txt
index a33dc3c7c5ebeea7f25937702ce16f4d8a7fcf72..53020aef62eee1ec0fdc8ba9158baad440a12d5c 100644
--- a/mods/living_bones/maps/brothers_lair_ice_hall.txt
+++ b/mods/living_bones/maps/brothers_lair_ice_hall.txt
@@ -1,14 +1,12 @@
 [header]
-title=Brothers' Ice Hall
 width=50
 height=80
-tileset=tileset_dungeon.txt
-location=28,76,3
 music=unrest_theme.ogg
+tileset=tileset_dungeon.txt
+title=Brothers' Lair Ice Hall
 
 [layer]
 type=background
-format=dec
 data=
 0,0,0,0,0,0,0,0,0,0,0,0,0,0,0,0,0,0,0,0,0,0,0,0,0,0,0,0,0,0,0,0,0,0,0,0,0,0,0,0,0,0,0,0,0,0,0,0,0,0,
 0,0,0,0,0,0,0,0,0,0,0,0,0,0,0,0,0,0,0,0,0,0,0,0,0,0,0,0,0,0,0,0,0,0,0,0,0,0,0,0,0,0,0,0,0,0,0,0,0,0,
@@ -93,7 +91,6 @@ data=
 
 [layer]
 type=object
-format=dec
 data=
 0,0,0,0,0,0,0,0,0,0,0,0,0,0,0,0,0,0,0,0,0,0,0,0,0,0,0,0,0,0,0,0,0,0,0,0,0,0,0,0,0,0,0,0,0,0,0,0,0,0,
 0,0,0,0,0,0,0,0,0,0,0,0,0,0,0,0,0,0,0,0,0,0,0,0,0,0,0,0,0,0,0,0,0,0,0,0,0,0,0,0,0,0,0,0,0,0,0,0,0,0,
@@ -178,7 +175,6 @@ data=
 
 [layer]
 type=collision
-format=dec
 data=
 3,3,3,3,3,3,3,3,3,3,3,3,3,3,3,3,3,3,3,3,3,3,3,3,3,3,3,3,3,3,3,3,3,3,3,3,3,3,3,3,3,3,3,3,3,3,3,3,3,3,
 3,3,3,3,3,3,3,3,3,3,3,3,3,3,3,3,3,3,3,3,3,3,3,3,3,3,3,3,3,3,3,3,3,3,3,3,3,3,3,3,3,3,3,3,3,3,3,3,3,3,
@@ -205,26 +201,26 @@ data=
 3,3,3,3,3,3,3,3,3,3,3,3,3,3,0,0,0,0,0,0,0,3,3,3,3,3,3,3,3,3,3,3,3,3,3,3,3,3,3,3,3,3,3,3,3,3,3,3,3,3,
 3,3,3,3,3,3,3,3,3,3,3,3,3,3,0,0,0,0,0,0,0,3,3,3,3,3,3,3,3,3,3,3,3,3,3,3,3,3,3,3,3,3,3,3,3,3,3,3,3,3,
 3,3,3,3,3,3,3,3,3,3,3,3,3,3,3,3,3,0,3,3,3,3,3,3,3,3,3,3,3,3,3,3,3,3,3,3,3,3,3,3,3,3,3,3,3,3,3,3,3,3,
-3,3,3,3,3,3,3,3,3,3,3,3,3,3,3,3,3,0,3,3,3,3,3,3,3,3,3,3,3,3,3,3,3,3,3,3,3,3,3,3,3,3,3,3,3,3,3,3,3,3,
-3,3,3,3,3,3,3,3,3,3,3,3,3,3,3,3,3,0,3,3,3,3,3,3,3,3,3,3,3,3,3,3,3,3,3,3,3,3,3,3,3,3,3,3,3,3,3,3,3,3,
-3,3,3,3,3,3,3,3,3,3,3,3,3,3,3,3,3,0,3,3,3,3,3,3,3,3,3,3,3,3,3,3,3,3,3,3,3,3,3,3,3,3,3,3,3,3,3,3,3,3,
-3,3,3,3,3,3,3,3,3,3,3,3,3,3,3,3,3,0,3,3,3,3,3,3,3,3,3,3,3,3,3,3,3,3,3,3,3,3,3,3,3,3,3,3,3,3,3,3,3,3,
-3,3,3,3,3,3,3,3,3,3,3,3,3,3,3,3,3,0,3,3,3,3,3,3,3,3,3,3,3,3,3,3,3,3,3,3,3,3,3,3,3,3,3,3,3,3,3,3,3,3,
-3,3,3,3,3,3,3,3,3,3,3,3,3,3,3,3,3,0,3,3,3,3,3,3,3,3,3,3,3,3,3,3,3,3,3,3,3,3,3,3,3,3,3,3,3,3,3,3,3,3,
-3,3,3,3,3,3,3,3,3,3,3,3,3,3,0,0,0,0,0,0,0,3,3,3,3,3,3,3,3,3,3,3,3,3,3,3,3,3,3,3,3,3,3,3,3,3,3,3,3,3,
-3,3,3,3,3,3,3,3,3,3,3,3,3,3,3,3,3,0,3,3,3,3,3,3,3,3,3,3,3,3,3,3,3,3,3,3,3,3,3,3,3,3,3,3,3,3,3,3,3,3,
-3,3,3,3,3,3,3,3,3,3,3,3,3,3,3,3,3,0,3,3,3,3,3,3,3,3,3,3,3,3,3,3,3,3,3,3,3,3,3,3,3,3,3,3,3,3,3,3,3,3,
-3,3,3,3,3,3,3,3,3,3,3,3,3,3,3,3,3,0,3,3,3,3,3,3,3,3,3,3,3,3,3,3,3,3,3,3,3,3,3,3,3,3,3,3,3,3,3,3,3,3,
-3,3,3,3,3,3,3,3,3,3,3,3,3,3,3,3,3,0,3,3,3,3,3,3,3,3,3,3,3,3,3,3,3,3,3,3,3,3,3,3,3,3,3,3,3,3,3,3,3,3,
-3,3,3,3,3,3,3,3,3,3,3,3,3,3,3,3,3,0,3,3,3,3,3,3,3,3,3,3,3,3,3,3,3,3,3,3,3,3,3,3,3,3,3,3,3,3,3,3,3,3,
-3,3,3,3,3,3,3,3,3,3,3,3,3,3,3,3,3,0,3,3,3,3,3,3,3,3,3,3,3,3,3,3,3,3,3,3,3,3,3,3,3,3,3,3,3,3,3,3,3,3,
-3,3,3,3,3,3,3,3,3,3,3,3,3,3,0,0,0,0,0,0,0,3,3,3,3,3,3,3,3,3,3,3,3,3,3,3,3,3,3,3,3,3,3,3,3,3,3,3,3,3,
-3,3,3,3,3,3,3,3,3,3,3,3,3,3,3,3,3,0,3,3,3,3,3,3,3,3,3,3,3,3,3,3,3,3,3,3,3,3,3,3,3,3,3,3,3,3,3,3,3,3,
-3,3,3,3,3,3,3,3,3,3,3,3,3,3,3,3,3,0,3,3,3,3,3,3,3,3,3,3,3,3,3,3,3,3,3,3,3,3,3,3,3,3,3,3,3,3,3,3,3,3,
-3,3,3,3,3,3,3,3,3,3,3,3,3,3,3,3,3,0,3,3,3,3,3,3,3,3,3,3,3,3,3,3,3,3,3,3,3,3,3,3,3,3,3,3,3,3,3,3,3,3,
-3,3,3,3,3,3,3,3,3,3,3,3,3,3,3,3,3,0,3,3,3,3,3,3,3,3,3,3,3,3,3,3,3,3,3,3,3,3,3,3,3,3,3,3,3,3,3,3,3,3,
-3,3,3,3,3,3,3,3,3,3,3,3,3,3,3,3,3,0,3,3,3,3,3,3,3,3,3,3,3,3,3,3,3,3,3,3,3,3,3,3,3,3,3,3,3,3,3,3,3,3,
-3,3,3,3,3,3,3,3,3,3,3,3,3,3,3,3,3,0,3,3,3,3,3,3,3,3,3,3,3,3,3,3,3,3,3,3,3,3,3,3,3,3,3,3,3,3,3,3,3,3,
+3,4,4,4,4,4,4,4,4,4,4,4,4,4,4,4,4,0,4,4,4,4,4,4,4,4,4,4,4,4,4,4,4,4,4,4,4,4,4,4,4,4,4,4,4,4,4,4,4,3,
+3,4,4,4,4,4,4,4,4,4,4,4,4,4,4,4,4,0,4,4,4,4,4,4,4,4,4,4,4,4,4,4,4,4,4,4,4,4,4,4,4,4,4,4,4,4,4,4,4,3,
+3,4,4,4,4,4,4,4,4,4,4,4,4,4,4,4,4,0,4,4,4,4,4,4,4,4,4,4,4,4,4,4,4,4,4,4,4,4,4,4,4,4,4,4,4,4,4,4,4,3,
+3,4,4,4,4,4,4,4,4,4,4,4,4,4,4,4,4,0,4,4,4,4,4,4,4,4,4,4,4,4,4,4,4,4,4,4,4,4,4,4,4,4,4,4,4,4,4,4,4,3,
+3,4,4,4,4,4,4,4,4,4,4,4,4,4,4,4,4,0,4,4,4,4,4,4,4,4,4,4,4,4,4,4,4,4,4,4,4,4,4,4,4,4,4,4,4,4,4,4,4,3,
+3,4,4,4,4,4,4,4,4,4,4,4,4,4,4,4,4,0,4,4,4,4,4,4,4,4,4,4,4,4,4,4,4,4,4,4,4,4,4,4,4,4,4,4,4,4,4,4,4,3,
+3,4,4,4,4,4,4,4,4,4,4,4,4,4,0,0,0,0,0,0,0,4,4,4,4,4,4,4,4,4,4,4,4,4,4,4,4,4,4,4,4,4,4,4,4,4,4,4,4,3,
+3,4,4,4,4,4,4,4,4,4,4,4,4,4,4,4,4,0,4,4,4,4,4,4,4,4,4,4,4,4,4,4,4,4,4,4,4,4,4,4,4,4,4,4,4,4,4,4,4,3,
+3,4,4,4,4,4,4,4,4,4,4,4,4,4,4,4,4,0,4,4,4,4,4,4,4,4,4,4,4,4,4,4,4,4,4,4,4,4,4,4,4,4,4,4,4,4,4,4,4,3,
+3,4,4,4,4,4,4,4,4,4,4,4,4,4,4,4,4,0,4,4,4,4,4,4,4,4,4,4,4,4,4,4,4,4,4,4,4,4,4,4,4,4,4,4,4,4,4,4,4,3,
+3,4,4,4,4,4,4,4,4,4,4,4,4,4,4,4,4,0,4,4,4,4,4,4,4,4,4,4,4,4,4,4,4,4,4,4,4,4,4,4,4,4,4,4,4,4,4,4,4,3,
+3,4,4,4,4,4,4,4,4,4,4,4,4,4,4,4,4,0,4,4,4,4,4,4,4,4,4,4,4,4,4,4,4,4,4,4,4,4,4,4,4,4,4,4,4,4,4,4,4,3,
+3,4,4,4,4,4,4,4,4,4,4,4,4,4,4,4,4,0,4,4,4,4,4,4,4,4,4,4,4,4,4,4,4,4,4,4,4,4,4,4,4,4,4,4,4,4,4,4,4,3,
+3,4,4,4,4,4,4,4,4,4,4,4,4,4,0,0,0,0,0,0,0,4,4,4,4,4,4,4,4,4,4,4,4,4,4,4,4,4,4,4,4,4,4,4,4,4,4,4,4,3,
+3,4,4,4,4,4,4,4,4,4,4,4,4,4,4,4,4,0,4,4,4,4,4,4,4,4,4,4,4,4,4,4,4,4,4,4,4,4,4,4,4,4,4,4,4,4,4,4,4,3,
+3,4,4,4,4,4,4,4,4,4,4,4,4,4,4,4,4,0,4,4,4,4,4,4,4,4,4,4,4,4,4,4,4,4,4,4,4,4,4,4,4,4,4,4,4,4,4,4,4,3,
+3,4,4,4,4,4,4,4,4,4,4,4,4,4,4,4,4,0,4,4,4,4,4,4,4,4,4,4,4,4,4,4,4,4,4,4,4,4,4,4,4,4,4,4,4,4,4,4,4,3,
+3,4,4,4,4,4,4,4,4,4,4,4,4,4,4,4,4,0,4,4,4,4,4,4,4,4,4,4,4,4,4,4,4,4,4,4,4,4,4,4,4,4,4,4,4,4,4,4,4,3,
+3,4,4,4,4,4,4,4,4,4,4,4,4,4,4,4,4,0,4,4,4,4,4,4,4,4,4,4,4,4,4,4,4,4,4,4,4,4,4,4,4,4,4,4,4,4,4,4,4,3,
+3,4,4,4,4,4,4,4,4,4,4,4,4,4,4,4,4,0,4,4,4,4,4,4,4,4,4,4,4,4,4,4,4,4,4,4,4,4,4,4,4,4,4,4,4,4,4,4,4,3,
 3,3,3,3,3,3,3,3,3,3,3,3,3,3,1,1,1,1,1,1,1,1,1,1,1,1,3,3,3,3,3,3,3,3,3,3,3,3,3,3,3,3,3,3,3,3,3,3,3,3,
 3,3,3,3,3,3,3,3,3,3,3,3,3,3,1,0,2,0,2,0,0,0,0,0,0,1,3,3,3,3,3,3,3,3,3,3,3,3,3,3,3,3,3,3,3,3,3,3,3,3,
 3,3,3,3,3,3,1,1,1,1,1,1,1,1,1,0,0,0,0,0,0,0,0,0,0,1,1,1,1,1,1,1,1,1,3,3,3,3,3,3,3,3,3,3,3,3,3,3,3,3,
@@ -262,6 +258,96 @@ data=
 3,3,3,3,3,3,3,3,3,3,3,3,3,3,3,3,3,3,3,3,3,3,3,3,3,3,3,3,3,3,3,3,3,3,3,3,3,3,3,3,3,3,3,3,3,3,3,3,3,3
 
 [event]
+# Warp to Atrium
 type=teleport
 location=48,70,1,2
 intermap=brothers_lair_atrium.txt,3,13
+
+[event]
+# Bookcase Door
+type=run_once
+location=17,45,1,1
+hotspot=-32,-84,64,100
+mapmod=collision,17,45,0
+shakycam=20
+sound=soundfx/powers/quake.ogg
+tooltip=Suspicious Bookcase
+
+[event]
+# Lore: Plotting
+type=run_always
+location=18,46,1,1
+hotspot=-16,-48,32,56
+mapmod=object,18,46,165
+msg="When we could no longer stand the idiotic practices of our master, I hatched a plan to kill him. My brothers agreed the deed had to be done."
+soundfx=soundfx/inventory/inventory_page.ogg
+tooltip=Book Stand
+
+[event]
+# Lore: The Trap
+type=run_always
+location=16,46,1,1
+hotspot=-16,-48,32,56
+mapmod=object,16,46,165
+msg="In accordance with our plan, G. asked the old fool to teach him about the preparation of corpses in the later stages of decay. Naturally, the corpse in question was a cleverly disguised bomb made by V."
+soundfx=soundfx/inventory/inventory_page.ogg
+tooltip=Book Stand
+
+[event]
+# Lore: Under the Wing
+type=run_always
+location=25,60,1,1
+hotspot=-32,-84,64,100
+msg="My brothers and I wandered around for a few days. In an incredible stroke of luck, we encountered a master necromancer who, seeing the marks of banishment on our foreheads, took us as his apprentices."
+soundfx=soundfx/inventory/inventory_page.ogg
+tooltip=Bookcase
+
+[event]
+# Lore: Outgrowing
+type=run_always
+location=30,48,1,1
+hotspot=-16,-48,32,56
+mapmod=object,30,48,165
+msg="We grew swiftly under the tutelage of the necromancer. The more we learned, the more we realized we could do better than the short-sighted git."
+soundfx=soundfx/inventory/inventory_page.ogg
+tooltip=Book Stand
+
+[event]
+# Lore: Academy
+type=run_always
+location=7,51,1,1
+hotspot=-16,-48,32,56
+mapmod=object,7,51,164
+msg="My brothers V. and G. used to go to a wizard's academy with me. We were top students until one day V. killed another student in a spontaneous fit of rage."
+soundfx=soundfx/inventory/inventory_page.ogg
+tooltip=Book Stand
+
+[event]
+# Lore: Outcast
+type=run_always
+location=17,71,1,1
+hotspot=-16,-48,32,56
+mapmod=object,17,71,164
+msg="Naturally, V. was expelled for his crime. It was foolish of us, but G. and I decided to defend our brother. We were expelled too. The wizards magically marked us with a sign of banishment on our foreheads so that no wizard would dare teach us."
+soundfx=soundfx/inventory/inventory_page.ogg
+tooltip=Book Stand
+
+[event]
+# Lore: A Step Further
+type=run_always
+location=16,10,1,1
+hotspot=-16,-48,32,56
+mapmod=object,16,10,165
+msg="It's days like today that make me wonder if I should go a step further and eliminate V. and G. too... they're getting on my nerves."
+soundfx=soundfx/inventory/inventory_page.ogg
+tooltip=Book Stand
+
+[event]
+# Scathelocke's Diary
+type=run_once
+location=18,10,1,1
+hotspot=-16,-48,32,56
+mapmod=object,18,10,165
+msg=The last entry in this diary is signed: "Scathelocke"
+tooltip=Book Stand
+
diff --git a/mods/living_bones/maps/brothers_lair_wind_hall.txt b/mods/living_bones/maps/brothers_lair_wind_hall.txt
index 291fab18c0a78c98d1d8ca617ed687b15f57a639..2294e25cf3531ade879be4f678b4d81bbb94542c 100644
--- a/mods/living_bones/maps/brothers_lair_wind_hall.txt
+++ b/mods/living_bones/maps/brothers_lair_wind_hall.txt
@@ -98,7 +98,7 @@ data=
 0,0,0,0,0,64,0,0,0,75,76,72,167,0,0,0,0,0,0,0,0,0,0,150,0,150,0,150,0,0,91,95,0,0,0,0,0,0,0,0,
 0,0,0,0,0,64,0,0,0,66,0,64,0,0,0,0,0,0,0,0,0,0,0,0,0,0,0,0,0,0,82,0,0,0,0,0,0,0,0,0,
 0,0,0,0,0,64,0,0,0,66,0,68,0,0,0,0,0,0,0,0,0,0,0,0,0,0,0,0,0,0,82,0,0,0,0,0,0,0,0,0,
-0,0,0,0,0,64,0,0,0,66,0,76,71,83,88,0,0,0,0,91,83,83,88,0,0,0,0,82,83,83,95,0,0,0,0,0,0,0,0,0,
+0,0,0,0,0,64,0,0,0,66,0,76,71,83,88,0,0,0,0,91,83,83,88,0,0,0,0,91,83,83,95,0,0,0,0,0,0,0,0,0,
 0,0,0,0,0,64,0,0,0,66,0,0,0,0,92,83,83,83,83,95,0,0,92,83,83,83,83,95,0,0,0,0,0,0,0,0,0,0,0,0,
 0,0,0,0,0,64,0,0,0,66,0,0,0,0,0,0,0,0,0,0,0,0,0,0,0,0,0,0,0,0,0,0,0,0,0,0,0,0,0,0,
 0,0,77,69,65,73,0,0,0,74,65,69,78,0,0,0,0,0,0,0,0,0,0,0,0,0,0,0,0,0,0,0,0,0,0,0,0,0,0,0,
@@ -124,7 +124,7 @@ data=
 3,3,3,3,3,3,3,3,3,3,3,3,3,3,3,3,3,3,3,3,3,3,3,3,3,3,3,3,3,3,1,0,0,0,2,0,0,1,3,3,
 3,3,3,3,3,3,3,3,3,3,3,3,3,3,3,3,3,3,3,3,3,3,3,3,3,3,3,3,3,3,1,0,2,0,2,0,2,1,3,3,
 3,3,3,3,3,3,3,3,3,3,3,3,3,3,3,3,3,3,3,3,3,3,3,3,3,3,3,3,3,3,1,2,0,0,0,0,0,1,3,3,
-3,3,3,3,3,3,3,3,3,3,3,3,3,3,3,3,3,3,3,3,3,3,3,3,3,3,3,3,3,3,1,0,0,0,0,0,2,1,3,3,
+3,3,3,3,3,3,3,3,3,3,3,3,3,3,3,3,3,3,3,3,3,3,3,3,3,3,3,3,3,3,1,2,0,0,0,0,2,1,3,3,
 3,3,3,3,3,3,3,3,3,3,3,3,3,3,3,3,3,3,3,3,3,3,3,1,1,1,1,1,1,1,1,0,0,0,0,0,0,1,3,3,
 3,3,3,3,3,3,3,3,3,3,3,3,3,3,3,3,3,3,3,3,3,3,3,1,0,0,0,0,0,0,0,0,0,0,0,0,0,1,3,3,
 3,3,3,3,3,3,3,3,3,3,3,3,3,3,3,3,3,3,3,3,3,3,3,1,0,0,0,0,0,0,0,0,0,0,0,0,0,1,3,3,
@@ -274,3 +274,124 @@ type=teleport
 location=2,18,1,2
 intermap=brothers_lair_atrium.txt,26,14
 
+[event]
+# Storage Room Clue Book
+type=run_always
+location=31,8,1,1
+hotspot=-16,-48,32,56
+mapmod=object,31,8,164
+msg="People used to ask me why I use a sword rather than a wand. It never occurs to them that the metal blade can conduct and channel lightning as well as (or better than!) any enchanted twig. ~Grisbon"
+soundfx=soundfx/inventory/inventory_page.ogg
+tooltip=Diary
+
+[event]
+# Crate
+type=run_once
+location=31,15,1,1
+hotspot=-16,-30,32,36
+loot=random,31,14,6
+mapmod=object,31,15,163
+soundfx=soundfx/wood_open.ogg
+tooltip=Crate
+
+[event]
+# Crate
+type=run_once
+location=36,14,1,1
+hotspot=-16,-30,32,36
+loot=random,35,13,7
+mapmod=object,36,14,163
+soundfx=soundfx/wood_open.ogg
+tooltip=Crate
+
+[event]
+# Crate
+type=run_once
+location=11,46,1,1
+hotspot=-16,-30,32,36
+loot=random,11,45,8
+mapmod=object,11,46,163
+soundfx=soundfx/wood_open.ogg
+tooltip=Crate
+
+[event]
+# Crate
+type=run_once
+location=3,46,1,1
+hotspot=-16,-30,32,36
+loot=random,4,45,6
+mapmod=object,3,46,163
+soundfx=soundfx/wood_open.ogg
+tooltip=Crate
+
+[event]
+# Barrel
+type=run_once
+location=3,45,1,1
+hotspot=-16,-36,32,44
+loot=random,3,44,7
+mapmod=object,3,45,162
+soundfx=soundfx/wood_open.ogg
+tooltip=Barrel
+
+[event]
+# Barrel
+type=run_once
+location=4,46,1,1
+hotspot=-16,-36,32,44
+loot=random,5,46,7
+mapmod=object,4,46,162
+soundfx=soundfx/wood_open.ogg
+tooltip=Barrel
+
+[event]
+# Barrel
+type=run_once
+location=10,46,1,1
+hotspot=-16,-36,32,44
+loot=random,9,46,7
+mapmod=object,10,46,162
+soundfx=soundfx/wood_open.ogg
+tooltip=Barrel
+
+[event]
+# Barrel
+type=run_once
+location=11,44,1,1
+hotspot=-16,-36,32,44
+loot=random,10,44,8
+mapmod=object,11,44,162
+soundfx=soundfx/wood_open.ogg
+tooltip=Barrel
+
+[event]
+# Barrel
+type=run_once
+location=36,15,1,1
+hotspot=-16,-36,32,44
+loot=random,35,14,6
+mapmod=object,36,15,162
+soundfx=soundfx/wood_open.ogg
+tooltip=Barrel
+
+[enemygroup]
+# 4-5 Undead
+type=undead
+location=3,40,9,7
+level=4,7
+number=4,5
+
+[enemygroup]
+# 1-3 Undead
+type=undead
+location=12,27,18,9
+level=4,7
+number=1,3
+
+[enemygroup]
+# 1-3 Undead
+type=undead
+location=21,18,9,18
+level=4,7
+number=1,3
+
diff --git a/mods/living_bones/maps/cave_of_living_bones2.txt b/mods/living_bones/maps/cave_of_living_bones2.txt
index fda8f77f670d18b252d92fcd51497140b91f4b79..5f7b7441c0697d67f7dce3d13aaccbdf10924238 100644
--- a/mods/living_bones/maps/cave_of_living_bones2.txt
+++ b/mods/living_bones/maps/cave_of_living_bones2.txt
@@ -1,14 +1,12 @@
 [header]
-title=Cave of Living Bones 2
 width=80
 height=80
-tileset=tileset_cave.txt
-location=4,12,5
 music=cave_theme.ogg
+tileset=tileset_cave.txt
+title=Cave of Living Bones 2
 
 [layer]
 type=background
-format=dec
 data=
 0,0,0,0,0,0,0,0,0,0,0,0,0,0,0,0,0,0,0,0,0,0,0,0,0,0,0,0,0,0,0,0,0,0,0,0,0,0,0,0,0,0,0,0,0,0,0,0,0,0,0,0,0,0,0,0,0,0,0,0,0,0,0,0,0,0,0,0,0,0,0,0,0,0,0,0,0,0,0,0,
 0,0,0,0,0,0,0,0,0,0,0,0,0,0,0,0,0,0,0,0,0,0,0,0,0,0,0,0,0,0,0,0,0,0,0,0,0,0,0,0,0,0,0,0,0,0,0,0,0,0,0,0,0,0,0,0,0,0,0,0,0,0,0,0,0,0,0,0,0,0,0,0,0,0,0,0,0,0,0,0,
@@ -93,7 +91,6 @@ data=
 
 [layer]
 type=object
-format=dec
 data=
 0,0,0,0,0,0,0,0,0,0,0,0,0,0,0,0,0,0,0,0,0,0,0,0,0,0,0,0,0,0,0,0,0,0,0,0,0,0,0,0,0,0,0,0,0,0,0,0,0,0,0,0,0,0,0,0,0,0,0,0,0,0,0,0,0,0,0,0,0,0,0,0,0,0,0,0,0,0,0,0,
 0,0,0,0,0,0,0,0,0,0,0,0,0,0,0,0,0,0,0,0,0,0,0,0,0,0,0,0,0,0,0,0,0,0,0,0,0,0,0,0,0,0,0,0,0,0,0,0,0,0,0,0,0,0,0,0,0,0,0,0,0,0,0,0,0,0,0,0,0,0,0,0,0,0,0,0,0,0,0,0,
@@ -114,20 +111,20 @@ data=
 0,0,0,0,0,0,0,0,0,0,0,0,0,0,0,0,0,102,69,80,0,0,0,0,0,0,0,0,0,0,0,0,0,0,0,0,144,151,0,0,0,0,0,0,0,0,0,0,0,0,0,0,0,0,0,0,0,132,82,74,0,0,0,0,0,0,0,0,0,0,0,0,0,0,0,0,0,0,0,0,
 0,0,0,0,0,0,0,0,0,0,0,0,0,0,0,0,72,115,134,0,0,0,0,0,0,0,0,0,0,0,0,0,0,0,0,0,0,0,0,0,0,0,0,0,0,0,0,0,0,0,0,0,0,0,0,0,0,0,81,113,113,65,69,77,0,0,0,0,0,0,0,0,0,0,0,0,0,0,0,0,
 0,0,0,0,0,0,0,0,0,0,0,0,0,0,0,0,112,132,133,0,0,0,0,0,0,0,0,0,0,0,0,0,0,0,0,0,0,0,0,0,0,152,0,0,0,0,0,0,0,0,0,0,0,0,0,0,0,0,0,135,132,132,0,70,0,0,0,0,0,0,0,0,0,0,0,0,0,0,0,0,
-0,0,0,0,0,0,0,0,0,0,0,0,0,0,0,0,75,83,134,0,0,0,0,0,0,0,0,0,0,0,0,0,0,0,0,0,0,0,0,0,0,0,0,0,0,0,0,0,0,0,0,0,0,0,0,0,0,0,0,0,0,0,0,66,0,0,0,0,0,0,0,0,0,0,0,0,0,0,0,0,
-0,0,0,0,0,0,0,0,0,0,0,0,0,0,0,114,69,80,0,0,0,0,0,0,0,0,0,0,0,0,0,0,0,0,0,0,0,0,0,0,0,0,0,0,0,0,0,0,0,0,0,0,0,0,0,0,0,0,0,0,0,0,0,66,0,0,0,0,0,0,0,0,0,0,0,0,0,0,0,0,
-0,0,0,0,0,0,0,0,0,0,0,0,0,0,72,115,134,132,0,0,0,0,0,0,0,0,0,0,0,0,0,0,0,0,0,0,0,0,0,0,0,0,0,0,0,0,0,0,0,0,0,0,0,0,0,0,0,0,0,0,0,0,0,81,77,0,0,0,0,0,0,0,0,0,0,0,0,0,0,0,
-0,0,0,0,0,0,0,0,0,0,0,0,0,114,115,0,0,0,0,0,0,0,0,0,0,0,0,0,0,0,0,0,0,0,0,0,0,0,0,0,0,0,0,0,0,0,0,0,0,0,0,0,0,0,0,0,0,0,0,0,0,0,0,0,70,0,0,0,0,0,0,0,0,0,0,0,0,0,0,0,
-0,0,0,0,0,0,0,0,0,0,0,0,72,115,134,0,0,0,0,0,0,0,0,0,0,0,0,0,0,0,0,0,0,0,0,0,0,0,0,0,0,0,0,0,0,0,0,0,0,0,0,0,0,0,0,0,0,0,0,0,0,0,0,0,81,113,77,0,0,0,0,0,0,0,0,0,0,0,0,0,
-0,0,0,0,0,0,0,0,0,0,0,0,112,135,134,0,0,0,0,0,0,0,0,0,0,0,0,0,0,0,0,0,0,0,0,0,0,0,0,0,0,0,0,0,0,0,0,0,0,0,0,0,0,0,0,0,0,0,0,0,0,0,0,0,0,132,81,77,0,0,0,0,0,0,0,0,0,0,0,0,
+0,0,0,0,0,0,0,0,0,0,0,0,0,0,0,0,75,83,134,0,0,0,0,0,0,0,0,0,0,0,0,0,0,0,0,0,0,0,0,0,0,0,0,144,0,0,0,0,0,0,0,0,0,0,0,0,0,0,0,0,0,0,0,66,0,0,0,0,0,0,0,0,0,0,0,0,0,0,0,0,
+0,0,0,0,0,0,0,0,0,0,0,0,0,0,0,114,69,80,0,0,0,0,0,0,0,0,0,0,0,0,0,0,0,0,0,0,0,0,0,0,0,0,132,151,0,0,0,0,0,0,0,0,0,0,0,0,0,0,0,0,0,0,0,66,0,0,0,0,0,0,0,0,0,0,0,0,0,0,0,0,
+0,0,0,0,0,0,0,0,0,0,0,0,0,0,72,115,134,132,0,0,0,0,0,0,0,0,0,0,0,0,0,0,0,0,0,0,0,0,0,0,0,0,0,152,0,0,0,0,0,0,0,0,0,0,0,0,0,0,0,0,0,0,0,81,77,0,0,0,0,0,0,0,0,0,0,0,0,0,0,0,
+0,0,0,0,0,0,0,0,0,0,0,0,0,114,115,0,0,0,0,0,0,0,0,0,0,0,0,0,0,0,0,0,0,0,0,0,0,0,0,0,0,0,0,146,151,0,0,0,0,0,0,0,0,0,0,0,0,0,0,0,0,0,0,0,70,0,0,0,0,0,0,0,0,0,0,0,0,0,0,0,
+0,0,0,0,0,0,0,0,0,0,0,0,72,115,134,0,0,0,0,0,0,0,0,0,0,0,0,0,0,0,0,0,0,0,0,0,0,0,0,0,0,0,0,0,152,134,0,0,0,0,0,0,0,0,0,0,0,0,0,0,0,0,0,0,81,113,77,0,0,0,0,0,0,0,0,0,0,0,0,0,
+0,0,0,0,0,0,0,0,0,0,0,0,112,135,134,0,0,0,0,0,0,0,0,0,0,0,0,0,0,0,0,0,0,0,0,0,0,0,0,0,0,0,0,0,0,151,0,0,0,0,0,0,0,0,0,0,0,0,0,0,0,0,0,0,0,132,81,77,0,0,0,0,0,0,0,0,0,0,0,0,
 0,0,0,0,0,0,0,0,0,0,0,0,64,132,0,0,0,0,0,0,0,0,0,0,0,0,0,0,0,0,0,0,0,0,0,0,0,0,0,0,0,0,0,0,0,54,52,0,0,82,87,0,0,0,0,0,0,0,0,0,0,0,0,0,0,0,0,70,0,0,0,0,0,0,0,0,0,0,0,0,
 0,0,0,0,0,0,0,0,0,0,0,0,75,83,0,0,0,0,0,0,0,0,0,0,0,0,0,0,0,0,0,0,0,0,0,0,0,0,0,0,0,0,0,0,55,48,53,0,0,85,80,0,0,0,0,0,0,0,0,0,0,0,0,0,0,0,0,66,0,0,0,0,0,0,0,0,0,0,0,0,
 0,0,0,0,0,0,0,0,0,0,0,0,0,75,83,0,0,0,0,0,0,0,0,0,0,0,0,0,0,0,0,0,0,0,0,0,0,0,0,0,0,0,0,0,0,0,0,0,0,0,0,0,0,0,0,0,0,0,0,0,0,0,0,0,0,0,82,74,0,0,0,0,0,0,0,0,0,0,0,0,
 0,0,0,0,0,0,0,0,0,0,0,0,0,0,68,0,0,0,0,0,0,0,0,0,0,0,0,0,0,0,0,0,0,0,0,0,0,0,0,0,0,0,0,0,0,0,0,0,50,52,0,0,0,0,0,0,0,0,0,0,0,0,0,0,0,0,66,0,0,0,0,0,0,0,0,0,0,0,0,0,
-0,0,0,0,0,0,0,0,0,0,0,0,0,0,75,83,0,0,0,0,0,0,0,0,0,0,0,0,0,0,0,0,0,0,0,0,0,0,0,0,0,0,0,0,82,83,54,0,148,0,0,0,0,0,0,0,0,0,0,0,0,0,0,0,0,0,81,77,0,0,0,0,0,0,0,0,0,0,0,0,
+0,0,0,0,0,0,0,0,0,0,0,0,0,0,75,83,0,0,0,0,0,0,0,0,0,0,0,0,0,0,0,0,0,0,0,0,0,0,0,0,0,0,0,0,82,83,54,0,148,134,0,0,0,0,0,0,0,0,0,0,0,0,0,0,0,0,81,77,0,0,0,0,0,0,0,0,0,0,0,0,
 0,0,0,0,0,0,0,0,0,0,0,0,0,0,0,64,0,0,0,0,0,0,0,0,0,0,0,0,0,0,0,0,0,0,0,0,0,0,0,0,0,0,0,86,74,100,53,52,144,146,0,0,0,0,0,0,0,0,0,0,0,0,0,0,0,0,0,81,77,0,0,0,0,0,0,0,0,0,0,0,
 0,0,0,0,0,0,0,0,0,0,0,0,0,0,0,112,135,0,0,0,0,0,0,0,0,0,0,0,0,0,0,0,0,0,0,0,0,0,0,0,0,0,0,85,69,80,51,0,0,0,0,0,0,0,0,0,0,0,0,0,0,0,0,0,0,0,0,132,70,0,0,0,0,0,0,0,0,0,0,0,
-0,0,0,0,0,0,0,0,0,0,0,0,0,0,0,75,83,132,0,0,0,0,0,0,0,0,0,0,0,0,0,0,0,0,0,0,0,0,0,0,0,0,0,0,0,0,55,0,0,0,0,0,0,0,0,0,0,0,0,0,0,0,0,0,0,0,0,0,81,77,0,0,0,0,0,0,0,0,0,0,
+0,0,0,0,0,0,0,0,0,0,0,0,0,0,0,75,83,132,0,0,0,0,0,0,0,0,0,0,0,0,0,0,0,0,0,0,0,0,0,0,0,0,0,0,0,132,55,0,0,0,0,0,0,0,0,0,0,0,0,0,0,0,0,0,0,0,0,0,81,77,0,0,0,0,0,0,0,0,0,0,
 0,0,0,0,0,0,0,0,0,0,0,0,0,0,0,0,112,134,0,0,0,0,0,0,0,0,0,0,0,0,0,0,0,0,0,0,0,0,0,0,0,0,0,0,0,0,0,49,54,0,0,0,0,0,0,0,0,0,0,0,0,0,0,0,0,0,0,0,134,81,77,0,0,0,0,0,0,0,0,0,
 0,0,0,0,0,0,72,69,77,0,0,0,0,0,0,0,75,83,0,0,0,0,0,0,0,0,0,0,0,0,0,0,0,0,0,0,0,0,0,0,0,0,0,0,0,0,0,0,0,53,0,0,0,0,0,0,0,0,0,0,0,0,0,0,0,0,0,0,132,133,81,77,0,0,0,0,0,0,0,0,
 0,0,65,105,65,101,80,0,81,69,77,0,0,0,0,72,69,80,133,0,0,0,0,0,0,0,0,0,0,0,0,0,0,0,0,0,0,0,0,0,0,0,0,0,0,0,0,0,0,0,0,0,0,0,0,0,0,0,0,0,0,0,0,0,0,0,0,0,0,0,0,66,0,0,0,0,0,0,0,0,
@@ -178,7 +175,6 @@ data=
 
 [layer]
 type=collision
-format=dec
 data=
 3,3,3,3,3,3,3,3,3,3,3,3,3,3,3,3,3,3,3,3,3,3,3,3,3,3,3,3,3,3,3,3,3,3,3,3,3,3,3,3,3,3,3,3,3,3,3,3,3,3,3,3,3,3,3,3,3,3,3,3,3,3,3,3,3,3,3,3,3,3,3,3,3,3,3,3,3,3,3,3,
 3,3,3,3,3,3,3,3,3,3,3,3,3,3,3,3,3,3,3,3,3,3,3,3,3,3,3,3,3,3,3,3,3,3,3,3,3,3,3,3,3,3,3,3,3,3,3,3,3,3,3,3,3,3,3,3,3,3,3,3,3,3,3,3,3,3,3,3,3,3,3,3,3,3,3,3,3,3,3,3,
@@ -200,11 +196,11 @@ data=
 3,3,3,3,3,3,3,3,3,3,3,3,3,3,3,3,1,1,2,2,2,2,2,2,2,2,2,2,2,2,2,2,2,2,2,0,0,0,0,0,0,0,0,0,2,2,2,2,2,2,2,2,2,2,2,2,2,2,1,1,1,1,1,1,3,3,3,3,3,3,3,3,3,3,3,3,3,3,3,3,
 3,3,3,3,3,3,3,3,3,3,3,3,3,3,3,3,1,2,2,2,2,2,2,2,2,2,2,2,2,2,2,2,2,2,2,2,0,0,0,0,0,2,0,2,2,2,2,2,2,2,2,2,2,2,2,2,2,2,2,2,2,2,2,1,3,3,3,3,3,3,3,3,3,3,3,3,3,3,3,3,
 3,3,3,3,3,3,3,3,3,3,3,3,3,3,3,3,1,1,2,2,2,2,2,2,2,2,2,2,2,2,2,2,2,2,2,2,2,2,2,0,0,0,0,2,2,2,2,2,2,2,2,2,2,2,2,2,2,2,2,2,2,2,2,1,3,3,3,3,3,3,3,3,3,3,3,3,3,3,3,3,
-3,3,3,3,3,3,3,3,3,3,3,3,3,3,3,1,1,1,2,2,2,2,2,2,2,2,2,2,2,2,2,2,2,2,2,2,2,2,2,2,2,2,2,2,2,2,2,2,2,2,2,2,2,2,2,2,2,2,2,2,2,2,2,1,3,3,3,3,3,3,3,3,3,3,3,3,3,3,3,3,
-3,3,3,3,3,3,3,3,3,3,3,3,3,3,1,1,2,2,2,2,2,2,2,2,2,2,2,2,2,2,2,2,2,2,2,2,2,2,2,2,2,2,2,2,2,2,2,2,2,2,2,2,2,2,2,2,2,2,2,2,2,2,2,1,1,3,3,3,3,3,3,3,3,3,3,3,3,3,3,3,
-3,3,3,3,3,3,3,3,3,3,3,3,3,1,1,2,2,2,2,2,2,2,2,2,2,2,2,2,2,2,2,2,2,2,2,2,2,2,2,2,2,2,2,2,2,2,2,2,2,2,2,2,2,2,2,2,2,2,2,2,2,2,2,2,1,3,3,3,3,3,3,3,3,3,3,3,3,3,3,3,
-3,3,3,3,3,3,3,3,3,3,3,1,1,1,2,2,2,2,2,2,2,2,2,2,2,2,2,2,2,2,2,2,2,2,2,2,2,2,2,2,2,2,2,2,2,2,2,2,2,2,2,2,2,2,2,2,2,2,2,2,2,2,2,2,1,1,1,3,3,3,3,3,3,3,3,3,3,3,3,3,
-3,3,3,3,3,3,3,3,3,3,3,1,1,2,2,2,2,2,2,2,2,2,2,2,2,2,2,2,2,2,2,2,2,2,2,2,2,2,2,2,2,2,2,2,2,2,2,2,2,2,2,2,2,2,2,2,2,2,2,2,2,2,2,2,2,2,1,1,3,3,3,3,3,3,3,3,3,3,3,3,
+3,3,3,3,3,3,3,3,3,3,3,3,3,3,3,1,1,1,2,2,2,2,2,2,2,2,2,2,2,2,2,2,2,2,2,2,2,2,2,2,2,2,2,0,2,2,2,2,2,2,2,2,2,2,2,2,2,2,2,2,2,2,2,1,3,3,3,3,3,3,3,3,3,3,3,3,3,3,3,3,
+3,3,3,3,3,3,3,3,3,3,3,3,3,3,1,1,2,2,2,2,2,2,2,2,2,2,2,2,2,2,2,2,2,2,2,2,2,2,2,2,2,2,2,0,2,2,2,2,2,2,2,2,2,2,2,2,2,2,2,2,2,2,2,1,1,3,3,3,3,3,3,3,3,3,3,3,3,3,3,3,
+3,3,3,3,3,3,3,3,3,3,3,3,3,1,1,2,2,2,2,2,2,2,2,2,2,2,2,2,2,2,2,2,2,2,2,2,2,2,2,2,2,2,2,2,0,2,2,2,2,2,2,2,2,2,2,2,2,2,2,2,2,2,2,2,1,3,3,3,3,3,3,3,3,3,3,3,3,3,3,3,
+3,3,3,3,3,3,3,3,3,3,3,1,1,1,2,2,2,2,2,2,2,2,2,2,2,2,2,2,2,2,2,2,2,2,2,2,2,2,2,2,2,2,2,2,0,2,2,2,2,2,2,2,2,2,2,2,2,2,2,2,2,2,2,2,1,1,1,3,3,3,3,3,3,3,3,3,3,3,3,3,
+3,3,3,3,3,3,3,3,3,3,3,1,1,2,2,2,2,2,2,2,2,2,2,2,2,2,2,2,2,2,2,2,2,2,2,2,2,2,2,2,2,2,2,2,2,0,2,2,2,2,2,2,2,2,2,2,2,2,2,2,2,2,2,2,2,2,1,1,3,3,3,3,3,3,3,3,3,3,3,3,
 3,3,3,3,3,3,3,3,3,3,3,3,1,2,2,2,2,2,2,2,2,2,2,2,2,2,2,2,2,2,2,2,2,2,2,2,2,2,2,2,2,2,2,2,2,0,0,2,2,1,1,2,2,2,2,2,2,2,2,2,2,2,2,2,2,2,2,1,3,3,3,3,3,3,3,3,3,3,3,3,
 3,3,3,3,3,3,3,3,3,3,3,3,1,1,2,2,2,2,2,2,2,2,2,2,2,2,2,2,2,2,2,2,2,2,2,2,2,2,2,2,2,2,2,2,0,0,0,2,2,1,1,2,2,2,2,2,2,2,2,2,2,2,2,2,2,2,2,1,3,3,3,3,3,3,3,3,3,3,3,3,
 3,3,3,3,3,3,3,3,3,3,3,3,3,1,1,2,2,2,2,2,2,2,2,2,2,2,2,2,2,2,2,2,2,2,2,2,2,2,2,2,2,2,2,2,2,2,0,2,2,2,2,2,2,2,2,2,2,2,2,2,2,2,2,2,2,2,1,1,3,3,3,3,3,3,3,3,3,3,3,3,
@@ -262,35 +258,78 @@ data=
 3,3,3,3,3,3,3,3,3,3,3,3,3,3,3,3,3,3,3,3,3,3,3,3,3,3,3,3,3,3,3,3,3,3,3,3,3,3,3,3,3,3,3,3,3,3,3,3,3,3,3,3,3,3,3,3,3,3,3,3,3,3,3,3,3,3,3,3,3,3,3,3,3,3,3,3,3,3,3,3
 
 [event]
+# Warp to Cave 1
 type=teleport
 location=36,75,3,1
 intermap=cave_of_living_bones1.txt,33,3
 
 [event]
+# Warp to Cave 3
 type=teleport
 location=2,36,1,4
 intermap=cave_of_living_bones3.txt,47,19
 
 [event]
+# Warp to Atrium
 type=teleport
 location=32,3,1,1
 intermap=brothers_lair_atrium.txt,15,46
 
+[event]
+# Barrel
+type=run_once
+location=46,4,1,1
+hotspot=-16,-36,32,44
+loot=random,46,5,7
+mapmod=object,46,4,178
+soundfx=soundfx/wood_open.ogg
+tooltip=Barrel
+
+[event]
+# Crate
+type=run_once
+location=48,5,1,1
+hotspot=-16,-30,32,36
+loot=random,48,6,6
+mapmod=object,48,5,179
+soundfx=soundfx/wood_open.ogg
+tooltip=Crate
+
+[event]
+# Crate
+type=run_once
+location=19,44,1,1
+hotspot=-16,-30,32,36
+loot=random,20,44,6
+mapmod=object,19,44,179
+soundfx=soundfx/wood_open.ogg
+tooltip=Crate
+
 [enemygroup]
+# 6-10 Undead
 type=undead
+location=35,46,10,11
 level=3,6
-number=5,10
-location=33,48,10,10
+number=6,10
 
 [enemygroup]
+# 5-8 Undead
 type=undead
+location=45,42,10,8
 level=3,6
-number=5,10
-location=44,45,10,10
+number=5,8
 
 [enemygroup]
+# 5-8 Undead
 type=undead
+location=27,45,8,8
 level=3,6
-number=5,10
-location=23,42,10,10
+number=5,8
+
+[enemygroup]
+# 5-6 Undead
+type=undead
+location=37,12,7,8
+level=4,7
+number=5,6
 
diff --git a/tiled/averguard_plains.tmx b/tiled/averguard_plains.tmx
index b0a635af3719380415d62d167b0b59ff815f4c47..e48918c4d37bc4e960d216b78e1bf88b60aeb1a6 100644
--- a/tiled/averguard_plains.tmx
+++ b/tiled/averguard_plains.tmx
@@ -1,5 +1,10 @@
 <?xml version="1.0" encoding="UTF-8"?>
 <map version="1.0" orientation="isometric" width="64" height="100" tilewidth="64" tileheight="32">
+ <properties>
+  <property name="music" value="unrest_theme.ogg"/>
+  <property name="tileset" value="tileset_grassland.txt"/>
+  <property name="title" value="Averguard Plains"/>
+ </properties>
  <tileset firstgid="1" name="collision" tilewidth="64" tileheight="32">
   <image source="grassland/tiled_collision.png" width="960" height="32"/>
  </tileset>
@@ -129,7 +134,7 @@
 94,95,92,93,94,94,95,92,93,94,94,95,92,93,94,94,95,92,93,94,94,95,92,93,94,94,95,92,93,94,56,64,0,127,0,0,0,0,0,0,0,125,65,49,57,56,49,53,57,94,95,92,93,56,64,0,0,118,0,65,57,94,95,92,
 82,83,80,81,82,82,83,80,81,82,82,83,80,81,82,82,83,80,81,56,49,53,49,49,53,53,57,80,81,82,48,0,0,0,0,0,0,0,0,0,0,0,0,0,65,64,0,0,65,49,57,80,81,48,0,0,0,0,31,26,50,82,83,80,
 86,87,84,85,86,86,87,84,85,86,86,87,84,85,86,86,87,56,49,64,0,0,0,0,0,0,65,49,57,56,64,0,127,0,125,0,0,0,0,0,0,0,0,0,0,0,0,0,0,127,65,53,49,64,0,0,0,0,17,221,50,86,87,84,
-82,83,80,81,82,82,83,80,81,82,82,83,80,81,82,82,83,48,127,0,0,0,0,0,0,124,125,0,65,64,0,0,127,0,124,0,0,0,0,0,0,0,0,0,0,0,243,0,0,126,0,0,0,0,0,0,23,20,21,220,50,90,91,88,
+82,83,80,81,82,82,83,80,81,82,82,83,80,81,82,82,83,48,127,0,0,0,0,0,0,124,125,0,65,64,0,0,127,0,124,0,0,0,0,0,0,0,0,0,0,0,243,0,0,126,0,0,0,0,130,0,23,20,21,220,50,90,91,88,
 86,87,84,85,86,86,87,84,85,86,86,87,84,85,86,86,87,52,0,124,0,0,0,0,0,0,0,0,0,127,0,0,0,0,0,0,0,0,0,0,114,0,0,0,0,0,0,0,124,125,125,0,0,0,0,0,216,217,218,219,50,94,95,92,
 90,91,88,89,90,90,91,88,89,90,90,91,88,89,90,90,91,59,67,0,0,124,0,0,0,0,0,0,0,0,124,126,0,0,124,125,0,0,0,0,0,0,0,0,0,0,0,0,127,0,124,127,0,124,121,0,0,127,0,0,65,57,83,80,
 94,95,92,93,94,94,95,92,93,94,94,95,92,93,94,94,95,92,52,0,126,0,125,0,0,0,0,124,112,0,0,112,124,0,0,0,0,0,0,0,0,0,0,0,0,0,0,0,0,0,0,0,0,0,0,124,120,0,122,0,0,65,57,84,
@@ -142,11 +147,11 @@
 82,83,80,81,82,82,83,80,81,82,82,83,80,81,82,82,56,64,0,127,0,0,0,0,0,0,0,0,0,0,0,0,0,0,0,0,0,0,0,0,0,0,0,0,0,0,0,124,120,0,0,50,81,82,83,80,81,82,59,51,58,82,83,80,
 86,87,84,85,86,86,87,84,85,86,86,87,84,85,86,56,64,0,0,0,0,0,0,0,0,0,127,0,0,0,0,0,0,0,0,0,0,0,0,0,0,0,0,0,0,0,127,0,0,0,66,58,85,86,87,84,85,86,87,84,85,86,87,84,
 82,83,80,81,82,82,83,80,81,82,82,83,56,49,53,64,0,0,127,0,125,0,0,0,0,0,0,0,0,0,0,0,0,0,0,0,127,0,126,0,0,0,0,0,0,0,126,0,0,66,58,88,89,90,91,88,89,90,91,88,89,90,91,88,
-86,87,84,85,86,86,87,84,85,86,86,87,52,127,0,0,0,0,127,0,124,0,0,0,0,0,0,126,0,0,0,0,0,0,0,0,0,0,0,0,0,0,0,0,0,127,0,0,0,65,57,92,93,94,95,92,93,94,95,92,93,94,95,92,
-90,91,88,89,90,90,91,88,89,90,90,91,48,0,0,0,0,0,0,0,0,0,0,0,0,0,0,0,124,0,0,0,0,127,0,0,0,127,0,0,0,0,0,0,0,127,0,124,0,0,50,80,81,82,83,80,81,82,83,80,81,82,83,80,
+86,87,84,85,86,86,87,84,85,86,86,87,225,127,0,0,0,0,127,0,124,0,0,0,0,0,0,126,0,0,0,0,0,0,0,0,0,0,0,0,0,0,0,0,0,127,0,0,0,65,57,92,93,94,95,92,93,94,95,92,93,94,95,92,
+90,91,88,89,90,90,91,88,89,90,90,91,224,0,0,0,0,0,0,0,0,0,0,0,0,0,0,0,124,0,0,0,0,127,0,0,0,127,0,0,0,0,0,0,0,127,0,124,0,0,50,80,81,82,83,80,81,82,83,80,81,82,83,80,
 94,95,92,93,94,94,95,92,93,94,94,95,52,0,126,112,0,126,0,0,124,125,0,0,0,0,0,0,0,0,0,0,0,0,0,0,0,0,0,0,0,0,0,0,0,0,0,0,0,66,58,84,85,86,87,84,85,86,87,84,85,86,87,84,
-82,83,80,81,82,82,83,80,81,82,82,83,59,67,0,0,0,124,0,0,0,0,0,0,127,0,126,0,0,0,0,0,125,0,0,0,0,0,0,0,0,0,0,0,0,0,0,0,0,50,91,88,89,90,91,88,89,90,91,88,89,90,91,88,
-86,87,84,85,86,86,87,84,85,86,86,87,84,59,67,0,127,0,0,0,0,0,0,0,0,0,0,0,0,0,0,0,0,127,0,0,0,0,0,0,0,0,0,0,0,0,0,0,0,50,95,92,93,94,95,92,93,94,95,92,93,94,95,92,
+82,83,80,81,82,82,83,80,81,82,82,83,59,67,0,0,0,124,0,0,0,0,0,0,127,0,126,0,0,0,0,129,125,0,0,0,0,0,0,0,0,0,0,0,0,0,0,0,0,50,91,88,89,90,91,88,89,90,91,88,89,90,91,88,
+86,87,84,85,86,86,87,84,85,86,86,87,84,59,67,0,127,0,0,0,0,0,0,0,0,0,0,0,0,0,0,128,131,127,0,0,0,0,0,0,0,0,0,0,0,0,0,0,0,50,95,92,93,94,95,92,93,94,95,92,93,94,95,92,
 82,83,80,81,82,82,83,80,81,82,82,83,80,81,59,67,0,0,0,0,0,0,0,0,0,127,0,0,0,0,0,0,0,0,0,0,0,0,127,0,0,0,0,120,0,0,0,0,66,58,83,80,81,82,83,80,81,82,83,80,81,82,83,80,
 86,87,84,85,86,86,87,84,85,86,86,87,84,85,86,59,67,0,0,127,0,0,0,0,0,0,0,0,0,0,0,0,0,0,0,0,0,0,0,0,0,0,0,114,0,0,0,0,50,86,87,84,85,86,87,84,85,86,87,84,85,86,87,84,
 90,91,88,89,90,90,91,88,89,90,90,91,88,89,90,90,48,125,0,0,0,124,0,0,0,0,0,0,0,0,0,0,0,0,0,0,0,0,124,125,0,0,0,0,0,120,0,0,50,90,91,88,89,90,91,88,89,90,91,88,89,90,91,88,
@@ -154,7 +159,7 @@
 82,83,80,81,82,82,83,80,81,82,82,83,80,81,82,82,48,0,0,0,0,0,0,0,0,0,0,0,0,0,0,0,0,0,0,0,0,0,0,0,0,0,0,0,0,242,66,51,58,82,83,80,81,82,83,80,81,82,83,80,81,82,83,80,
 86,87,84,85,86,86,87,84,85,86,86,87,56,53,49,49,64,0,0,0,0,0,0,0,0,0,0,0,0,0,0,0,0,0,0,0,115,0,0,0,0,0,0,0,0,0,50,84,85,86,87,84,85,86,87,84,85,86,87,84,85,86,87,84,
 82,83,80,81,82,82,83,80,81,82,56,49,64,0,0,0,0,126,0,125,0,0,0,0,124,112,0,0,0,0,0,0,0,0,0,241,0,0,0,0,0,0,0,0,0,0,65,57,89,90,91,88,89,90,91,88,89,90,91,88,89,90,91,88,
-86,87,84,85,86,86,87,84,85,56,64,0,125,0,0,0,0,127,0,0,0,0,122,0,0,0,0,0,0,0,0,0,0,0,0,0,0,0,0,0,0,0,0,0,0,0,0,50,93,94,95,92,93,94,95,92,93,94,95,92,93,94,95,92,
+86,87,84,85,86,86,87,84,85,56,64,131,125,0,0,0,0,127,0,0,0,0,122,0,0,0,0,0,0,0,0,0,0,0,0,0,0,0,0,0,0,0,0,0,0,0,0,50,93,94,95,92,93,94,95,92,93,94,95,92,93,94,95,92,
 90,91,88,89,90,90,91,88,89,52,0,0,0,0,0,0,0,0,0,0,0,0,0,0,0,0,0,0,0,0,0,127,0,126,0,0,0,0,0,0,0,0,0,127,0,0,0,50,81,82,83,80,81,82,83,80,81,82,83,80,81,82,83,80,
 94,95,92,93,94,94,95,92,93,48,0,0,0,0,0,0,127,0,127,0,126,0,127,0,126,0,0,0,0,0,0,0,0,0,0,0,0,0,0,0,0,0,0,0,0,0,0,50,85,86,87,84,85,86,87,84,85,86,87,84,85,86,87,84,
 82,83,80,81,82,82,83,80,56,68,0,127,0,0,0,0,127,0,124,0,0,0,0,0,0,0,0,0,0,0,0,0,127,0,0,0,0,0,0,0,0,0,127,0,125,0,0,65,57,90,91,88,89,90,91,88,89,90,91,88,89,90,91,88,
@@ -162,19 +167,19 @@
 82,83,80,81,82,82,83,80,81,48,0,0,0,0,0,0,0,0,124,125,0,124,120,0,0,0,0,0,124,0,0,0,0,0,0,0,0,0,0,0,0,0,0,0,0,0,0,0,65,57,83,80,81,82,83,80,81,82,83,80,81,82,83,80,
 86,87,84,85,86,86,87,84,85,52,125,0,0,0,0,0,0,0,0,0,0,0,0,0,0,0,0,0,0,0,0,0,0,0,0,0,0,0,127,0,126,0,0,0,0,0,0,0,0,65,87,84,85,86,87,84,85,86,87,84,85,86,87,84,
 90,91,56,49,57,90,56,53,49,64,0,0,0,0,0,0,0,0,0,0,0,0,0,0,0,0,0,0,0,0,0,0,0,0,0,0,0,0,0,0,0,0,0,0,0,0,0,0,0,0,65,88,89,90,91,88,89,90,91,88,89,90,91,88,
-94,95,48,127,65,49,64,0,0,0,243,0,0,0,0,0,0,0,0,0,0,0,0,0,0,0,127,0,0,0,0,0,0,127,0,0,0,0,0,127,0,0,0,0,0,127,0,127,0,126,0,65,57,94,95,92,93,94,95,92,93,94,95,92,
-53,49,64,0,0,0,0,0,125,0,0,0,0,0,0,0,0,0,0,0,0,0,0,0,0,0,0,118,126,0,0,0,0,126,0,0,0,0,0,0,0,0,0,0,0,0,0,0,0,0,0,0,65,57,83,80,81,82,83,80,81,82,83,80,
-0,0,127,243,125,0,0,0,0,0,0,0,0,0,0,0,0,0,120,0,0,0,0,0,0,0,0,126,112,124,0,0,0,0,125,0,0,125,0,0,0,0,0,0,0,125,126,113,127,0,0,0,0,65,57,84,85,86,87,84,85,86,87,84,
+94,95,48,127,65,49,64,0,0,132,243,0,0,0,0,0,0,0,0,0,0,0,0,0,0,0,127,0,0,0,0,0,0,127,0,0,0,0,0,127,0,0,0,0,0,127,0,127,0,126,0,65,57,94,95,92,93,94,95,92,93,94,95,92,
+53,49,64,0,0,0,0,0,125,0,0,0,0,0,0,0,0,0,0,0,0,0,0,0,0,0,0,118,126,0,0,0,0,126,0,0,0,0,0,0,0,0,0,0,130,0,131,0,0,0,0,0,65,57,83,80,81,82,83,80,81,82,83,80,
+0,0,127,243,125,0,0,0,0,0,0,0,0,0,0,0,0,0,120,0,0,0,0,0,0,0,0,126,112,124,0,0,0,0,125,0,0,125,0,0,0,0,0,128,0,125,126,113,129,0,0,0,0,65,57,84,85,86,87,84,85,86,87,84,
 242,0,127,0,124,0,0,0,0,0,0,0,0,0,0,0,0,0,0,0,0,0,0,0,124,0,0,0,0,0,0,0,127,0,0,0,0,0,0,0,0,0,0,0,0,0,0,124,0,0,0,0,0,0,65,57,89,90,91,88,89,90,91,88,
-0,0,0,0,0,0,0,0,0,0,0,0,0,0,0,0,0,0,127,0,0,0,0,127,0,0,0,0,0,0,0,0,0,0,127,0,0,0,0,0,0,0,0,0,0,0,0,0,0,0,0,0,0,0,0,50,93,94,95,92,93,94,95,92,
-241,0,0,0,124,125,0,0,0,0,0,0,0,127,0,0,0,0,0,0,0,0,0,0,0,0,0,0,0,0,0,0,0,0,0,0,0,0,0,0,0,125,0,0,0,0,0,0,0,0,0,0,0,0,0,50,81,82,83,80,81,82,83,80,
-0,0,0,243,0,0,0,0,0,0,0,0,0,0,124,0,0,127,0,125,0,124,127,0,125,0,0,0,0,0,0,0,0,0,124,125,0,0,0,0,0,0,0,0,0,0,0,0,0,0,0,0,0,0,0,50,85,86,87,84,85,86,87,84,
-0,0,0,240,125,0,0,0,0,0,0,0,0,0,0,112,0,127,0,0,0,0,127,0,124,0,0,0,0,0,0,0,0,127,0,0,0,0,0,0,125,0,0,0,0,0,0,0,0,0,0,0,0,0,0,50,89,90,91,88,89,90,91,88,
-0,0,0,0,0,0,0,0,0,0,0,125,0,0,0,0,0,0,0,0,0,0,0,0,0,0,0,0,0,0,0,0,0,0,0,0,0,0,0,0,0,125,0,0,0,0,0,0,0,0,0,0,0,0,66,58,93,94,95,92,93,94,95,92,
+0,0,0,0,0,0,0,0,0,0,0,0,0,0,0,0,0,0,127,0,0,0,0,127,0,0,0,0,0,0,0,0,0,0,127,0,0,0,0,0,0,0,0,129,0,0,132,0,0,0,0,0,0,0,0,50,93,94,95,92,93,94,95,92,
+241,0,0,0,124,125,0,0,0,0,0,0,0,127,0,0,0,0,0,0,0,0,0,0,0,0,0,0,0,0,0,0,0,0,0,0,0,0,0,0,0,125,0,0,0,0,113,0,0,130,0,0,0,0,0,50,81,82,83,80,81,82,83,80,
+0,0,0,243,0,0,0,0,0,0,0,0,0,0,124,0,0,127,0,125,0,124,127,0,125,0,0,0,0,0,0,0,0,0,124,125,0,0,0,0,0,0,0,0,128,0,0,0,0,0,0,0,0,0,0,50,85,86,87,84,85,86,87,84,
+0,0,0,240,125,0,0,0,0,0,0,0,0,0,0,112,0,127,0,0,0,0,127,0,124,0,0,0,0,0,0,0,0,127,130,0,0,0,0,0,125,0,0,0,0,0,0,131,129,0,0,0,0,0,0,50,89,90,91,88,89,90,91,88,
+0,0,0,0,0,0,0,0,0,0,128,125,0,0,0,0,0,0,0,0,0,0,0,0,0,0,0,0,0,0,0,0,0,0,0,0,0,0,0,0,0,125,0,0,0,0,0,0,0,0,0,0,0,0,66,58,93,94,95,92,93,94,95,92,
 0,0,0,0,0,0,0,0,0,0,0,0,0,0,0,124,0,0,0,124,125,0,0,0,0,125,0,0,0,0,0,0,0,0,0,0,0,0,0,0,0,0,0,0,0,0,0,0,0,125,0,0,0,66,58,80,81,82,83,80,81,82,83,80,
 125,0,0,0,0,124,112,0,0,0,0,0,0,0,127,0,0,0,0,0,0,0,0,0,0,0,0,0,0,0,0,0,0,0,0,0,0,0,0,0,0,0,0,124,125,0,0,0,0,0,0,0,0,65,57,84,85,86,87,84,85,86,87,84,
 241,240,0,122,0,0,0,0,0,0,0,0,0,0,0,0,0,0,0,0,0,0,0,0,0,0,0,0,0,0,0,0,0,0,0,0,0,0,0,0,0,0,0,0,0,0,0,0,0,127,0,126,0,0,50,88,89,90,91,88,89,90,91,88,
-0,0,0,0,0,0,0,0,0,115,0,0,0,0,126,0,125,0,0,0,0,124,112,0,0,0,0,0,0,0,0,0,0,0,127,0,0,0,0,0,0,0,0,0,0,0,0,0,0,0,0,0,0,0,65,92,93,94,95,92,93,94,95,92,
+0,0,0,0,0,0,0,0,0,115,0,0,0,0,126,0,125,0,0,0,0,124,112,0,0,0,0,0,0,0,0,0,0,0,127,0,0,0,128,0,0,0,0,0,0,0,0,0,0,0,0,0,0,0,65,92,93,94,95,92,93,94,95,92,
 0,0,0,127,0,126,0,0,0,0,0,0,0,0,0,0,0,0,0,122,0,0,0,0,0,0,0,0,0,0,0,0,0,0,127,0,126,0,126,0,125,0,0,0,0,124,112,0,0,0,127,0,0,0,0,50,81,82,83,80,81,82,83,80,
 0,242,0,0,0,0,0,0,0,0,0,125,0,0,0,0,0,0,0,127,0,0,0,0,0,0,0,0,0,127,0,0,0,127,0,125,0,0,0,0,0,0,0,122,0,0,0,0,118,0,0,0,0,0,0,65,57,86,87,84,85,86,87,84,
 241,0,0,0,127,243,0,0,0,115,114,0,0,0,0,0,0,0,0,127,0,126,0,0,0,0,0,0,123,0,0,0,0,127,0,127,0,0,0,0,0,0,0,0,0,0,0,0,0,0,0,0,0,0,0,0,50,90,91,88,89,90,91,88,
@@ -183,8 +188,8 @@
 84,85,59,67,0,0,127,0,126,0,0,0,0,0,241,0,0,0,124,120,0,0,0,0,127,0,125,0,0,0,0,0,0,0,0,0,0,0,0,0,0,0,0,0,127,0,0,0,0,127,124,125,0,0,0,0,50,86,87,84,85,86,87,84,
 88,89,90,59,51,67,0,0,0,0,0,0,0,0,0,126,112,124,0,0,0,0,0,0,127,0,124,0,0,240,0,0,0,0,0,0,0,0,0,0,0,0,124,120,0,0,127,0,0,127,0,124,0,0,0,0,50,90,91,88,89,90,91,88,
 92,93,94,95,92,59,67,127,0,0,113,0,0,0,0,120,124,0,0,0,0,0,0,0,0,0,0,0,0,0,0,0,0,0,0,0,0,0,0,0,0,0,0,0,0,0,0,0,0,0,0,0,0,0,0,0,50,94,95,92,93,94,95,92,
-80,81,82,83,80,81,59,67,0,0,0,0,0,0,0,0,0,0,0,0,0,0,0,0,127,0,124,125,0,0,0,0,0,0,0,0,0,0,0,0,0,0,0,0,0,127,0,125,0,0,0,0,0,0,0,0,65,57,83,80,81,82,83,80,
-84,85,86,87,84,85,56,64,127,0,0,0,0,0,0,0,0,0,0,0,0,0,0,0,0,0,118,0,0,0,0,0,0,127,0,0,0,0,0,0,0,0,0,0,0,127,0,124,0,0,0,0,0,0,0,0,0,50,87,84,85,86,87,84,
+80,81,82,83,80,81,59,67,0,0,0,0,0,0,0,0,0,0,0,0,0,0,0,0,127,0,124,125,128,0,0,0,0,0,0,0,0,0,0,0,0,0,0,0,0,127,0,125,0,0,0,0,0,0,0,0,65,57,83,80,81,82,83,80,
+84,85,86,87,84,85,56,64,127,0,0,0,0,0,0,0,0,0,0,0,0,0,0,0,0,0,118,0,130,0,0,0,0,127,0,0,0,0,0,0,0,0,0,0,0,127,0,124,0,0,0,0,0,0,0,0,0,50,87,84,85,86,87,84,
 88,89,90,91,88,89,52,0,0,0,0,0,0,0,0,0,0,0,0,0,0,0,0,0,124,0,0,0,0,0,0,0,0,0,124,119,0,0,0,0,0,0,0,0,0,0,0,0,0,0,0,0,0,0,0,0,0,65,57,88,89,90,91,88,
 92,93,94,95,92,93,52,127,0,125,0,0,0,0,0,0,0,0,0,0,0,0,0,127,0,124,0,0,0,0,0,0,0,0,127,113,124,0,0,66,51,51,67,0,0,0,0,124,125,0,0,0,127,0,0,0,0,0,50,92,93,94,95,92,
 80,81,82,83,80,81,48,127,0,124,0,0,0,0,0,0,0,0,0,0,0,0,0,0,0,0,0,0,125,0,0,0,0,0,0,124,0,0,66,58,81,82,59,67,0,0,0,0,0,0,0,0,0,124,126,0,0,0,50,80,81,82,83,80,
@@ -225,7 +230,7 @@
 92,93,94,95,92,93,94,95,92,93,94,95,92,93,94,95,92,93,94,95,92,93,94,95,92,93,94,95,92,93,94,48,0,0,0,0,0,0,50,92,93,94,95,92,93,94,95,92,93,94,95,92,93,94,95,92,93,94,95,92,92,93,94,95
 </data>
  </layer>
- <layer name="collision" width="64" height="100">
+ <layer name="collision" width="64" height="100" visible="0">
   <data encoding="csv">
 3,3,3,3,3,3,3,3,3,3,3,3,3,3,3,3,3,3,3,3,3,3,3,3,3,3,3,3,3,3,3,1,1,3,3,3,3,3,3,3,3,3,1,3,3,3,3,3,3,3,3,3,3,3,3,3,3,3,3,3,3,3,3,3,
 3,3,3,3,3,3,3,3,3,3,3,3,3,3,3,3,3,3,3,3,3,3,3,3,3,3,3,3,3,3,3,1,1,0,0,0,0,2,2,2,2,0,1,3,3,3,3,3,3,3,3,3,3,3,3,1,1,1,1,3,3,3,3,3,
@@ -258,7 +263,7 @@
 3,3,3,3,3,3,3,3,3,3,3,3,3,3,3,3,1,0,0,0,0,0,0,0,0,0,0,2,2,2,2,2,2,0,0,2,2,2,0,0,0,2,2,2,2,1,1,1,1,3,3,3,3,3,3,3,3,3,3,3,3,3,3,3,
 3,3,3,3,3,3,3,3,3,3,3,3,1,1,1,1,1,0,0,0,0,0,0,0,0,0,2,2,2,2,2,2,2,0,0,2,2,2,2,2,2,2,2,2,2,0,1,3,3,3,3,3,3,3,3,3,3,3,3,3,3,3,3,3,
 3,3,3,3,3,3,3,3,3,3,1,1,1,0,0,0,0,0,0,0,0,0,0,0,0,0,2,2,2,2,2,0,0,0,0,1,2,2,2,2,2,2,2,2,0,0,1,1,3,3,3,3,3,3,3,3,3,3,3,3,3,3,3,3,
-3,3,3,3,3,3,3,3,3,1,1,0,0,0,0,0,0,0,0,0,0,0,0,0,0,2,2,2,2,2,0,0,0,0,0,0,0,2,2,2,2,2,2,0,0,0,0,1,3,3,3,3,3,3,3,3,3,3,3,3,3,3,3,3,
+3,3,3,3,3,3,3,3,3,1,1,2,0,0,0,0,0,0,0,0,0,0,0,0,0,2,2,2,2,2,0,0,0,0,0,0,0,2,2,2,2,2,2,0,0,0,0,1,3,3,3,3,3,3,3,3,3,3,3,3,3,3,3,3,
 3,3,3,3,3,3,3,3,3,1,0,0,0,0,0,0,0,0,0,0,0,0,0,0,0,2,2,2,2,0,0,0,0,0,0,0,0,0,2,2,2,2,0,0,0,0,0,1,3,3,3,3,3,3,3,3,3,3,3,3,3,3,3,3,
 3,3,3,3,3,3,3,3,3,1,0,0,0,0,0,0,0,0,0,0,0,0,0,0,0,2,2,2,2,0,0,0,0,0,0,0,0,0,0,0,0,0,0,0,0,0,0,1,3,3,3,3,3,3,3,3,3,3,3,3,3,3,3,3,
 3,3,3,3,3,3,3,3,1,1,0,0,0,0,0,0,0,0,0,0,0,0,0,0,0,2,2,2,2,0,0,0,0,0,0,0,0,0,0,0,0,0,0,0,0,0,0,1,1,3,3,3,3,3,3,3,3,3,3,3,3,3,3,3,
@@ -267,18 +272,18 @@
 3,3,3,3,3,3,3,3,3,1,0,0,0,0,2,2,2,2,2,0,2,2,2,2,2,2,2,2,0,0,0,0,0,0,0,0,0,0,0,0,0,0,0,0,0,0,0,0,0,1,3,3,3,3,3,3,3,3,3,3,3,3,3,3,
 3,3,1,1,1,3,1,1,1,1,0,0,0,2,2,2,2,2,2,2,2,2,2,2,2,2,2,0,0,0,0,0,0,0,0,0,0,0,0,0,0,0,0,0,0,0,0,0,0,0,1,3,3,3,3,3,3,3,3,3,3,3,3,3,
 3,3,1,0,1,1,1,0,0,1,1,0,0,2,2,2,2,2,2,2,2,2,2,2,2,0,0,0,0,0,0,0,0,0,0,0,0,0,0,0,0,0,0,0,0,0,0,0,0,0,0,1,1,3,3,3,3,3,3,3,3,3,3,3,
-1,1,1,0,0,0,0,0,0,0,2,2,2,2,2,2,2,2,2,2,2,2,2,2,2,0,0,0,0,0,0,0,0,0,0,0,0,0,0,0,0,0,0,0,0,0,0,0,0,0,0,0,1,1,3,3,3,3,3,3,3,3,3,3,
-3,0,0,1,0,0,0,0,2,2,2,2,2,2,2,2,0,0,2,2,2,2,2,0,0,0,0,0,0,0,0,0,0,0,0,0,0,0,0,0,0,0,0,0,0,0,0,0,0,0,0,0,0,1,1,3,3,3,3,3,3,3,3,3,
+1,1,1,0,0,0,0,0,0,0,2,2,2,2,2,2,2,2,2,2,2,2,2,2,2,0,0,0,0,0,0,0,0,0,0,0,0,0,0,0,0,0,0,0,2,0,2,0,0,0,0,0,1,1,3,3,3,3,3,3,3,3,3,3,
+3,0,0,1,0,0,0,0,2,2,2,2,2,2,2,2,0,0,2,2,2,2,2,0,0,0,0,0,0,0,0,0,0,0,0,0,0,0,0,0,0,0,0,2,0,0,0,0,2,0,0,0,0,1,1,3,3,3,3,3,3,3,3,3,
 1,0,0,0,0,0,0,2,2,2,2,2,2,2,2,0,0,0,0,0,0,0,0,0,0,0,0,0,0,0,0,0,0,0,0,0,0,0,0,0,0,0,0,0,0,0,0,0,0,0,0,0,0,0,1,1,3,3,3,3,3,3,3,3,
-3,0,0,0,0,0,2,2,2,2,2,2,2,2,0,0,0,0,0,0,0,0,0,0,0,0,0,0,0,0,0,0,0,0,0,0,0,0,0,0,0,0,0,0,0,0,0,0,0,0,0,0,0,0,0,1,1,3,3,3,3,3,3,3,
-1,0,0,0,0,0,2,2,2,2,2,2,2,0,0,0,0,0,0,0,0,0,0,0,0,0,0,0,0,0,0,0,0,0,0,0,0,0,0,0,0,0,0,0,0,0,0,0,0,0,0,0,0,0,0,1,1,3,3,3,3,3,3,3,
-3,0,0,1,0,0,2,2,2,2,0,0,0,0,0,0,0,0,0,0,0,0,0,0,0,0,0,0,0,0,0,0,0,0,0,0,0,0,0,0,0,0,0,0,0,0,0,0,0,0,0,0,0,0,0,1,3,3,3,3,3,3,3,3,
-3,0,0,1,0,0,2,2,2,2,0,0,0,0,0,0,0,0,0,0,0,0,0,0,0,0,0,0,0,0,0,0,0,0,0,0,0,0,0,0,0,0,0,0,0,0,0,0,0,0,0,0,0,0,0,1,3,3,3,3,3,3,3,3,
-3,0,0,0,0,0,2,2,2,2,0,0,0,0,0,0,0,0,0,0,0,0,0,0,0,0,0,0,0,0,0,0,0,0,0,0,0,0,0,0,0,0,0,0,0,0,0,0,0,0,0,0,0,0,1,1,3,3,3,3,3,3,3,3,
+3,0,0,0,0,0,2,2,2,2,2,2,2,2,0,0,0,0,0,0,0,0,0,0,0,0,0,0,0,0,0,0,0,0,0,0,0,0,0,0,0,0,0,2,0,0,1,0,0,0,0,0,0,0,0,1,1,3,3,3,3,3,3,3,
+1,0,0,0,0,0,2,2,2,2,2,2,2,0,0,0,0,0,0,0,0,0,0,0,0,0,0,0,0,0,0,0,0,0,0,0,0,0,0,0,0,0,0,0,0,0,0,0,0,2,0,0,0,0,0,1,1,3,3,3,3,3,3,3,
+3,0,0,1,0,0,2,2,2,2,0,0,0,0,0,0,0,0,0,0,0,0,0,0,0,0,0,0,0,0,0,0,0,0,0,0,0,0,0,0,0,0,0,0,2,0,0,0,0,0,0,0,0,0,0,1,3,3,3,3,3,3,3,3,
+3,0,0,1,0,0,2,2,2,2,0,0,0,0,0,0,0,0,0,0,0,0,0,0,0,0,0,0,0,0,0,0,0,0,2,0,0,0,0,0,0,0,0,0,0,0,0,2,2,0,0,0,0,0,0,1,3,3,3,3,3,3,3,3,
+3,0,0,0,0,0,2,2,2,2,2,0,0,0,0,0,0,0,0,0,0,0,0,0,0,0,0,0,0,0,0,0,0,0,0,0,0,0,0,0,0,0,0,0,0,0,0,0,0,0,0,0,0,0,1,1,3,3,3,3,3,3,3,3,
 3,0,0,0,0,0,0,2,2,2,2,0,0,0,0,0,0,0,0,0,0,0,0,0,0,0,0,0,0,0,0,0,0,0,0,0,0,0,0,0,0,0,0,0,0,0,0,0,0,0,0,0,0,1,1,3,3,3,3,3,3,3,3,3,
 3,0,0,0,0,0,0,2,2,2,2,0,0,0,0,0,0,0,0,0,0,0,0,0,0,0,0,0,0,0,0,0,0,0,0,0,0,0,0,0,0,0,0,0,0,0,0,0,0,0,0,0,0,1,1,3,3,3,3,3,3,3,3,3,
 1,1,0,0,0,0,0,2,2,2,2,2,0,0,0,0,0,0,0,0,0,0,0,0,0,0,0,0,0,0,0,0,0,0,0,0,0,0,0,0,0,0,0,0,0,0,0,0,0,0,0,0,0,0,1,3,3,3,3,3,3,3,3,3,
-3,0,0,0,0,0,0,0,2,2,2,2,0,0,0,0,0,0,0,0,0,0,0,0,0,0,0,0,0,0,0,0,0,0,0,0,0,0,0,0,0,0,0,0,0,0,0,0,0,0,0,0,0,0,1,3,3,3,3,3,3,3,3,3,
+3,0,0,0,0,0,0,0,2,2,2,2,0,0,0,0,0,0,0,0,0,0,0,0,0,0,0,0,0,0,0,0,0,0,0,0,0,0,2,0,0,0,0,0,0,0,0,0,0,0,0,0,0,0,1,3,3,3,3,3,3,3,3,3,
 3,0,0,0,0,0,0,0,0,0,0,0,0,0,0,0,0,0,0,0,0,0,0,0,0,0,0,0,0,0,0,0,0,0,0,0,0,0,0,0,0,0,0,0,0,0,0,0,0,0,0,0,0,0,0,1,3,3,3,3,3,3,3,3,
 3,1,0,0,0,0,0,0,2,2,2,0,0,0,0,0,0,0,0,0,0,0,0,0,0,0,0,0,0,0,0,0,0,0,0,0,0,0,0,0,0,0,0,0,0,0,0,0,0,0,0,0,0,0,0,1,1,3,3,3,3,3,3,3,
 1,0,0,0,0,1,0,0,2,2,2,2,0,0,0,0,0,0,0,0,0,0,0,0,0,0,0,0,0,0,0,0,0,0,0,0,0,0,0,0,0,0,0,0,0,0,0,0,0,0,0,0,0,0,0,0,1,3,3,3,3,3,3,3,
@@ -287,8 +292,8 @@
 3,3,1,1,0,0,0,0,0,2,2,2,0,0,1,0,0,0,0,0,0,0,0,0,0,0,0,0,0,0,0,0,0,0,0,0,0,0,0,0,0,0,0,0,0,0,0,0,0,0,0,0,0,0,0,0,1,3,3,3,3,3,3,3,
 3,3,3,1,1,1,0,0,0,2,2,2,0,0,0,0,0,0,0,0,0,0,0,0,0,0,0,0,0,1,0,0,0,0,0,0,0,0,0,0,0,0,0,0,0,0,0,0,0,0,0,0,0,0,0,0,1,3,3,3,3,3,3,3,
 3,3,3,3,3,1,1,0,0,2,2,2,0,0,0,0,0,0,0,0,0,0,0,0,0,0,0,0,0,0,0,0,0,0,0,0,0,0,0,0,0,0,0,0,0,0,0,0,0,0,0,0,0,0,0,0,1,3,3,3,3,3,3,3,
-3,3,3,3,3,3,1,1,0,2,2,2,0,0,0,0,0,0,0,0,0,0,0,0,0,0,0,0,0,0,0,0,0,0,0,0,0,0,0,0,0,0,0,0,0,0,0,0,0,0,0,0,0,0,0,0,1,1,3,3,3,3,3,3,
-3,3,3,3,3,3,1,1,0,2,2,2,2,0,0,0,0,0,0,0,0,0,0,0,0,0,0,0,0,0,0,0,0,0,0,0,0,0,0,0,0,0,0,0,0,0,0,0,0,0,0,0,0,0,0,0,0,1,3,3,3,3,3,3,
+3,3,3,3,3,3,1,1,0,2,2,2,0,0,0,0,0,0,0,0,0,0,0,0,0,0,0,0,2,0,0,0,0,0,0,0,0,0,0,0,0,0,0,0,0,0,0,0,0,0,0,0,0,0,0,0,1,1,3,3,3,3,3,3,
+3,3,3,3,3,3,1,1,0,2,2,2,2,0,0,0,0,0,0,0,0,0,0,0,0,0,0,0,2,0,0,0,0,0,0,0,0,0,0,0,0,0,0,0,0,0,0,0,0,0,0,0,0,0,0,0,0,1,3,3,3,3,3,3,
 3,3,3,3,3,3,1,0,0,2,2,2,2,0,0,0,0,0,0,0,0,0,0,0,0,0,0,0,0,0,0,0,0,0,0,0,0,0,0,0,0,0,0,0,0,0,0,0,0,0,0,0,0,0,0,0,0,1,1,3,3,3,3,3,
 3,3,3,3,3,3,1,0,0,0,2,2,2,0,0,0,0,0,0,0,0,0,0,0,0,0,0,0,0,0,0,0,0,0,0,0,0,0,0,1,1,1,1,0,0,0,0,0,0,0,0,0,0,0,0,0,0,0,1,3,3,3,3,3,
 3,3,3,3,3,3,1,0,0,0,2,2,2,2,0,0,0,0,0,0,0,0,0,0,0,0,0,0,0,0,0,0,0,0,0,0,0,0,1,1,3,3,1,1,0,0,0,0,0,0,0,0,0,0,0,0,0,0,1,3,3,3,3,3,
@@ -329,4 +334,40 @@
 3,3,3,3,3,3,3,3,3,3,3,3,3,3,3,3,3,3,3,3,3,3,3,3,3,3,3,3,3,3,3,1,3,3,3,3,3,3,1,3,3,3,3,3,3,3,3,3,3,3,3,3,3,3,3,3,3,3,3,3,3,3,3,3
 </data>
  </layer>
+ <objectgroup name="event" width="64" height="100">
+  <object name="Warp to Frontier Outpost" type="teleport" x="1152" y="3136" width="64" height="32">
+   <properties>
+    <property name="intermap" value="frontier_outpost.txt,37,2"/>
+   </properties>
+  </object>
+  <object name="Warp to Goblin Warrens" type="teleport" x="1824" y="224" width="32" height="32">
+   <properties>
+    <property name="hotspot" value="-41,-150,200,175"/>
+    <property name="intermap" value="goblin_warrens.txt,28,75"/>
+    <property name="tooltip" value="Entrance to Goblin Warrens"/>
+   </properties>
+  </object>
+ </objectgroup>
+ <objectgroup name="enemygroup" width="64" height="100">
+  <object name="3-4 Goblins" type="goblin" x="1632" y="192" width="288" height="256">
+   <properties>
+    <property name="level" value="1,2"/>
+    <property name="number" value="3,4"/>
+   </properties>
+  </object>
+  <object name="4-6 Goblins" type="goblin" x="1344" y="1248" width="288" height="288">
+   <properties>
+    <property name="level" value="1,3"/>
+    <property name="number" value="4,6"/>
+   </properties>
+  </object>
+  <object x="1240" y="1153"/>
+  <object name="1-2 Strong Goblins (30% chance)" type="goblin" x="1376" y="1280" width="224" height="224">
+   <properties>
+    <property name="chance" value="30"/>
+    <property name="level" value="3,4"/>
+    <property name="number" value="1,2"/>
+   </properties>
+  </object>
+ </objectgroup>
 </map>
