diff --git a/mods/empyrean_campaign/cutscenes/backstory.txt b/mods/empyrean_campaign/cutscenes/backstory.txt
new file mode 100644
index 0000000000000000000000000000000000000000..fb79ec57bbf6cdd0163a9912bc6dd17727c32c66
--- /dev/null
+++ b/mods/empyrean_campaign/cutscenes/backstory.txt
@@ -0,0 +1,18 @@
+[scene]
+image=menus/logo.png
+caption=Empyrean, the city in the sky. It is a majestic fortress and the last bastion of humankind.
+pause=240
+caption=At the height of the kingdom's power the city was a beacon of peace and law.
+pause=240
+caption=When darkness invaded the world in the last age people abandoned the surface. Empyrean was their only refuge.
+pause=240
+caption=Now the Age of Humanity is ending. Empyrean is crumbling. Scarcity and political infighting have consumed the city.
+pause=240
+caption=Some, in desperation, flee to the surface hoping to survive without the protection of the city.
+pause=240
+caption=But no one returns from the surface. Most die or go missing. A few hide and survive, for a while.
+pause=240
+caption=Surface dwellers cling to hope. Hope that they'll return to Empyrean some day. Hope that a hero will fight back against the darkness.
+pause=240
+caption=There is always hope. But not for everyone: not for you. Not for the Exiled.
+pause=240
diff --git a/mods/empyrean_campaign/engine/font_settings.txt b/mods/empyrean_campaign/engine/font_settings.txt
new file mode 100644
index 0000000000000000000000000000000000000000..054becb505a2b38d0d299f3bc1a7ab743d83f29a
--- /dev/null
+++ b/mods/empyrean_campaign/engine/font_settings.txt
@@ -0,0 +1,22 @@
+# Only .ttf files are supported, due to limitations in SDL_ttf
+# The font must be placed in /fonts
+
+[font_regular]
+default=LiberationSans-Regular.ttf,12,1
+ja=unifont-6.3.ttf,12,1
+zh=unifont-6.3.ttf,12,1
+
+[font_bold]
+default=LiberationSans-Bold.ttf,12,1
+ja=unifont-6.3.ttf,12,1
+zh=unifont-6.3.ttf,12,1
+
+[font_italic]
+default=LiberationSans-Italic.ttf,12,1
+ja=unifont-6.3.ttf,12,1
+zh=unifont-6.3.ttf,12,1
+
+[font_captions]
+default=LiberationSans-Regular.ttf,16,1
+ja=unifont-6.3.ttf,24,1
+zh=unifont-6.3.ttf,12,1
diff --git a/mods/empyrean_campaign/maps/arrival.txt b/mods/empyrean_campaign/maps/arrival.txt
index 0de5d03858641003739fe087b13933a02177f62c..2acb7beaf98eb1386c4a4c69e4cedb7297982fa8 100644
--- a/mods/empyrean_campaign/maps/arrival.txt
+++ b/mods/empyrean_campaign/maps/arrival.txt
@@ -159,3 +159,11 @@ type=on_trigger
 location=38,34,1,2
 intermap=lost.txt,2,4
 
+[event]
+# backstory cutscene
+type=on_load
+location=17,17,1,1
+cutscene=backstory.txt
+requires_not_status=empyrean_backstory
+set_status=empyrean_backstory
+
diff --git a/mods/empyrean_campaign/maps/exile.txt b/mods/empyrean_campaign/maps/exile.txt
index e2336e88445b1cdf966607820f61ba1951f20425..bc8359c77e277594274634e2e3408d2526aeac2e 100644
--- a/mods/empyrean_campaign/maps/exile.txt
+++ b/mods/empyrean_campaign/maps/exile.txt
@@ -23,27 +23,27 @@ data=
 0,0,0,0,0,0,0,0,0,0,0,0,0,0,0,0,0,0,0,0,0,0,0,0,0,0,0,0,0,0,0,0,0,0,0,0,0,0,0,0,
 0,0,0,0,0,0,0,0,0,0,0,0,0,0,0,0,0,0,0,0,0,0,0,0,0,0,0,0,0,0,0,0,0,0,0,0,0,0,0,0,
 0,0,0,0,19,16,17,18,19,0,0,0,0,0,0,0,0,0,0,0,0,0,0,0,0,0,0,0,0,0,0,0,0,0,0,0,0,0,0,0,
-0,20,21,22,23,20,21,22,23,20,21,22,23,20,0,0,0,0,0,0,0,0,0,0,0,0,0,22,23,20,21,22,0,0,0,0,0,0,0,0,
-0,24,25,26,27,24,25,26,27,24,25,26,27,24,25,26,0,0,0,0,0,0,0,0,0,0,0,26,27,24,25,26,0,0,0,0,0,0,0,0,
-0,28,29,30,31,28,29,30,31,28,29,30,31,28,29,30,31,28,0,0,0,0,0,0,0,0,0,30,31,28,29,30,31,0,0,0,0,0,0,0,
-0,16,17,18,19,16,17,18,19,16,17,18,19,16,17,18,19,16,17,0,0,0,0,0,0,0,17,18,19,16,17,18,19,0,0,0,0,0,0,0,
-0,20,21,22,23,20,21,22,23,156,149,145,149,157,21,22,23,20,21,22,0,0,0,0,0,20,21,22,23,20,21,22,23,0,0,0,0,0,0,0,
-0,145,149,145,145,193,193,145,145,164,177,178,179,161,157,26,27,24,25,26,27,0,0,0,27,24,25,26,27,24,25,26,27,0,0,0,0,0,0,0,
-0,180,181,182,183,199,199,182,183,180,181,182,183,180,165,157,31,28,29,30,31,28,29,30,31,28,29,30,31,28,29,30,0,0,0,0,0,0,0,0,
-0,184,185,186,187,203,207,186,187,184,185,186,187,184,185,150,19,16,17,18,19,16,17,18,19,16,17,18,19,16,17,18,0,0,0,0,0,0,0,0,
-0,188,189,190,191,197,197,190,191,188,189,190,191,188,189,150,23,20,21,22,23,20,21,22,23,20,21,22,23,20,21,0,0,0,0,0,0,0,0,0,
-0,176,177,178,179,176,177,178,179,176,177,178,179,176,177,146,27,24,25,26,27,24,25,26,27,24,25,26,27,24,25,0,0,0,0,0,0,0,0,0,
-0,180,181,182,183,180,181,182,183,180,181,182,183,180,181,161,157,28,29,30,31,28,29,30,31,28,29,30,31,0,0,0,0,0,0,0,0,0,0,0,
+0,20,21,22,23,20,34,35,23,20,21,22,23,20,0,0,0,0,0,0,0,0,0,0,0,0,0,22,23,20,21,22,0,0,0,0,0,0,0,0,
+0,24,25,26,27,46,32,34,27,24,25,26,27,24,25,26,0,0,0,0,0,0,0,0,0,0,0,26,27,24,25,26,0,0,0,0,0,0,0,0,
+0,28,29,30,31,32,32,34,36,28,29,30,31,28,29,30,31,28,0,0,0,0,0,0,0,0,0,30,31,28,29,30,31,0,0,0,0,0,0,0,
+0,16,17,18,19,32,35,44,19,16,41,38,37,37,43,18,19,16,17,0,0,0,0,0,0,0,17,18,19,16,17,18,19,0,0,0,0,0,0,0,
+0,20,21,22,23,32,35,22,23,156,149,145,149,39,39,22,23,20,21,22,0,0,0,0,0,20,21,22,23,20,21,22,23,0,0,0,0,0,0,0,
+0,145,149,145,145,193,193,145,145,164,177,178,179,161,157,26,34,24,25,26,27,0,0,0,27,24,25,26,27,24,25,26,27,0,0,0,0,0,0,0,
+0,180,181,182,183,199,199,182,183,180,181,182,183,180,165,157,31,34,29,30,31,28,29,30,31,28,29,30,31,28,29,30,0,0,0,0,0,0,0,0,
+0,184,185,186,187,203,207,186,187,184,185,186,187,184,185,150,19,35,32,18,19,16,17,18,19,16,17,18,19,16,17,18,0,0,0,0,0,0,0,0,
+0,188,189,190,191,197,197,190,191,188,189,190,191,188,189,150,23,32,32,22,23,20,21,22,23,20,21,22,23,20,21,0,0,0,0,0,0,0,0,0,
+0,176,177,178,179,176,177,178,179,176,177,178,179,176,177,146,27,33,32,26,27,24,25,26,27,24,25,26,27,24,25,0,0,0,0,0,0,0,0,0,
+0,180,181,182,183,180,181,182,183,180,181,182,183,180,181,161,157,34,32,30,31,28,29,30,31,28,29,30,31,0,0,0,0,0,0,0,0,0,0,0,
 0,184,185,186,187,184,185,186,187,184,185,186,187,184,185,186,165,193,193,145,153,16,17,18,152,145,149,157,0,0,0,0,0,0,0,0,0,0,0,0,
 0,188,189,190,191,188,189,190,191,188,189,190,191,162,151,151,147,195,195,167,161,145,149,145,160,176,176,146,0,0,0,0,0,0,0,0,0,0,0,0,
-0,176,177,178,179,176,177,178,179,176,177,162,147,158,18,19,16,17,18,159,151,147,147,147,147,147,147,158,16,17,0,0,0,0,0,0,0,0,0,0,
-0,180,181,182,183,180,181,182,183,180,181,146,20,21,22,23,20,21,22,23,20,21,22,23,20,21,22,23,20,21,22,0,0,0,0,0,0,0,0,0,
-0,184,185,186,187,184,185,186,187,184,185,146,24,0,0,27,24,25,26,27,24,25,26,27,24,25,26,27,24,25,26,0,0,0,0,0,0,0,0,0,
-0,188,189,190,191,188,189,190,191,188,189,146,28,265,0,31,28,29,30,31,28,29,30,31,28,29,30,31,28,29,0,0,0,0,0,0,0,0,0,0,
-0,176,177,178,179,176,177,178,179,176,177,161,153,17,18,19,16,17,18,19,16,17,18,19,16,17,18,19,16,17,0,0,0,0,0,0,0,0,0,0,
-0,180,181,182,183,180,181,182,183,180,181,182,150,21,22,23,20,21,22,23,20,21,22,23,20,21,22,23,20,21,0,0,0,0,0,0,0,0,0,0,
-0,184,185,186,187,184,185,186,187,184,185,186,150,25,26,27,24,25,26,27,24,25,26,27,24,25,26,27,24,0,0,0,0,0,0,0,0,0,0,0,
-0,188,189,190,191,188,189,190,191,188,189,190,165,153,30,31,28,29,30,31,28,29,30,31,28,29,30,31,28,29,0,0,0,0,0,0,0,0,0,0,
+0,176,177,178,179,176,177,178,179,176,177,162,147,158,18,19,16,35,32,159,151,147,147,147,147,147,147,158,16,17,0,0,0,0,0,0,0,0,0,0,
+0,180,181,182,183,180,181,182,183,180,181,146,20,21,22,23,20,35,32,23,20,21,22,23,20,21,22,23,20,21,22,0,0,0,0,0,0,0,0,0,
+0,184,185,186,187,184,185,186,187,184,185,146,24,0,0,38,39,32,32,27,24,25,26,27,24,25,26,27,24,25,26,0,0,0,0,0,0,0,0,0,
+0,188,189,190,191,188,189,190,191,188,189,146,28,265,0,37,37,34,34,31,28,29,30,31,28,29,30,31,28,29,0,0,0,0,0,0,0,0,0,0,
+0,176,177,178,179,176,177,178,179,176,177,161,153,17,18,19,16,34,33,47,16,17,18,19,16,17,18,19,16,17,0,0,0,0,0,0,0,0,0,0,
+0,180,181,182,183,180,181,182,183,180,181,182,150,21,22,23,20,41,33,38,32,43,22,23,20,21,22,23,20,21,0,0,0,0,0,0,0,0,0,0,
+0,184,185,186,187,184,185,186,187,184,185,186,150,25,26,27,24,25,45,37,28,36,26,27,24,25,26,27,24,0,0,0,0,0,0,0,0,0,0,0,
+0,188,189,190,191,188,189,190,191,188,189,190,165,153,30,31,28,29,30,41,33,44,30,31,28,29,30,31,28,29,0,0,0,0,0,0,0,0,0,0,
 0,176,177,178,179,176,177,178,179,176,177,178,179,150,18,19,16,17,18,19,16,17,18,19,16,17,18,19,16,17,0,0,0,0,0,0,0,0,0,0,
 0,180,181,182,183,180,181,182,183,180,181,182,183,150,22,23,20,21,22,23,20,21,22,23,20,21,22,23,20,21,22,23,0,0,0,0,0,0,0,0,
 0,184,185,186,187,184,185,186,187,184,185,186,187,165,153,27,24,25,26,27,24,25,26,27,24,25,26,27,24,25,26,27,0,0,0,0,0,0,0,0,
@@ -67,27 +67,27 @@ data=
 0,0,0,0,0,0,0,0,0,0,0,0,0,0,0,0,0,0,0,0,0,0,0,0,0,0,0,0,0,0,0,0,0,0,0,0,0,0,0,0,
 0,0,0,0,0,0,0,0,0,0,0,0,0,0,0,0,0,0,0,0,0,0,0,0,0,0,0,0,0,0,0,0,0,0,0,0,0,0,0,0,
 0,0,0,56,53,53,230,231,53,57,0,0,0,0,0,0,0,0,0,0,0,0,0,0,0,0,0,0,0,0,0,0,0,0,0,0,0,0,0,0,
-0,49,53,64,99,0,34,35,137,69,53,49,53,49,61,0,0,0,0,0,0,0,0,0,0,0,0,48,93,93,93,93,50,0,0,0,0,0,0,0,
-0,92,0,126,0,46,32,34,0,97,0,117,125,0,65,49,57,0,0,0,0,0,0,0,0,0,0,52,0,0,0,0,54,0,0,0,0,0,0,0,
-0,92,0,0,0,32,32,34,36,124,0,0,0,0,127,249,69,53,57,0,0,0,0,0,0,0,60,64,0,126,0,0,65,0,0,0,0,0,0,0,
-0,92,0,0,0,32,35,44,0,0,41,38,37,37,43,16,0,125,69,57,0,0,0,0,0,0,48,139,0,0,125,0,0,54,0,0,0,0,0,0,
-0,92,0,126,0,32,35,0,128,0,0,0,0,39,39,0,0,0,0,69,61,0,0,0,56,49,64,0,0,0,0,0,0,50,0,0,0,0,0,0,
-0,0,0,0,130,0,0,0,0,124,0,0,0,0,0,0,34,0,0,0,69,61,0,60,68,252,0,125,0,0,0,0,0,54,0,0,0,0,0,0,
-0,0,0,0,0,0,0,0,114,0,0,121,0,120,0,0,0,34,0,0,0,69,49,68,129,0,0,0,0,127,0,0,66,58,0,0,0,0,0,0,
-0,0,121,0,0,0,97,173,0,114,0,0,0,0,0,0,125,35,32,0,0,0,0,0,0,0,0,0,0,0,0,0,54,0,0,0,0,0,0,0,
-0,0,0,0,0,0,99,172,0,0,0,0,0,0,0,0,0,32,32,0,126,0,0,0,0,0,126,0,0,0,0,70,62,0,0,0,0,0,0,0,
-0,0,0,0,0,0,0,171,0,0,0,0,0,0,0,0,0,33,32,0,0,0,0,0,0,124,0,0,0,0,0,50,0,0,0,0,0,0,0,0,
-0,0,0,0,0,0,0,0,0,0,0,0,0,0,0,0,124,34,32,0,0,0,0,0,0,0,117,0,0,66,55,58,0,0,0,0,0,0,0,0,
+0,49,53,64,99,0,0,0,137,69,53,49,53,49,61,0,0,0,0,0,0,0,0,0,0,0,0,48,93,93,93,93,50,0,0,0,0,0,0,0,
+0,92,0,126,0,0,0,0,0,97,0,117,125,0,65,49,57,0,0,0,0,0,0,0,0,0,0,52,0,0,0,0,54,0,0,0,0,0,0,0,
+0,92,0,0,0,0,0,0,0,124,0,0,0,0,127,249,69,53,57,0,0,0,0,0,0,0,60,64,0,126,0,0,65,0,0,0,0,0,0,0,
+0,92,0,0,0,0,0,0,0,0,0,0,0,0,0,0,0,125,69,57,0,0,0,0,0,0,48,139,0,0,125,0,0,54,0,0,0,0,0,0,
+0,92,0,126,0,0,0,0,128,0,0,0,0,0,0,0,0,0,0,69,61,0,0,0,56,49,64,0,0,0,0,0,0,50,0,0,0,0,0,0,
+0,0,0,0,130,0,0,0,0,124,0,0,0,0,0,0,0,0,0,0,69,61,0,60,68,252,0,125,0,0,0,0,0,54,0,0,0,0,0,0,
+0,0,0,0,0,0,0,0,114,0,0,121,0,120,0,0,0,0,0,0,0,69,49,68,129,0,0,0,0,127,0,0,66,58,0,0,0,0,0,0,
+0,0,121,0,0,0,97,173,0,114,0,0,0,0,0,0,125,0,0,0,0,0,0,0,0,0,0,0,0,0,0,0,54,0,0,0,0,0,0,0,
+0,0,0,0,0,0,99,172,0,0,0,0,0,0,0,0,0,0,0,0,126,0,0,0,0,0,126,0,0,0,0,70,62,0,0,0,0,0,0,0,
+0,0,0,0,0,0,0,171,0,0,0,0,0,0,0,0,0,0,0,0,0,0,0,0,0,124,0,0,0,0,0,50,0,0,0,0,0,0,0,0,
+0,0,0,0,0,0,0,0,0,0,0,0,0,0,0,0,124,0,0,0,0,0,0,0,0,0,117,0,0,66,55,58,0,0,0,0,0,0,0,0,
 0,0,0,0,0,0,0,0,0,0,0,0,0,0,0,0,120,0,0,0,0,0,125,0,0,115,0,0,66,62,0,0,0,0,0,0,0,0,0,0,
 0,0,0,0,0,0,0,0,0,0,0,0,0,0,0,0,0,0,0,0,0,0,0,0,0,0,0,121,54,0,0,0,0,0,0,0,0,0,0,0,
-0,0,0,0,0,0,0,0,0,0,0,0,0,0,110,111,0,35,32,0,121,0,0,0,0,0,0,0,69,53,61,0,0,0,0,0,0,0,0,0,
-0,0,0,0,0,0,0,0,0,0,0,0,133,0,0,0,0,35,32,0,105,116,116,117,0,0,215,137,101,244,65,57,0,0,0,0,0,0,0,0,
-0,0,0,0,0,0,0,0,0,0,0,0,0,0,0,38,39,32,32,0,104,117,117,116,212,213,214,0,124,0,0,50,0,0,0,0,0,0,0,0,
-0,0,0,0,0,0,0,0,0,0,0,0,0,0,0,37,37,34,34,0,0,106,107,0,0,0,0,0,0,0,70,62,0,0,0,0,0,0,0,0,
-0,0,0,0,0,0,0,0,0,0,0,0,135,0,0,0,0,34,33,47,0,0,0,0,126,0,0,127,0,0,54,0,0,0,0,0,0,0,0,0,
-0,0,0,0,0,0,0,0,0,0,0,0,124,0,0,0,126,41,33,38,32,43,0,0,0,0,0,0,0,0,50,0,0,0,0,0,0,0,0,0,
-0,0,0,0,0,0,0,0,0,0,0,0,115,0,0,0,0,0,45,37,102,36,0,0,0,127,0,0,0,70,58,0,0,0,0,0,0,0,0,0,
-0,0,0,0,0,0,0,0,0,0,0,0,0,0,0,0,0,0,0,41,33,44,0,74,75,0,0,0,0,65,57,0,0,0,0,0,0,0,0,0,
+0,0,0,0,0,0,0,0,0,0,0,0,0,0,110,111,0,0,0,0,121,0,0,0,0,0,0,0,69,53,61,0,0,0,0,0,0,0,0,0,
+0,0,0,0,0,0,0,0,0,0,0,0,133,0,0,0,0,0,0,0,105,116,116,117,0,0,215,137,101,244,65,57,0,0,0,0,0,0,0,0,
+0,0,0,0,0,0,0,0,0,0,0,0,0,0,0,0,0,0,0,0,104,117,117,116,212,213,214,0,124,0,0,50,0,0,0,0,0,0,0,0,
+0,0,0,0,0,0,0,0,0,0,0,0,0,0,0,0,0,0,0,0,0,106,107,0,0,0,0,0,0,0,70,62,0,0,0,0,0,0,0,0,
+0,0,0,0,0,0,0,0,0,0,0,0,135,0,0,0,0,0,0,0,0,0,0,0,126,0,0,127,0,0,54,0,0,0,0,0,0,0,0,0,
+0,0,0,0,0,0,0,0,0,0,0,0,124,0,0,0,126,0,0,0,0,0,0,0,0,0,0,0,0,0,50,0,0,0,0,0,0,0,0,0,
+0,0,0,0,0,0,0,0,0,0,0,0,115,0,0,0,0,0,0,0,102,0,0,0,0,127,0,0,0,70,58,0,0,0,0,0,0,0,0,0,
+0,0,0,0,0,0,0,0,0,0,0,0,0,0,0,0,0,0,0,0,0,0,0,74,75,0,0,0,0,65,57,0,0,0,0,0,0,0,0,0,
 0,0,0,0,0,0,0,0,0,0,0,0,0,0,0,0,211,0,0,0,0,0,0,77,0,0,0,0,0,0,54,0,0,0,0,0,0,0,0,0,
 0,0,0,0,0,0,0,0,0,0,0,0,0,0,0,0,210,0,0,0,0,0,0,0,0,0,0,0,124,0,69,49,57,0,0,0,0,0,0,0,
 0,0,0,0,0,0,0,0,0,0,0,0,0,0,0,208,209,0,103,0,0,0,0,0,0,127,0,125,0,0,0,0,54,0,0,0,0,0,0,0,
diff --git a/mods/empyrean_campaign/maps/intro_cutscene.txt b/mods/empyrean_campaign/maps/intro_cutscene.txt
deleted file mode 100644
index 055e7b70234a47d600babbf7cd26f5c073e2e5d4..0000000000000000000000000000000000000000
--- a/mods/empyrean_campaign/maps/intro_cutscene.txt
+++ /dev/null
@@ -1,146 +0,0 @@
-[header]
-width=4
-height=20
-tilewidth=64
-tileheight=32
-music=title_theme.ogg
-tileset=tileset_dungeon.txt
-title=Introduction
-
-[tilesets]
-tileset=../../../tiled/dungeon/tiled_collision.png,64,32,0,0
-tileset=../../../tiled/dungeon/tiled_dungeon.png,64,128,0,0
-tileset=../../../tiled/dungeon/set_rules.png,64,32,0,0
-tileset=../../../tiled/dungeon/tiled_dungeon_2x2.png,128,64,0,16
-tileset=../../../tiled/dungeon/door_left.png,64,128,-16,-8
-tileset=../../../tiled/dungeon/door_right.png,64,128,16,-8
-tileset=../../../tiled/dungeon/stairs.png,256,256,0,48
-
-[layer]
-type=background
-data=
-0,0,0,0,
-0,24,25,49,
-0,33,22,49,
-0,44,22,49,
-0,20,22,49,
-0,20,47,49,
-0,20,22,49,
-0,20,42,49,
-0,20,22,49,
-0,20,22,49,
-0,17,22,49,
-0,20,22,49,
-0,20,22,49,
-0,20,22,49,
-0,43,33,49,
-0,20,22,49,
-0,20,22,49,
-0,42,22,49,
-0,27,26,49,
-0,50,50,0
-
-[layer]
-type=object
-data=
-0,0,0,0,
-0,282,283,0,
-0,0,0,0,
-0,0,0,0,
-0,0,0,0,
-0,148,0,0,
-0,0,0,0,
-0,148,0,0,
-0,0,0,0,
-0,148,0,0,
-0,0,0,0,
-0,148,0,0,
-0,0,0,0,
-0,148,0,0,
-0,0,0,0,
-0,0,0,0,
-0,0,0,0,
-0,0,0,0,
-0,0,0,0,
-0,0,0,0
-
-[layer]
-type=collision
-data=
-1,1,1,1,
-1,0,0,1,
-1,0,0,1,
-1,0,0,1,
-1,0,0,1,
-1,0,0,1,
-1,0,0,1,
-1,0,0,1,
-1,0,0,1,
-1,0,0,1,
-1,0,0,1,
-1,0,0,1,
-1,0,0,1,
-1,0,0,1,
-1,0,0,1,
-1,0,0,1,
-1,0,0,1,
-1,0,0,1,
-1,0,0,1,
-1,1,1,1
-
-[event]
-type=on_trigger
-location=1,13,1,1
-hotspot=location
-mapmod=object,1,13,164
-msg=Empyrean, the city in the sky. It is a magestic fortress and the last bastin of humankind. At the height of the kingdom's power, the city was a beacon of peace and law.
-repeat=false
-soundfx=soundfx/inventory/inventory_page.ogg
-tooltip=Book Stand
-
-[event]
-type=on_trigger
-location=1,7,1,1
-hotspot=location
-mapmod=object,1,7,164
-msg=People down here still cling to hope. Hope that they'll return to Empyrean some day. Hope that some hero will fight back against the darkness.
-repeat=false
-soundfx=soundfx/inventory/inventory_page.ogg
-tooltip=Book Stand
-
-[event]
-type=on_trigger
-location=1,11,1,1
-hotspot=location
-mapmod=object,1,11,164
-msg=When darkness invaded the world in the last age, people abandoned the surface. Empyrean was their only refuge. Now the Age of Humanity is ending. Empyrean is crumbling. Scarcity and political infighting have consumed the city.
-repeat=false
-soundfx=soundfx/inventory/inventory_page.ogg
-tooltip=Book Stand
-
-[event]
-type=on_trigger
-location=1,9,1,1
-hotspot=location
-mapmod=object,1,9,164
-msg=Some, in desperation, turn to the Wilderness -- hoping to survive without the protection of the city. But no one returns from the Wilderness. Most die or go missing. A few hide and survive, for a while.
-repeat=false
-soundfx=soundfx/inventory/inventory_page.ogg
-tooltip=Book Stand
-
-[event]
-type=on_trigger
-location=1,5,1,1
-hotspot=location
-mapmod=object,1,5,164
-msg=There is always hope. But not for everyone: not for you. Not for the Exiled.
-repeat=false
-soundfx=soundfx/inventory/inventory_page.ogg
-tooltip=Book Stand
-
-[event]
-type=on_trigger
-location=1,1,2,1
-hotspot=location
-intermap=arrival.txt,20,20
-
diff --git a/mods/empyrean_campaign/maps/lost.txt b/mods/empyrean_campaign/maps/lost.txt
index bc7e0d91b27c3e07ac804bda64233aa7ac298b66..be93e849242ead9b4cb17c689f8385e33187460b 100644
--- a/mods/empyrean_campaign/maps/lost.txt
+++ b/mods/empyrean_campaign/maps/lost.txt
@@ -180,4 +180,5 @@ waypoints=13,11;13,16;6,16;6,11
 # Lost Man
 type=lostman
 location=9,27,1,1
+requires_not_status=florin_lostman
 
diff --git a/mods/empyrean_campaign/maps/spawn.txt b/mods/empyrean_campaign/maps/spawn.txt
index e74f67c224436f8cc0d0e9924889d928f6a9a7e4..941c5fd4ce1644580e0f38488ae1e51f3ce41aad 100644
--- a/mods/empyrean_campaign/maps/spawn.txt
+++ b/mods/empyrean_campaign/maps/spawn.txt
@@ -9,4 +9,5 @@ location=0,0,3
 [event]
 type=on_load
 location=0,0,1,1
-intermap=intro_cutscene.txt,2,18
+intermap=arrival.txt,20,20
+
diff --git a/mods/empyrean_campaign/npcs/florin.txt b/mods/empyrean_campaign/npcs/florin.txt
index a9f4eae0703109c6a5f94598433ca51759343827..734b8680f74831680420a6c3b2b6ef4fdd8a57d6 100644
--- a/mods/empyrean_campaign/npcs/florin.txt
+++ b/mods/empyrean_campaign/npcs/florin.txt
@@ -42,3 +42,12 @@ requires_not_status=florin_stash
 set_status=florin_stash
 him=You can store spare equipment in the Shared Stash next to the spare tent. Take items if you will put them to good use, but try to leave something for your fellow survivors.
 
+[dialog]
+topic=Lost Man
+requires_status=florin_intro
+requires_status=lostman_intro
+requires_not_status=florin_lostman
+you=I saw an old, bearded man who appeared lost. Who is that?
+set_status=florin_lostman
+him=Doesn't sound like anyone who's been through our camp in months.
+
diff --git a/mods/empyrean_campaign/npcs/lostman.txt b/mods/empyrean_campaign/npcs/lostman.txt
index ed66e97789c03ef3a04f85b12465ac3bb3b92426..553aa0b26b2207f1ba87a5087a93d4c31856db7d 100644
--- a/mods/empyrean_campaign/npcs/lostman.txt
+++ b/mods/empyrean_campaign/npcs/lostman.txt
@@ -8,15 +8,15 @@ talker=true
 gfx=peasant_man1
 
 [dialog]
-requires_not_status=lostman_init
+requires_not_status=lostman_intro
 him=I am no demon, lord! Please spare me!
 you=I'm not going to harm you. Who are you? Are you lost?
-set_status=lostman_init
+set_status=lostman_intro
 him=I ... don't recall. That's the trouble here on the surface. Things just slip the mind.
 
 [dialog]
 topic=Forgetting
-requires_status=lostman_init
+requires_status=lostman_intro
 requires_not_status=lostman_forget
 you=There are things I'd rather not remember.
 set_status=lostman_forget
diff --git a/mods/fantasycore/items/items.txt b/mods/fantasycore/items/items.txt
index 3e6bfab90cf566aff07a13abe6e70a5c9d69e19e..144aea19db08052f29abfaba494d9eaec5b9560e 100644
--- a/mods/fantasycore/items/items.txt
+++ b/mods/fantasycore/items/items.txt
@@ -1000,10 +1000,10 @@ price=50
 [item]
 id=130
 name=Forgotten Ring
-flavor=This ring reminds you of someone you have not seen in some time.
+flavor=Faded memories are vivid to the wearer of this silver band.
 quality=high
 item_type=ring
-icon=200
+icon=198
 soundfx=soundfx/inventory/inventory_gem.ogg
 loot_animation=gem
 price=50
diff --git a/tiled/empyrean_campaign/arrival.tmx b/tiled/empyrean_campaign/arrival.tmx
index 7cba374158359e3a8ff0fbddc91a8d5bc3e9c970..4e60c702c0e1a9f2da441b4a0ce656b64ecf89b8 100644
--- a/tiled/empyrean_campaign/arrival.tmx
+++ b/tiled/empyrean_campaign/arrival.tmx
@@ -173,5 +173,12 @@
     <property name="intermap" value="lost.txt,2,4"/>
    </properties>
   </object>
+  <object name="backstory cutscene" type="on_load" x="544" y="544" width="32" height="32">
+   <properties>
+    <property name="cutscene" value="backstory.txt"/>
+    <property name="requires_not_status" value="empyrean_backstory"/>
+    <property name="set_status" value="empyrean_backstory"/>
+   </properties>
+  </object>
  </objectgroup>
 </map>
diff --git a/tiled/empyrean_campaign/exile.tmx b/tiled/empyrean_campaign/exile.tmx
index a0faeaeba6e05752f48077123cc3112a4327afe6..a5d1cd33ce09f1dffb5bf543b6c7228ec5b66d3a 100644
--- a/tiled/empyrean_campaign/exile.tmx
+++ b/tiled/empyrean_campaign/exile.tmx
@@ -35,27 +35,27 @@
 0,0,0,0,0,0,0,0,0,0,0,0,0,0,0,0,0,0,0,0,0,0,0,0,0,0,0,0,0,0,0,0,0,0,0,0,0,0,0,0,
 0,0,0,0,0,0,0,0,0,0,0,0,0,0,0,0,0,0,0,0,0,0,0,0,0,0,0,0,0,0,0,0,0,0,0,0,0,0,0,0,
 0,0,0,0,19,16,17,18,19,0,0,0,0,0,0,0,0,0,0,0,0,0,0,0,0,0,0,0,0,0,0,0,0,0,0,0,0,0,0,0,
-0,20,21,22,23,20,21,22,23,20,21,22,23,20,0,0,0,0,0,0,0,0,0,0,0,0,0,22,23,20,21,22,0,0,0,0,0,0,0,0,
-0,24,25,26,27,24,25,26,27,24,25,26,27,24,25,26,0,0,0,0,0,0,0,0,0,0,0,26,27,24,25,26,0,0,0,0,0,0,0,0,
-0,28,29,30,31,28,29,30,31,28,29,30,31,28,29,30,31,28,0,0,0,0,0,0,0,0,0,30,31,28,29,30,31,0,0,0,0,0,0,0,
-0,16,17,18,19,16,17,18,19,16,17,18,19,16,17,18,19,16,17,0,0,0,0,0,0,0,17,18,19,16,17,18,19,0,0,0,0,0,0,0,
-0,20,21,22,23,20,21,22,23,156,149,145,149,157,21,22,23,20,21,22,0,0,0,0,0,20,21,22,23,20,21,22,23,0,0,0,0,0,0,0,
-0,145,149,145,145,193,193,145,145,164,177,178,179,161,157,26,27,24,25,26,27,0,0,0,27,24,25,26,27,24,25,26,27,0,0,0,0,0,0,0,
-0,180,181,182,183,199,199,182,183,180,181,182,183,180,165,157,31,28,29,30,31,28,29,30,31,28,29,30,31,28,29,30,0,0,0,0,0,0,0,0,
-0,184,185,186,187,203,207,186,187,184,185,186,187,184,185,150,19,16,17,18,19,16,17,18,19,16,17,18,19,16,17,18,0,0,0,0,0,0,0,0,
-0,188,189,190,191,197,197,190,191,188,189,190,191,188,189,150,23,20,21,22,23,20,21,22,23,20,21,22,23,20,21,0,0,0,0,0,0,0,0,0,
-0,176,177,178,179,176,177,178,179,176,177,178,179,176,177,146,27,24,25,26,27,24,25,26,27,24,25,26,27,24,25,0,0,0,0,0,0,0,0,0,
-0,180,181,182,183,180,181,182,183,180,181,182,183,180,181,161,157,28,29,30,31,28,29,30,31,28,29,30,31,0,0,0,0,0,0,0,0,0,0,0,
+0,20,21,22,23,20,34,35,23,20,21,22,23,20,0,0,0,0,0,0,0,0,0,0,0,0,0,22,23,20,21,22,0,0,0,0,0,0,0,0,
+0,24,25,26,27,46,32,34,27,24,25,26,27,24,25,26,0,0,0,0,0,0,0,0,0,0,0,26,27,24,25,26,0,0,0,0,0,0,0,0,
+0,28,29,30,31,32,32,34,36,28,29,30,31,28,29,30,31,28,0,0,0,0,0,0,0,0,0,30,31,28,29,30,31,0,0,0,0,0,0,0,
+0,16,17,18,19,32,35,44,19,16,41,38,37,37,43,18,19,16,17,0,0,0,0,0,0,0,17,18,19,16,17,18,19,0,0,0,0,0,0,0,
+0,20,21,22,23,32,35,22,23,156,149,145,149,39,39,22,23,20,21,22,0,0,0,0,0,20,21,22,23,20,21,22,23,0,0,0,0,0,0,0,
+0,145,149,145,145,193,193,145,145,164,177,178,179,161,157,26,34,24,25,26,27,0,0,0,27,24,25,26,27,24,25,26,27,0,0,0,0,0,0,0,
+0,180,181,182,183,199,199,182,183,180,181,182,183,180,165,157,31,34,29,30,31,28,29,30,31,28,29,30,31,28,29,30,0,0,0,0,0,0,0,0,
+0,184,185,186,187,203,207,186,187,184,185,186,187,184,185,150,19,35,32,18,19,16,17,18,19,16,17,18,19,16,17,18,0,0,0,0,0,0,0,0,
+0,188,189,190,191,197,197,190,191,188,189,190,191,188,189,150,23,32,32,22,23,20,21,22,23,20,21,22,23,20,21,0,0,0,0,0,0,0,0,0,
+0,176,177,178,179,176,177,178,179,176,177,178,179,176,177,146,27,33,32,26,27,24,25,26,27,24,25,26,27,24,25,0,0,0,0,0,0,0,0,0,
+0,180,181,182,183,180,181,182,183,180,181,182,183,180,181,161,157,34,32,30,31,28,29,30,31,28,29,30,31,0,0,0,0,0,0,0,0,0,0,0,
 0,184,185,186,187,184,185,186,187,184,185,186,187,184,185,186,165,193,193,145,153,16,17,18,152,145,149,157,0,0,0,0,0,0,0,0,0,0,0,0,
 0,188,189,190,191,188,189,190,191,188,189,190,191,162,151,151,147,195,195,167,161,145,149,145,160,176,176,146,0,0,0,0,0,0,0,0,0,0,0,0,
-0,176,177,178,179,176,177,178,179,176,177,162,147,158,18,19,16,17,18,159,151,147,147,147,147,147,147,158,16,17,0,0,0,0,0,0,0,0,0,0,
-0,180,181,182,183,180,181,182,183,180,181,146,20,21,22,23,20,21,22,23,20,21,22,23,20,21,22,23,20,21,22,0,0,0,0,0,0,0,0,0,
-0,184,185,186,187,184,185,186,187,184,185,146,24,0,0,27,24,25,26,27,24,25,26,27,24,25,26,27,24,25,26,0,0,0,0,0,0,0,0,0,
-0,188,189,190,191,188,189,190,191,188,189,146,28,265,0,31,28,29,30,31,28,29,30,31,28,29,30,31,28,29,0,0,0,0,0,0,0,0,0,0,
-0,176,177,178,179,176,177,178,179,176,177,161,153,17,18,19,16,17,18,19,16,17,18,19,16,17,18,19,16,17,0,0,0,0,0,0,0,0,0,0,
-0,180,181,182,183,180,181,182,183,180,181,182,150,21,22,23,20,21,22,23,20,21,22,23,20,21,22,23,20,21,0,0,0,0,0,0,0,0,0,0,
-0,184,185,186,187,184,185,186,187,184,185,186,150,25,26,27,24,25,26,27,24,25,26,27,24,25,26,27,24,0,0,0,0,0,0,0,0,0,0,0,
-0,188,189,190,191,188,189,190,191,188,189,190,165,153,30,31,28,29,30,31,28,29,30,31,28,29,30,31,28,29,0,0,0,0,0,0,0,0,0,0,
+0,176,177,178,179,176,177,178,179,176,177,162,147,158,18,19,16,35,32,159,151,147,147,147,147,147,147,158,16,17,0,0,0,0,0,0,0,0,0,0,
+0,180,181,182,183,180,181,182,183,180,181,146,20,21,22,23,20,35,32,23,20,21,22,23,20,21,22,23,20,21,22,0,0,0,0,0,0,0,0,0,
+0,184,185,186,187,184,185,186,187,184,185,146,24,0,0,38,39,32,32,27,24,25,26,27,24,25,26,27,24,25,26,0,0,0,0,0,0,0,0,0,
+0,188,189,190,191,188,189,190,191,188,189,146,28,265,0,37,37,34,34,31,28,29,30,31,28,29,30,31,28,29,0,0,0,0,0,0,0,0,0,0,
+0,176,177,178,179,176,177,178,179,176,177,161,153,17,18,19,16,34,33,47,16,17,18,19,16,17,18,19,16,17,0,0,0,0,0,0,0,0,0,0,
+0,180,181,182,183,180,181,182,183,180,181,182,150,21,22,23,20,41,33,38,32,43,22,23,20,21,22,23,20,21,0,0,0,0,0,0,0,0,0,0,
+0,184,185,186,187,184,185,186,187,184,185,186,150,25,26,27,24,25,45,37,28,36,26,27,24,25,26,27,24,0,0,0,0,0,0,0,0,0,0,0,
+0,188,189,190,191,188,189,190,191,188,189,190,165,153,30,31,28,29,30,41,33,44,30,31,28,29,30,31,28,29,0,0,0,0,0,0,0,0,0,0,
 0,176,177,178,179,176,177,178,179,176,177,178,179,150,18,19,16,17,18,19,16,17,18,19,16,17,18,19,16,17,0,0,0,0,0,0,0,0,0,0,
 0,180,181,182,183,180,181,182,183,180,181,182,183,150,22,23,20,21,22,23,20,21,22,23,20,21,22,23,20,21,22,23,0,0,0,0,0,0,0,0,
 0,184,185,186,187,184,185,186,187,184,185,186,187,165,153,27,24,25,26,27,24,25,26,27,24,25,26,27,24,25,26,27,0,0,0,0,0,0,0,0,
@@ -79,27 +79,27 @@
 0,0,0,0,0,0,0,0,0,0,0,0,0,0,0,0,0,0,0,0,0,0,0,0,0,0,0,0,0,0,0,0,0,0,0,0,0,0,0,0,
 0,0,0,0,0,0,0,0,0,0,0,0,0,0,0,0,0,0,0,0,0,0,0,0,0,0,0,0,0,0,0,0,0,0,0,0,0,0,0,0,
 0,0,0,56,53,53,230,231,53,57,0,0,0,0,0,0,0,0,0,0,0,0,0,0,0,0,0,0,0,0,0,0,0,0,0,0,0,0,0,0,
-0,49,53,64,99,0,34,35,137,69,53,49,53,49,61,0,0,0,0,0,0,0,0,0,0,0,0,48,93,93,93,93,50,0,0,0,0,0,0,0,
-0,92,0,126,0,46,32,34,0,97,0,117,125,0,65,49,57,0,0,0,0,0,0,0,0,0,0,52,0,0,0,0,54,0,0,0,0,0,0,0,
-0,92,0,0,0,32,32,34,36,124,0,0,0,0,127,249,69,53,57,0,0,0,0,0,0,0,60,64,0,126,0,0,65,0,0,0,0,0,0,0,
-0,92,0,0,0,32,35,44,0,0,41,38,37,37,43,16,0,125,69,57,0,0,0,0,0,0,48,139,0,0,125,0,0,54,0,0,0,0,0,0,
-0,92,0,126,0,32,35,0,128,0,0,0,0,39,39,0,0,0,0,69,61,0,0,0,56,49,64,0,0,0,0,0,0,50,0,0,0,0,0,0,
-0,0,0,0,130,0,0,0,0,124,0,0,0,0,0,0,34,0,0,0,69,61,0,60,68,252,0,125,0,0,0,0,0,54,0,0,0,0,0,0,
-0,0,0,0,0,0,0,0,114,0,0,121,0,120,0,0,0,34,0,0,0,69,49,68,129,0,0,0,0,127,0,0,66,58,0,0,0,0,0,0,
-0,0,121,0,0,0,97,173,0,114,0,0,0,0,0,0,125,35,32,0,0,0,0,0,0,0,0,0,0,0,0,0,54,0,0,0,0,0,0,0,
-0,0,0,0,0,0,99,172,0,0,0,0,0,0,0,0,0,32,32,0,126,0,0,0,0,0,126,0,0,0,0,70,62,0,0,0,0,0,0,0,
-0,0,0,0,0,0,0,171,0,0,0,0,0,0,0,0,0,33,32,0,0,0,0,0,0,124,0,0,0,0,0,50,0,0,0,0,0,0,0,0,
-0,0,0,0,0,0,0,0,0,0,0,0,0,0,0,0,124,34,32,0,0,0,0,0,0,0,117,0,0,66,55,58,0,0,0,0,0,0,0,0,
+0,49,53,64,99,0,0,0,137,69,53,49,53,49,61,0,0,0,0,0,0,0,0,0,0,0,0,48,93,93,93,93,50,0,0,0,0,0,0,0,
+0,92,0,126,0,0,0,0,0,97,0,117,125,0,65,49,57,0,0,0,0,0,0,0,0,0,0,52,0,0,0,0,54,0,0,0,0,0,0,0,
+0,92,0,0,0,0,0,0,0,124,0,0,0,0,127,249,69,53,57,0,0,0,0,0,0,0,60,64,0,126,0,0,65,0,0,0,0,0,0,0,
+0,92,0,0,0,0,0,0,0,0,0,0,0,0,0,0,0,125,69,57,0,0,0,0,0,0,48,139,0,0,125,0,0,54,0,0,0,0,0,0,
+0,92,0,126,0,0,0,0,128,0,0,0,0,0,0,0,0,0,0,69,61,0,0,0,56,49,64,0,0,0,0,0,0,50,0,0,0,0,0,0,
+0,0,0,0,130,0,0,0,0,124,0,0,0,0,0,0,0,0,0,0,69,61,0,60,68,252,0,125,0,0,0,0,0,54,0,0,0,0,0,0,
+0,0,0,0,0,0,0,0,114,0,0,121,0,120,0,0,0,0,0,0,0,69,49,68,129,0,0,0,0,127,0,0,66,58,0,0,0,0,0,0,
+0,0,121,0,0,0,97,173,0,114,0,0,0,0,0,0,125,0,0,0,0,0,0,0,0,0,0,0,0,0,0,0,54,0,0,0,0,0,0,0,
+0,0,0,0,0,0,99,172,0,0,0,0,0,0,0,0,0,0,0,0,126,0,0,0,0,0,126,0,0,0,0,70,62,0,0,0,0,0,0,0,
+0,0,0,0,0,0,0,171,0,0,0,0,0,0,0,0,0,0,0,0,0,0,0,0,0,124,0,0,0,0,0,50,0,0,0,0,0,0,0,0,
+0,0,0,0,0,0,0,0,0,0,0,0,0,0,0,0,124,0,0,0,0,0,0,0,0,0,117,0,0,66,55,58,0,0,0,0,0,0,0,0,
 0,0,0,0,0,0,0,0,0,0,0,0,0,0,0,0,120,0,0,0,0,0,125,0,0,115,0,0,66,62,0,0,0,0,0,0,0,0,0,0,
 0,0,0,0,0,0,0,0,0,0,0,0,0,0,0,0,0,0,0,0,0,0,0,0,0,0,0,121,54,0,0,0,0,0,0,0,0,0,0,0,
-0,0,0,0,0,0,0,0,0,0,0,0,0,0,110,111,0,35,32,0,121,0,0,0,0,0,0,0,69,53,61,0,0,0,0,0,0,0,0,0,
-0,0,0,0,0,0,0,0,0,0,0,0,133,0,0,0,0,35,32,0,105,116,116,117,0,0,215,137,101,244,65,57,0,0,0,0,0,0,0,0,
-0,0,0,0,0,0,0,0,0,0,0,0,0,0,0,38,39,32,32,0,104,117,117,116,212,213,214,0,124,0,0,50,0,0,0,0,0,0,0,0,
-0,0,0,0,0,0,0,0,0,0,0,0,0,0,0,37,37,34,34,0,0,106,107,0,0,0,0,0,0,0,70,62,0,0,0,0,0,0,0,0,
-0,0,0,0,0,0,0,0,0,0,0,0,135,0,0,0,0,34,33,47,0,0,0,0,126,0,0,127,0,0,54,0,0,0,0,0,0,0,0,0,
-0,0,0,0,0,0,0,0,0,0,0,0,124,0,0,0,126,41,33,38,32,43,0,0,0,0,0,0,0,0,50,0,0,0,0,0,0,0,0,0,
-0,0,0,0,0,0,0,0,0,0,0,0,115,0,0,0,0,0,45,37,102,36,0,0,0,127,0,0,0,70,58,0,0,0,0,0,0,0,0,0,
-0,0,0,0,0,0,0,0,0,0,0,0,0,0,0,0,0,0,0,41,33,44,0,74,75,0,0,0,0,65,57,0,0,0,0,0,0,0,0,0,
+0,0,0,0,0,0,0,0,0,0,0,0,0,0,110,111,0,0,0,0,121,0,0,0,0,0,0,0,69,53,61,0,0,0,0,0,0,0,0,0,
+0,0,0,0,0,0,0,0,0,0,0,0,133,0,0,0,0,0,0,0,105,116,116,117,0,0,215,137,101,244,65,57,0,0,0,0,0,0,0,0,
+0,0,0,0,0,0,0,0,0,0,0,0,0,0,0,0,0,0,0,0,104,117,117,116,212,213,214,0,124,0,0,50,0,0,0,0,0,0,0,0,
+0,0,0,0,0,0,0,0,0,0,0,0,0,0,0,0,0,0,0,0,0,106,107,0,0,0,0,0,0,0,70,62,0,0,0,0,0,0,0,0,
+0,0,0,0,0,0,0,0,0,0,0,0,135,0,0,0,0,0,0,0,0,0,0,0,126,0,0,127,0,0,54,0,0,0,0,0,0,0,0,0,
+0,0,0,0,0,0,0,0,0,0,0,0,124,0,0,0,126,0,0,0,0,0,0,0,0,0,0,0,0,0,50,0,0,0,0,0,0,0,0,0,
+0,0,0,0,0,0,0,0,0,0,0,0,115,0,0,0,0,0,0,0,102,0,0,0,0,127,0,0,0,70,58,0,0,0,0,0,0,0,0,0,
+0,0,0,0,0,0,0,0,0,0,0,0,0,0,0,0,0,0,0,0,0,0,0,74,75,0,0,0,0,65,57,0,0,0,0,0,0,0,0,0,
 0,0,0,0,0,0,0,0,0,0,0,0,0,0,0,0,211,0,0,0,0,0,0,77,0,0,0,0,0,0,54,0,0,0,0,0,0,0,0,0,
 0,0,0,0,0,0,0,0,0,0,0,0,0,0,0,0,210,0,0,0,0,0,0,0,0,0,0,0,124,0,69,49,57,0,0,0,0,0,0,0,
 0,0,0,0,0,0,0,0,0,0,0,0,0,0,0,208,209,0,103,0,0,0,0,0,0,127,0,125,0,0,0,0,54,0,0,0,0,0,0,0,
@@ -161,7 +161,7 @@
 3,3,3,3,3,3,3,3,3,3,3,3,3,3,3,3,3,3,3,3,3,3,3,3,3,3,3,3,3,3,3,3,3,3,3,3,3,3,3,3
 </data>
  </layer>
- <objectgroup name="event" width="40" height="40" visible="0">
+ <objectgroup name="event" width="40" height="40">
   <object name="to Abandoned Mineshaft" type="on_trigger" x="192" y="96" width="64" height="32">
    <properties>
     <property name="intermap" value="abandoned_mineshaft.txt,27,34"/>
diff --git a/tiled/empyrean_campaign/intro_cutscene.tmx b/tiled/empyrean_campaign/intro_cutscene.tmx
deleted file mode 100644
index 32482cab00b98c614d314ffc30c7146fa63bab7f..0000000000000000000000000000000000000000
--- a/tiled/empyrean_campaign/intro_cutscene.tmx
+++ /dev/null
@@ -1,166 +0,0 @@
-<?xml version="1.0" encoding="UTF-8"?>
-<map version="1.0" orientation="isometric" width="4" height="20" tilewidth="64" tileheight="32" backgroundcolor="#000000">
- <properties>
-  <property name="music" value="title_theme.ogg"/>
-  <property name="tileset" value="tileset_dungeon.txt"/>
-  <property name="title" value="Introduction"/>
- </properties>
- <tileset firstgid="1" name="collision" tilewidth="64" tileheight="32">
-  <image source="../dungeon/tiled_collision.png" width="960" height="32"/>
- </tileset>
- <tileset firstgid="16" name="dungeon" tilewidth="64" tileheight="128">
-  <image source="../dungeon/tiled_dungeon.png" width="1024" height="1920"/>
- </tileset>
- <tileset firstgid="256" name="set_rules" tilewidth="64" tileheight="32">
-  <image source="../dungeon/set_rules.png" width="128" height="128"/>
- </tileset>
- <tileset firstgid="264" name="tiled_dungeon_2x2" tilewidth="128" tileheight="64">
-  <tileoffset x="0" y="16"/>
-  <image source="../dungeon/tiled_dungeon_2x2.png" width="512" height="256"/>
- </tileset>
- <tileset firstgid="280" name="door_left" tilewidth="64" tileheight="128">
-  <tileoffset x="-16" y="-8"/>
-  <image source="../dungeon/door_left.png" width="128" height="128"/>
- </tileset>
- <tileset firstgid="282" name="door_right" tilewidth="64" tileheight="128">
-  <tileoffset x="16" y="-8"/>
-  <image source="../dungeon/door_right.png" width="128" height="128"/>
- </tileset>
- <tileset firstgid="284" name="stairs" tilewidth="256" tileheight="256">
-  <tileoffset x="0" y="48"/>
-  <image source="../dungeon/stairs.png" width="1024" height="256"/>
- </tileset>
- <layer name="background" width="4" height="20">
-  <data encoding="csv">
-0,0,0,0,
-0,24,25,49,
-0,33,22,49,
-0,44,22,49,
-0,20,22,49,
-0,20,47,49,
-0,20,22,49,
-0,20,42,49,
-0,20,22,49,
-0,20,22,49,
-0,17,22,49,
-0,20,22,49,
-0,20,22,49,
-0,20,22,49,
-0,43,33,49,
-0,20,22,49,
-0,20,22,49,
-0,42,22,49,
-0,27,26,49,
-0,50,50,0
-</data>
- </layer>
- <layer name="object" width="4" height="20">
-  <data encoding="csv">
-0,0,0,0,
-0,282,283,0,
-0,0,0,0,
-0,0,0,0,
-0,0,0,0,
-0,148,0,0,
-0,0,0,0,
-0,148,0,0,
-0,0,0,0,
-0,148,0,0,
-0,0,0,0,
-0,148,0,0,
-0,0,0,0,
-0,148,0,0,
-0,0,0,0,
-0,0,0,0,
-0,0,0,0,
-0,0,0,0,
-0,0,0,0,
-0,0,0,0
-</data>
- </layer>
- <layer name="collision" width="4" height="20" visible="0">
-  <data encoding="csv">
-1,1,1,1,
-1,0,0,1,
-1,0,0,1,
-1,0,0,1,
-1,0,0,1,
-1,0,0,1,
-1,0,0,1,
-1,0,0,1,
-1,0,0,1,
-1,0,0,1,
-1,0,0,1,
-1,0,0,1,
-1,0,0,1,
-1,0,0,1,
-1,0,0,1,
-1,0,0,1,
-1,0,0,1,
-1,0,0,1,
-1,0,0,1,
-1,1,1,1
-</data>
- </layer>
- <objectgroup name="event" width="4" height="20">
-  <object type="on_trigger" x="32" y="416" width="32" height="32">
-   <properties>
-    <property name="hotspot" value="location"/>
-    <property name="mapmod" value="object,1,13,164"/>
-    <property name="msg" value="Empyrean, the city in the sky. It is a magestic fortress and the last bastin of humankind. At the height of the kingdom's power, the city was a beacon of peace and law."/>
-    <property name="soundfx" value="soundfx/inventory/inventory_page.ogg"/>
-    <property name="tooltip" value="Book Stand"/>
-    <property name="repeat" value="false"/>
-   </properties>
-  </object>
-  <object x="160" y="417"/>
-  <object type="on_trigger" x="32" y="224" width="32" height="32">
-   <properties>
-    <property name="hotspot" value="location"/>
-    <property name="mapmod" value="object,1,7,164"/>
-    <property name="msg" value="People down here still cling to hope. Hope that they'll return to Empyrean some day. Hope that some hero will fight back against the darkness."/>
-    <property name="soundfx" value="soundfx/inventory/inventory_page.ogg"/>
-    <property name="tooltip" value="Book Stand"/>
-    <property name="repeat" value="false"/>
-   </properties>
-  </object>
-  <object x="32" y="448"/>
-  <object x="51" y="428"/>
-  <object type="on_trigger" x="32" y="352" width="32" height="32">
-   <properties>
-    <property name="hotspot" value="location"/>
-    <property name="mapmod" value="object,1,11,164"/>
-    <property name="msg" value="When darkness invaded the world in the last age, people abandoned the surface. Empyrean was their only refuge. Now the Age of Humanity is ending. Empyrean is crumbling. Scarcity and political infighting have consumed the city."/>
-    <property name="soundfx" value="soundfx/inventory/inventory_page.ogg"/>
-    <property name="tooltip" value="Book Stand"/>
-    <property name="repeat" value="false"/>
-   </properties>
-  </object>
-  <object type="on_trigger" x="32" y="288" width="32" height="32">
-   <properties>
-    <property name="hotspot" value="location"/>
-    <property name="mapmod" value="object,1,9,164"/>
-    <property name="msg" value="Some, in desperation, turn to the Wilderness -- hoping to survive without the protection of the city. But no one returns from the Wilderness. Most die or go missing. A few hide and survive, for a while."/>
-    <property name="soundfx" value="soundfx/inventory/inventory_page.ogg"/>
-    <property name="tooltip" value="Book Stand"/>
-    <property name="repeat" value="false"/>
-   </properties>
-  </object>
-  <object type="on_trigger" x="32" y="160" width="32" height="32">
-   <properties>
-    <property name="hotspot" value="location"/>
-    <property name="mapmod" value="object,1,5,164"/>
-    <property name="msg" value="There is always hope. But not for everyone: not for you. Not for the Exiled."/>
-    <property name="soundfx" value="soundfx/inventory/inventory_page.ogg"/>
-    <property name="tooltip" value="Book Stand"/>
-    <property name="repeat" value="false"/>
-   </properties>
-  </object>
-  <object type="on_trigger" x="32" y="32" width="64" height="32">
-   <properties>
-    <property name="hotspot" value="location"/>
-    <property name="intermap" value="arrival.txt,20,20"/>
-   </properties>
-  </object>
- </objectgroup>
-</map>
diff --git a/tiled/empyrean_campaign/lost.tmx b/tiled/empyrean_campaign/lost.tmx
index 3829ad1359f4a3fba5868b789cbfecde2c9af20c..622a173f0521d52e035e3b6857259985c6236fc4 100644
--- a/tiled/empyrean_campaign/lost.tmx
+++ b/tiled/empyrean_campaign/lost.tmx
@@ -197,6 +197,10 @@
   <object x="529" y="630"/>
  </objectgroup>
  <objectgroup name="npc" width="20" height="42">
-  <object name="Lost Man" type="lostman" x="288" y="864" width="32" height="32"/>
+  <object name="Lost Man" type="lostman" x="288" y="864" width="32" height="32">
+   <properties>
+    <property name="requires_not_status" value="florin_lostman"/>
+   </properties>
+  </object>
  </objectgroup>
 </map>
