diff --git a/mods/empyrean_campaign/maps/fort_nasu.txt b/mods/empyrean_campaign/maps/fort_nasu.txt
index d3b05ba101c40cb5d664ec4a17a9cdf962a086d3..e034736e9ef7ff081aea9f930b68058e8c81f607 100644
--- a/mods/empyrean_campaign/maps/fort_nasu.txt
+++ b/mods/empyrean_campaign/maps/fort_nasu.txt
@@ -260,7 +260,7 @@ data=
 3,3,3,3,1,0,0,0,0,0,0,0,0,0,0,0,4,0,0,0,0,4,0,0,0,0,0,0,0,0,0,0,0,1,3,3,3,3,3,3,3,3,3,3,3,3,3,3,3,3,3,3,1,0,0,0,0,1,3,3,3,3,3,3,3,3,3,3,3,3,3,3,3,3,3,3,1,0,0,0,0,0,2,4,4,4,4,2,0,0,0,0,0,1,3,3,3,3,3,3,
 3,3,3,3,1,0,0,0,0,0,0,0,0,0,0,0,0,0,0,0,0,0,0,0,0,0,0,0,0,0,0,0,0,1,3,3,3,3,3,3,3,3,3,3,3,3,3,3,3,3,3,3,1,0,0,0,0,1,3,3,3,3,3,3,3,3,3,3,3,3,3,3,3,3,3,3,1,0,0,0,0,0,2,4,4,4,4,2,0,0,0,0,0,1,3,3,3,3,3,3,
 3,3,3,3,1,0,0,0,0,0,0,0,0,0,0,0,0,0,0,0,0,0,0,0,0,0,0,0,0,0,0,0,0,1,3,3,3,3,3,3,3,3,3,3,3,3,3,3,3,3,3,3,1,0,0,0,0,1,3,3,3,3,3,3,3,3,3,3,3,3,3,3,3,3,3,3,1,0,0,0,0,0,2,4,4,4,4,2,0,0,0,0,0,1,3,3,3,3,3,3,
-3,3,3,3,1,0,0,0,0,0,0,0,0,0,0,0,0,0,0,0,0,0,0,0,0,0,0,0,0,0,0,0,0,1,3,3,3,3,3,3,3,3,3,3,3,3,3,3,3,3,3,3,1,0,0,0,0,1,3,3,3,3,3,3,3,3,3,3,3,3,3,3,3,3,3,3,1,0,0,0,0,0,2,4,4,4,4,2,0,0,0,0,0,1,3,3,3,3,3,3,
+3,3,3,3,1,0,0,0,0,0,0,0,0,0,0,0,0,0,0,4,0,0,0,0,0,0,0,0,0,0,0,0,0,1,3,3,3,3,3,3,3,3,3,3,3,3,3,3,3,3,3,3,1,0,0,0,0,1,3,3,3,3,3,3,3,3,3,3,3,3,3,3,3,3,3,3,1,0,0,0,0,0,2,4,4,4,4,2,0,0,0,0,0,1,3,3,3,3,3,3,
 3,3,3,3,1,0,0,0,0,0,0,0,0,0,0,0,0,0,0,0,0,0,0,0,0,0,0,0,0,0,0,0,0,1,3,3,3,3,3,3,3,3,3,3,3,3,3,3,3,3,3,3,1,0,0,0,0,1,3,3,3,3,3,3,3,3,3,3,3,3,3,3,3,3,3,3,1,0,0,0,0,0,2,4,4,4,4,2,0,0,0,0,0,1,3,3,3,3,3,3,
 3,3,3,3,1,0,0,0,0,0,0,0,0,0,0,0,0,0,0,0,0,0,0,0,0,0,0,0,0,0,0,0,0,1,3,3,3,3,3,3,3,3,3,3,3,3,3,3,3,3,3,3,1,0,0,0,0,1,3,3,3,3,3,3,3,3,3,3,3,3,3,3,3,3,3,3,1,0,0,0,0,0,2,4,4,4,4,2,0,0,0,0,0,1,3,3,3,3,3,3,
 3,3,3,3,1,0,0,0,0,0,0,0,0,0,0,0,0,0,0,0,0,0,0,0,0,0,0,0,0,0,0,0,0,1,3,3,3,3,3,3,3,3,3,3,3,3,3,3,3,3,3,3,1,0,0,0,0,1,3,3,3,3,3,3,3,3,3,3,3,3,3,3,3,3,3,3,1,0,0,0,0,0,2,4,4,4,4,2,0,0,0,0,0,1,3,3,3,3,3,3,
diff --git a/mods/empyrean_campaign/settings.txt b/mods/empyrean_campaign/settings.txt
index 137d2aa2edd0b42c085e9253cf86fbb7e5949a0b..0f6c82434fa7cdbec353939d9b02de98d4dcc0c9 100644
--- a/mods/empyrean_campaign/settings.txt
+++ b/mods/empyrean_campaign/settings.txt
@@ -1,5 +1,5 @@
 description=The new Flare 1.0 campaign
 requires=fantasycore:0.90:0
 game=flare-game
-version=0.91.01
+version=0.91.02
 engine_version_min=0.90.30
diff --git a/tiled/empyrean_campaign/fort_nasu.tmx b/tiled/empyrean_campaign/fort_nasu.tmx
index 50fd2362cc060d505c04317fb8fe2aed7ee70d28..ab8b651907f38d19aa42aaeb2066445a99d50f2a 100644
--- a/tiled/empyrean_campaign/fort_nasu.tmx
+++ b/tiled/empyrean_campaign/fort_nasu.tmx
@@ -1,5 +1,5 @@
 <?xml version="1.0" encoding="UTF-8"?>
-<map version="1.0" tiledversion="1.1.0" orientation="isometric" renderorder="right-down" width="100" height="100" tilewidth="64" tileheight="32" infinite="0" backgroundcolor="#000000" nextobjectid="102">
+<map version="1.0" tiledversion="1.1.2" orientation="isometric" renderorder="right-down" width="100" height="100" tilewidth="64" tileheight="32" infinite="0" backgroundcolor="#000000" nextobjectid="102">
  <properties>
   <property name="hero_pos" value="96,66"/>
   <property name="music" value="music/dungeon_theme.ogg"/>
@@ -271,7 +271,7 @@
 3,3,3,3,1,0,0,0,0,0,0,0,0,0,0,0,4,0,0,0,0,4,0,0,0,0,0,0,0,0,0,0,0,1,3,3,3,3,3,3,3,3,3,3,3,3,3,3,3,3,3,3,1,0,0,0,0,1,3,3,3,3,3,3,3,3,3,3,3,3,3,3,3,3,3,3,1,0,0,0,0,0,2,4,4,4,4,2,0,0,0,0,0,1,3,3,3,3,3,3,
 3,3,3,3,1,0,0,0,0,0,0,0,0,0,0,0,0,0,0,0,0,0,0,0,0,0,0,0,0,0,0,0,0,1,3,3,3,3,3,3,3,3,3,3,3,3,3,3,3,3,3,3,1,0,0,0,0,1,3,3,3,3,3,3,3,3,3,3,3,3,3,3,3,3,3,3,1,0,0,0,0,0,2,4,4,4,4,2,0,0,0,0,0,1,3,3,3,3,3,3,
 3,3,3,3,1,0,0,0,0,0,0,0,0,0,0,0,0,0,0,0,0,0,0,0,0,0,0,0,0,0,0,0,0,1,3,3,3,3,3,3,3,3,3,3,3,3,3,3,3,3,3,3,1,0,0,0,0,1,3,3,3,3,3,3,3,3,3,3,3,3,3,3,3,3,3,3,1,0,0,0,0,0,2,4,4,4,4,2,0,0,0,0,0,1,3,3,3,3,3,3,
-3,3,3,3,1,0,0,0,0,0,0,0,0,0,0,0,0,0,0,0,0,0,0,0,0,0,0,0,0,0,0,0,0,1,3,3,3,3,3,3,3,3,3,3,3,3,3,3,3,3,3,3,1,0,0,0,0,1,3,3,3,3,3,3,3,3,3,3,3,3,3,3,3,3,3,3,1,0,0,0,0,0,2,4,4,4,4,2,0,0,0,0,0,1,3,3,3,3,3,3,
+3,3,3,3,1,0,0,0,0,0,0,0,0,0,0,0,0,0,0,4,0,0,0,0,0,0,0,0,0,0,0,0,0,1,3,3,3,3,3,3,3,3,3,3,3,3,3,3,3,3,3,3,1,0,0,0,0,1,3,3,3,3,3,3,3,3,3,3,3,3,3,3,3,3,3,3,1,0,0,0,0,0,2,4,4,4,4,2,0,0,0,0,0,1,3,3,3,3,3,3,
 3,3,3,3,1,0,0,0,0,0,0,0,0,0,0,0,0,0,0,0,0,0,0,0,0,0,0,0,0,0,0,0,0,1,3,3,3,3,3,3,3,3,3,3,3,3,3,3,3,3,3,3,1,0,0,0,0,1,3,3,3,3,3,3,3,3,3,3,3,3,3,3,3,3,3,3,1,0,0,0,0,0,2,4,4,4,4,2,0,0,0,0,0,1,3,3,3,3,3,3,
 3,3,3,3,1,0,0,0,0,0,0,0,0,0,0,0,0,0,0,0,0,0,0,0,0,0,0,0,0,0,0,0,0,1,3,3,3,3,3,3,3,3,3,3,3,3,3,3,3,3,3,3,1,0,0,0,0,1,3,3,3,3,3,3,3,3,3,3,3,3,3,3,3,3,3,3,1,0,0,0,0,0,2,4,4,4,4,2,0,0,0,0,0,1,3,3,3,3,3,3,
 3,3,3,3,1,0,0,0,0,0,0,0,0,0,0,0,0,0,0,0,0,0,0,0,0,0,0,0,0,0,0,0,0,1,3,3,3,3,3,3,3,3,3,3,3,3,3,3,3,3,3,3,1,0,0,0,0,1,3,3,3,3,3,3,3,3,3,3,3,3,3,3,3,3,3,3,1,0,0,0,0,0,2,4,4,4,4,2,0,0,0,0,0,1,3,3,3,3,3,3,
