diff --git a/mods/empyrean_campaign/maps/goblin_camp.txt b/mods/empyrean_campaign/maps/goblin_camp.txt
index 130866021924ada7c3516b9c95b1390906e00d03..ad1688b6a61c0e1416a16a8792a73d422256ccf8 100644
--- a/mods/empyrean_campaign/maps/goblin_camp.txt
+++ b/mods/empyrean_campaign/maps/goblin_camp.txt
@@ -18,6 +18,7 @@ tileset=../../../tiled/grassland/grassland_trees.png,128,256,-32,0
 tileset=../../../tiled/grassland/set_rules.png,64,32,0,0
 tileset=../../../tiled/grassland/tiled_grassland_2x2.png,128,64,0,16
 tileset=../../../tiled/dungeon/tiled_collision.png,64,32,0,0
+tileset=../../../tiled/snowplains/tiled_collision.png,64,32,0,0
 
 [layer]
 type=background
@@ -112,7 +113,7 @@ data=
 0,52,0,0,0,69,57,0,0,0,63,71,0,0,0,0,0,0,74,75,0,0,0,0,0,0,0,0,0,50,0,0,0,0,0,0,0,60,68,0,248,0,0,0,0,0,0,65,61,0,0,0,0,0,0,0,0,0,0,0,
 0,48,0,0,0,0,65,61,0,0,0,48,0,243,0,124,73,100,101,0,126,0,0,0,0,0,0,117,0,65,49,49,57,0,0,0,0,48,0,116,0,114,0,115,123,0,0,0,54,0,0,0,0,0,0,0,0,0,0,0,
 0,48,243,0,0,0,0,54,0,0,60,64,0,0,0,0,72,0,0,0,0,0,0,0,0,0,0,114,0,0,247,0,69,53,53,226,227,64,124,0,0,0,0,0,0,0,126,0,50,0,0,0,0,0,0,0,0,0,0,0,
-0,63,71,0,0,0,0,65,53,49,68,0,0,0,0,0,0,0,0,0,0,0,0,0,244,0,0,0,0,0,0,0,241,0,122,125,0,0,0,0,136,0,0,0,0,0,0,0,69,49,0,0,0,0,0,0,0,0,0,0,
+0,63,71,0,0,0,0,65,53,49,68,0,0,0,0,0,0,0,0,0,0,0,0,0,244,0,0,0,0,0,0,0,241,0,122,93,93,0,0,0,136,0,0,0,0,0,0,0,69,49,0,0,0,0,0,0,0,0,0,0,
 0,0,48,0,246,0,0,0,0,0,0,0,0,0,0,0,117,0,0,0,0,0,0,0,0,0,0,0,0,0,0,0,0,0,0,0,0,124,0,0,0,0,0,0,0,0,0,0,0,0,50,0,0,0,0,0,0,0,0,0,
 0,0,63,51,51,67,0,0,0,0,0,0,124,0,0,0,0,0,0,0,66,51,67,0,0,0,0,0,0,0,0,0,0,0,0,0,0,0,0,0,127,0,0,0,252,0,0,126,0,0,69,53,61,0,0,0,0,0,0,0,
 0,0,0,0,0,48,0,96,0,0,0,0,123,0,0,0,70,55,55,51,58,0,52,241,0,127,0,0,128,0,0,0,0,0,0,0,0,0,0,0,0,0,0,0,0,0,126,0,0,0,0,0,69,53,61,0,0,0,0,0,
@@ -174,8 +175,8 @@ data=
 1,4,0,0,0,1,1,3,3,3,1,2,2,2,2,2,2,2,2,2,2,2,2,0,0,0,0,0,1,3,3,3,3,3,3,3,3,3,3,1,1,0,1,0,0,0,0,1,1,1,3,3,3,3,3,3,3,3,3,3,
 1,1,0,0,0,1,3,3,3,3,1,2,2,2,2,2,0,0,0,1,2,2,2,2,2,0,0,0,1,1,3,3,3,3,3,3,3,3,1,1,2,2,2,0,0,0,0,1,3,3,3,3,3,3,3,3,3,3,3,3,
 3,1,0,0,0,1,1,3,3,3,1,1,2,2,2,2,0,0,4,4,0,2,2,2,2,2,2,2,0,1,3,3,3,3,3,3,3,1,1,2,2,2,2,2,0,0,0,1,1,3,3,3,3,3,3,3,3,3,3,3,
-3,1,0,0,0,0,1,1,3,3,3,1,2,2,2,2,4,4,4,0,0,0,2,2,2,2,2,2,2,1,1,1,1,3,3,1,1,1,0,2,2,2,2,2,0,0,0,0,1,3,3,3,3,3,3,3,3,3,3,3,
-3,1,1,0,0,0,0,1,3,3,1,1,2,2,2,0,4,0,0,0,0,0,0,0,2,2,2,2,2,2,2,2,1,1,1,0,0,1,0,0,2,2,2,2,2,0,0,0,1,3,3,3,3,3,3,3,3,3,3,3,
+3,1,0,0,0,0,1,1,3,3,3,1,2,2,2,2,4,4,4,0,0,0,2,2,2,2,2,2,2,1,1,1,1,3,3,313,313,1,0,2,2,2,2,2,0,0,0,0,1,3,3,3,3,3,3,3,3,3,3,3,
+3,1,1,0,0,0,0,1,3,3,1,1,2,2,2,0,4,0,0,0,0,0,0,0,2,2,2,2,2,2,2,2,1,1,1,313,313,1,0,0,2,2,2,2,2,0,0,0,1,3,3,3,3,3,3,3,3,3,3,3,
 3,1,1,0,0,0,0,1,1,1,1,0,0,0,0,0,0,0,0,0,0,0,0,0,1,2,2,2,2,2,2,2,2,2,0,0,0,0,0,0,2,2,2,2,2,0,0,0,1,1,3,3,3,3,3,3,3,3,3,3,
 3,3,1,0,1,0,0,0,0,0,0,0,2,2,2,0,0,0,0,0,0,0,0,0,0,0,2,2,2,2,2,2,2,2,2,2,0,0,0,0,2,2,2,2,0,0,0,0,0,0,1,3,3,3,3,3,3,3,3,3,
 3,3,1,1,1,1,0,0,0,0,0,0,2,2,2,0,0,0,0,0,1,1,1,0,0,0,2,2,2,2,2,2,2,2,2,2,0,2,2,2,2,2,2,2,1,0,0,0,0,0,1,1,1,3,3,3,3,3,3,3,
@@ -402,7 +403,7 @@ tooltip=Merrimead Swamp
 [event]
 # to Goblin Cave
 type=event
-location=35,25,2,1
+location=35,25,2,2
 activate=on_trigger
 hotspot=location
 intermap=maps/goblin_cave.txt,18,46
diff --git a/mods/empyrean_campaign/maps/goblin_cave.txt b/mods/empyrean_campaign/maps/goblin_cave.txt
index 1c9676e540031392050c1ec1b915f84d37e9b03f..f3782476639bee92d48476a7a07677d729cd55c3 100644
--- a/mods/empyrean_campaign/maps/goblin_cave.txt
+++ b/mods/empyrean_campaign/maps/goblin_cave.txt
@@ -177,7 +177,7 @@ type=event
 location=17,47,4,1
 activate=on_trigger
 hotspot=location
-intermap=maps/goblin_camp.txt,36,26
+intermap=maps/goblin_camp.txt,36,27
 tooltip=Goblin Camp
 
 [event]
diff --git a/mods/empyrean_campaign/maps/grot_lagoon.txt b/mods/empyrean_campaign/maps/grot_lagoon.txt
index c4ed31f02c3fff63c447c6a28eccc2dffab51cb5..1886a21db077c233c71c367db65270f4d9a41a71 100644
--- a/mods/empyrean_campaign/maps/grot_lagoon.txt
+++ b/mods/empyrean_campaign/maps/grot_lagoon.txt
@@ -433,7 +433,7 @@ data=
 0,0,0,0,0,0,0,0,0,0,0,0,0,0,0,0,0,0,0,0,0,48,0,0,0,0,0,0,0,0,0,0,0,0,247,0,0,0,0,0,0,0,0,0,0,108,0,0,244,0,0,0,0,0,0,0,0,0,0,0,0,0,0,0,0,0,0,0,0,0,139,0,0,0,0,0,0,0,244,130,69,61,0,0,0,0,0,0,0,0,0,0,0,0,0,0,0,0,0,0,0,0,0,0,0,0,0,0,0,0,0,0,
 0,0,0,0,0,0,0,0,0,0,0,0,0,0,0,0,0,0,0,0,0,52,0,0,0,0,0,0,0,0,0,0,0,0,0,0,0,0,0,0,0,0,0,0,0,0,0,0,0,0,0,0,0,0,0,0,0,0,0,0,0,0,0,0,0,0,0,0,0,0,0,0,0,0,0,0,0,133,106,107,0,65,49,49,57,0,0,0,0,0,0,0,0,0,0,0,0,0,0,0,0,0,0,0,0,0,0,0,0,0,0,0,
 0,0,0,0,0,0,0,0,0,0,0,0,0,0,0,0,0,0,0,0,0,48,0,0,0,0,0,0,0,0,0,0,0,0,0,0,0,0,0,0,0,0,0,0,0,0,0,0,0,0,0,0,0,0,0,0,0,0,0,0,0,0,0,0,0,0,0,0,0,0,0,0,0,0,0,0,0,0,0,0,0,0,0,0,65,49,49,53,53,230,231,53,49,53,53,57,0,0,0,0,0,0,0,0,0,0,0,0,0,0,0,0,
-0,0,0,0,0,0,0,0,0,0,0,0,0,0,0,0,0,0,0,0,0,48,0,244,0,0,0,0,0,0,0,0,0,0,0,0,0,0,0,0,0,0,0,0,0,0,0,0,0,0,0,0,0,0,0,244,0,0,0,0,0,0,0,0,0,0,0,0,0,0,0,0,0,0,0,0,0,0,0,0,0,0,0,0,0,0,0,0,0,0,0,0,0,0,0,69,61,0,0,0,0,0,0,0,0,0,0,0,0,0,0,0,
+0,0,0,0,0,0,0,0,0,0,0,0,0,0,0,0,0,0,0,0,0,48,0,244,0,0,0,0,0,0,0,0,0,0,0,0,0,0,0,0,0,0,0,0,0,0,0,0,0,0,0,0,0,0,0,244,0,0,0,0,0,0,0,0,0,0,0,0,0,0,0,0,0,0,0,0,0,0,0,0,0,0,0,0,0,0,0,0,0,93,93,0,0,0,0,69,61,0,0,0,0,0,0,0,0,0,0,0,0,0,0,0,
 0,0,0,0,0,0,0,0,0,0,0,0,0,0,0,0,0,0,0,0,0,48,0,0,0,0,0,0,0,0,0,0,560,0,0,0,0,0,0,0,0,0,0,0,0,0,0,0,0,0,0,0,215,100,0,0,0,0,0,0,0,0,0,0,0,0,0,0,0,0,0,0,0,0,0,0,0,0,0,0,0,0,0,0,0,0,0,244,0,0,0,0,0,0,246,0,50,0,0,0,0,0,0,0,0,0,0,0,0,0,0,0,
 0,0,0,0,0,0,0,0,0,0,0,0,0,0,0,0,0,0,0,0,0,48,244,0,0,0,0,0,0,0,0,567,0,0,0,0,0,0,0,0,0,0,0,0,0,0,0,0,0,247,212,213,214,0,0,0,0,0,0,0,0,0,0,0,0,0,0,0,247,0,0,0,0,0,0,0,0,0,0,0,0,0,0,0,0,0,0,0,0,0,0,0,0,0,0,0,54,0,0,0,0,0,0,0,0,0,0,0,0,0,0,0,
 0,0,0,0,0,0,0,0,0,0,0,0,0,0,0,0,0,0,0,0,0,52,0,0,0,0,0,0,0,0,0,0,0,0,0,0,0,0,0,0,0,0,0,0,246,0,0,0,0,0,0,0,0,0,0,0,0,0,0,0,0,0,0,0,0,0,0,0,0,0,0,0,0,0,0,0,0,0,0,0,0,0,0,0,0,0,0,0,0,0,0,0,0,0,0,0,54,0,0,0,0,0,0,0,0,0,0,0,0,0,0,0,
@@ -664,7 +664,7 @@ data=
 3,3,3,3,3,3,3,3,3,3,3,3,3,3,3,3,3,3,3,3,3,1,1,0,0,0,0,0,0,0,0,0,0,0,0,4,2,2,2,2,2,2,2,2,2,4,0,0,0,0,4,0,0,0,0,0,2,2,2,2,2,2,2,2,2,4,0,0,0,0,0,0,0,0,0,0,0,0,0,1,1,3,3,3,3,3,3,3,3,3,3,3,3,3,3,3,3,3,3,3,3,3,3,3,3,3,3,3,3,3,3,3,
 3,3,3,3,3,3,3,3,3,3,3,3,3,3,3,3,3,3,3,3,3,1,0,0,0,0,0,0,0,0,0,0,0,0,1,0,2,2,2,2,2,2,2,2,2,4,0,0,1,0,0,0,0,0,0,0,2,2,2,2,2,2,2,2,2,0,0,0,0,0,1,0,0,0,0,0,0,0,1,4,1,1,3,3,3,3,3,3,3,3,3,3,3,3,3,3,3,3,3,3,3,3,3,3,3,3,3,3,3,3,3,3,
 3,3,3,3,3,3,3,3,3,3,3,3,3,3,3,3,3,3,3,3,3,1,0,0,0,0,0,0,0,0,0,0,0,0,0,0,2,2,2,2,2,2,2,2,2,0,0,0,0,0,0,0,0,0,0,0,2,2,2,2,2,2,2,2,2,2,0,0,0,0,0,0,0,0,0,0,0,1,4,4,0,1,1,1,1,3,3,3,3,3,3,3,3,3,3,3,3,3,3,3,3,3,3,3,3,3,3,3,3,3,3,3,
-3,3,3,3,3,3,3,3,3,3,3,3,3,3,3,3,3,3,3,3,3,1,0,0,0,0,0,0,0,0,0,0,0,0,0,2,2,2,2,2,2,2,2,2,2,0,0,0,0,0,0,0,0,0,0,0,0,2,2,2,2,2,2,2,2,2,0,0,0,0,0,0,0,0,0,0,0,0,0,0,0,0,0,0,1,1,1,1,1,0,0,1,1,1,1,1,3,3,3,3,3,3,3,3,3,3,3,3,3,3,3,3,
+3,3,3,3,3,3,3,3,3,3,3,3,3,3,3,3,3,3,3,3,3,1,0,0,0,0,0,0,0,0,0,0,0,0,0,2,2,2,2,2,2,2,2,2,2,0,0,0,0,0,0,0,0,0,0,0,0,2,2,2,2,2,2,2,2,2,0,0,0,0,0,0,0,0,0,0,0,0,0,0,0,0,0,0,1,1,1,1,1,3,3,1,1,1,1,1,3,3,3,3,3,3,3,3,3,3,3,3,3,3,3,3,
 3,3,3,3,3,3,3,3,3,3,3,3,3,3,3,3,3,3,3,3,3,1,0,1,0,0,0,0,0,0,0,0,0,0,2,2,2,2,2,2,2,2,2,2,2,0,0,0,0,0,0,0,0,0,0,1,0,0,2,2,2,2,2,2,2,2,0,0,0,0,0,0,0,0,0,0,0,0,0,0,0,0,0,0,0,0,0,0,0,0,0,0,0,0,0,1,1,3,3,3,3,3,3,3,3,3,3,3,3,3,3,3,
 3,3,3,3,3,3,3,3,3,3,3,3,3,3,3,3,3,3,3,3,3,1,0,0,0,0,0,0,0,0,0,0,4,2,2,2,2,2,2,2,2,2,2,2,2,0,0,0,0,0,1,1,1,4,0,0,0,0,2,2,2,2,2,2,2,2,0,0,0,0,0,0,0,0,0,0,0,0,0,0,0,0,0,0,0,0,0,1,0,0,0,0,0,0,1,0,1,3,3,3,3,3,3,3,3,3,3,3,3,3,3,3,
 3,3,3,3,3,3,3,3,3,3,3,3,3,3,3,3,3,3,3,3,3,1,1,0,0,0,0,0,0,0,0,4,2,2,2,2,2,2,2,2,2,2,2,0,0,0,0,0,0,1,1,1,1,0,0,0,0,0,2,2,2,2,2,2,2,2,0,0,1,0,0,0,0,0,0,0,0,0,0,0,0,0,0,0,0,0,0,0,0,0,0,0,0,0,0,0,1,3,3,3,3,3,3,3,3,3,3,3,3,3,3,3,
@@ -720,7 +720,7 @@ data=
 [event]
 # to Abandoned Mines
 type=event
-location=89,60,2,1
+location=89,60,2,2
 activate=on_trigger
 hotspot=location
 intermap=maps/abandoned_mines.txt,1,68
diff --git a/mods/empyrean_campaign/maps/lake_kuuma.txt b/mods/empyrean_campaign/maps/lake_kuuma.txt
index 9d9b328c308d9ffd6b0af51335a28f39e8a1bab7..64136e6a3f48aef1d9f86f55f6f0468f8e94cc7e 100644
--- a/mods/empyrean_campaign/maps/lake_kuuma.txt
+++ b/mods/empyrean_campaign/maps/lake_kuuma.txt
@@ -536,8 +536,8 @@ data=
 0,0,0,0,0,0,0,0,0,0,0,0,0,0,0,0,0,0,0,0,0,0,0,0,0,0,0,0,0,0,0,0,0,0,0,0,0,0,0,0,0,0,0,0,0,0,0,48,104,0,0,0,50,0,0,0,0,0,0,0,0,0,0,0,63,55,71,244,0,0,0,0,0,0,0,0,0,0,0,0,0,0,0,0,0,0,0,0,0,0,0,0,0,0,0,0,0,0,0,0,0,0,0,0,0,0,0,0,0,0,50,0,0,0,0,0,0,0,0,0,0,0,0,0,0,0,0,0,0,0,0,0,
 0,0,0,0,0,0,0,0,0,0,0,0,0,0,0,0,0,0,0,0,0,0,0,0,0,0,0,0,0,0,0,0,0,0,0,0,0,0,0,0,0,0,0,0,0,0,0,52,109,0,0,0,65,61,0,0,0,0,0,0,0,0,0,0,0,0,63,51,51,51,71,0,0,0,0,0,0,0,0,0,0,0,0,0,0,0,0,0,0,0,0,0,0,0,0,0,0,0,0,0,0,0,0,0,0,0,0,0,70,51,62,0,0,0,0,0,0,0,0,0,0,0,0,0,0,0,0,0,0,0,0,0,
 0,0,0,0,0,0,0,0,0,0,0,0,0,0,0,0,0,0,0,0,0,0,0,0,0,0,0,0,0,0,0,0,0,0,0,0,0,0,0,0,0,0,0,0,0,0,0,48,108,565,0,0,0,69,61,0,0,0,0,0,0,0,0,0,0,0,0,0,0,0,52,0,0,0,0,0,0,0,0,0,0,0,0,0,247,0,0,0,0,0,0,0,0,0,0,0,0,0,0,0,0,0,0,0,0,0,0,0,54,0,0,0,0,0,0,0,0,0,0,0,0,0,0,0,0,0,0,0,0,0,0,0,
-0,0,0,0,0,0,0,0,0,0,0,0,0,0,0,0,0,0,0,0,0,0,0,0,0,0,0,0,0,0,0,0,0,0,0,0,0,0,0,0,0,0,0,0,0,0,0,229,0,0,0,0,0,0,65,61,0,0,0,0,0,0,0,0,0,0,0,0,0,0,59,67,0,0,0,0,0,0,0,0,0,0,0,0,0,0,0,0,0,0,0,0,0,246,0,0,0,0,0,0,0,0,0,0,0,0,0,0,50,0,0,0,0,0,0,0,0,0,0,0,0,0,0,0,0,0,0,0,0,0,0,0,
-0,0,0,0,0,0,0,0,0,0,0,0,0,0,0,0,0,0,0,0,0,0,0,0,0,0,0,0,0,0,0,0,0,0,0,0,0,0,0,0,0,0,0,0,0,0,0,228,0,0,0,0,0,0,0,69,61,0,0,0,0,0,0,0,0,0,0,0,0,0,0,59,71,0,0,0,0,0,0,0,0,0,0,0,0,0,0,0,0,0,0,0,0,565,0,0,0,0,0,0,0,0,0,0,0,0,0,66,62,0,0,0,0,0,0,0,0,0,0,0,0,0,0,0,0,0,0,0,0,0,0,0,
+0,0,0,0,0,0,0,0,0,0,0,0,0,0,0,0,0,0,0,0,0,0,0,0,0,0,0,0,0,0,0,0,0,0,0,0,0,0,0,0,0,0,0,0,0,0,0,229,92,0,0,0,0,0,65,61,0,0,0,0,0,0,0,0,0,0,0,0,0,0,59,67,0,0,0,0,0,0,0,0,0,0,0,0,0,0,0,0,0,0,0,0,0,246,0,0,0,0,0,0,0,0,0,0,0,0,0,0,50,0,0,0,0,0,0,0,0,0,0,0,0,0,0,0,0,0,0,0,0,0,0,0,
+0,0,0,0,0,0,0,0,0,0,0,0,0,0,0,0,0,0,0,0,0,0,0,0,0,0,0,0,0,0,0,0,0,0,0,0,0,0,0,0,0,0,0,0,0,0,0,228,92,0,0,0,0,0,0,69,61,0,0,0,0,0,0,0,0,0,0,0,0,0,0,59,71,0,0,0,0,0,0,0,0,0,0,0,0,0,0,0,0,0,0,0,0,565,0,0,0,0,0,0,0,0,0,0,0,0,0,66,62,0,0,0,0,0,0,0,0,0,0,0,0,0,0,0,0,0,0,0,0,0,0,0,
 0,0,0,0,0,0,0,0,0,0,0,0,0,0,0,0,0,0,0,0,0,0,0,0,0,0,0,0,0,0,0,0,0,0,0,0,0,0,0,0,0,0,0,0,0,0,0,52,564,522,0,0,0,0,565,0,65,61,0,0,0,0,0,0,0,0,0,0,0,0,0,0,59,67,0,0,0,0,0,0,0,0,0,0,0,0,0,0,0,0,0,0,0,0,0,0,0,0,0,0,0,0,0,0,245,0,70,58,0,0,0,0,0,0,0,0,0,0,0,0,0,0,0,0,0,0,0,0,0,0,0,0,
 0,0,0,0,0,0,0,0,0,0,0,0,0,0,0,0,0,0,0,0,0,0,0,0,0,0,0,0,0,0,0,0,0,0,0,0,0,0,0,0,0,0,0,0,0,0,0,52,247,543,521,562,0,563,246,0,0,54,0,0,0,0,0,0,0,0,0,0,0,0,0,0,0,63,51,51,67,0,0,0,246,0,0,0,0,0,0,0,0,0,0,0,0,0,0,0,0,0,0,0,0,0,0,0,66,55,62,0,0,0,0,0,0,0,0,0,0,0,0,0,0,0,0,0,0,0,0,0,0,0,0,0,
 0,0,0,0,0,0,0,0,0,0,0,0,0,0,0,0,0,0,0,0,0,0,0,0,0,0,0,0,0,0,0,0,0,0,0,0,0,0,0,0,0,0,0,0,0,0,0,63,55,67,0,0,0,0,0,0,0,69,61,0,0,0,0,0,0,0,0,0,0,0,0,0,0,0,0,0,63,51,51,51,55,55,55,67,0,0,0,0,0,0,0,0,0,0,0,0,0,0,0,0,0,0,0,70,58,0,0,0,0,0,0,0,0,0,0,0,0,0,0,0,0,0,0,0,0,0,0,0,0,0,0,0,
@@ -808,8 +808,8 @@ data=
 3,3,3,3,3,3,3,3,3,3,3,3,3,3,3,3,3,3,3,3,3,3,3,3,3,3,3,3,3,3,3,3,3,3,3,3,3,3,3,3,3,3,3,3,3,3,3,1,4,0,0,0,1,3,3,3,3,3,3,3,3,3,3,3,1,1,1,1,0,0,0,0,0,0,0,0,0,0,0,0,0,0,0,0,0,0,0,0,0,0,0,0,0,0,0,0,0,0,0,0,0,0,0,0,0,0,0,0,0,0,1,3,3,3,3,3,3,3,3,3,3,3,3,3,3,3,3,3,3,3,3,3,
 3,3,3,3,3,3,3,3,3,3,3,3,3,3,3,3,3,3,3,3,3,3,3,3,3,3,3,3,3,3,3,3,3,3,3,3,3,3,3,3,3,3,3,3,3,3,3,1,4,0,0,0,1,1,3,3,3,3,3,3,3,3,3,3,3,3,1,1,1,1,1,0,0,0,0,0,0,0,0,0,0,0,0,0,0,0,0,0,0,0,0,0,0,0,0,0,0,0,0,0,0,0,0,0,0,0,0,0,1,1,1,3,3,3,3,3,3,3,3,3,3,3,3,3,3,3,3,3,3,3,3,3,
 3,3,3,3,3,3,3,3,3,3,3,3,3,3,3,3,3,3,3,3,3,3,3,3,3,3,3,3,3,3,3,3,3,3,3,3,3,3,3,3,3,3,3,3,3,3,3,1,4,4,0,0,0,1,1,3,3,3,3,3,3,3,3,3,3,3,3,3,3,3,1,0,0,0,0,0,0,0,0,0,0,0,0,0,1,0,0,0,0,0,0,0,0,0,0,0,0,0,0,0,0,0,0,0,0,0,0,0,1,3,3,3,3,3,3,3,3,3,3,3,3,3,3,3,3,3,3,3,3,3,3,3,
-3,3,3,3,3,3,3,3,3,3,3,3,3,3,3,3,3,3,3,3,3,3,3,3,3,3,3,3,3,3,3,3,3,3,3,3,3,3,3,3,3,3,3,3,3,3,3,0,0,0,0,0,0,0,1,1,3,3,3,3,3,3,3,3,3,3,3,3,3,3,1,1,0,0,0,0,0,0,0,0,0,0,0,0,0,0,0,0,0,0,0,0,0,1,0,0,0,0,0,0,0,0,0,0,0,0,0,0,1,3,3,3,3,3,3,3,3,3,3,3,3,3,3,3,3,3,3,3,3,3,3,3,
-3,3,3,3,3,3,3,3,3,3,3,3,3,3,3,3,3,3,3,3,3,3,3,3,3,3,3,3,3,3,3,3,3,3,3,3,3,3,3,3,3,3,3,3,3,3,3,0,0,0,0,0,0,0,0,1,1,3,3,3,3,3,3,3,3,3,3,3,3,3,3,1,1,0,0,0,0,0,0,0,0,0,0,0,0,0,0,0,0,0,0,0,0,4,0,0,0,0,0,0,0,0,0,0,0,0,0,1,1,3,3,3,3,3,3,3,3,3,3,3,3,3,3,3,3,3,3,3,3,3,3,3,
+3,3,3,3,3,3,3,3,3,3,3,3,3,3,3,3,3,3,3,3,3,3,3,3,3,3,3,3,3,3,3,3,3,3,3,3,3,3,3,3,3,3,3,3,3,3,3,3,0,0,0,0,0,0,1,1,3,3,3,3,3,3,3,3,3,3,3,3,3,3,1,1,0,0,0,0,0,0,0,0,0,0,0,0,0,0,0,0,0,0,0,0,0,1,0,0,0,0,0,0,0,0,0,0,0,0,0,0,1,3,3,3,3,3,3,3,3,3,3,3,3,3,3,3,3,3,3,3,3,3,3,3,
+3,3,3,3,3,3,3,3,3,3,3,3,3,3,3,3,3,3,3,3,3,3,3,3,3,3,3,3,3,3,3,3,3,3,3,3,3,3,3,3,3,3,3,3,3,3,3,3,0,0,0,0,0,0,0,1,1,3,3,3,3,3,3,3,3,3,3,3,3,3,3,1,1,0,0,0,0,0,0,0,0,0,0,0,0,0,0,0,0,0,0,0,0,4,0,0,0,0,0,0,0,0,0,0,0,0,0,1,1,3,3,3,3,3,3,3,3,3,3,3,3,3,3,3,3,3,3,3,3,3,3,3,
 3,3,3,3,3,3,3,3,3,3,3,3,3,3,3,3,3,3,3,3,3,3,3,3,3,3,3,3,3,3,3,3,3,3,3,3,3,3,3,3,3,3,3,3,3,3,3,1,4,4,0,0,0,0,4,0,1,1,3,3,3,3,3,3,3,3,3,3,3,3,3,3,1,1,0,0,0,0,0,0,0,0,0,0,0,0,0,0,0,0,0,0,0,0,0,0,0,0,0,0,0,0,0,0,1,0,1,1,3,3,3,3,3,3,3,3,3,3,3,3,3,3,3,3,3,3,3,3,3,3,3,3,
 3,3,3,3,3,3,3,3,3,3,3,3,3,3,3,3,3,3,3,3,3,3,3,3,3,3,3,3,3,3,3,3,3,3,3,3,3,3,3,3,3,3,3,3,3,3,3,1,1,4,4,4,0,4,1,0,1,1,3,3,3,3,3,3,3,3,3,3,3,3,3,3,3,1,1,1,1,0,0,0,1,0,0,0,0,0,0,0,0,0,0,0,0,0,0,0,0,0,0,0,0,0,0,0,1,1,1,3,3,3,3,3,3,3,3,3,3,3,3,3,3,3,3,3,3,3,3,3,3,3,3,3,
 3,3,3,3,3,3,3,3,3,3,3,3,3,3,3,3,3,3,3,3,3,3,3,3,3,3,3,3,3,3,3,3,3,3,3,3,3,3,3,3,3,3,3,3,3,3,3,1,1,1,0,0,0,0,0,0,0,1,1,3,3,3,3,3,3,3,3,3,3,3,3,3,3,3,3,3,1,1,1,1,1,1,1,1,0,0,0,0,0,0,0,0,0,0,0,0,0,0,0,0,0,0,0,1,1,3,3,3,3,3,3,3,3,3,3,3,3,3,3,3,3,3,3,3,3,3,3,3,3,3,3,3,
@@ -938,7 +938,7 @@ tooltip=Fort Amir
 [event]
 # to Blackmire Mines
 type=event
-location=47,104,1,2
+location=47,104,2,2
 activate=on_trigger
 hotspot=location
 intermap=maps/blackmire_mines.txt,76,6
diff --git a/mods/empyrean_campaign/maps/nazia_highlands.txt b/mods/empyrean_campaign/maps/nazia_highlands.txt
index 530cfafdb14c8f353cc147b6668e39e8cc9b08a5..fd5c6d5997dc12b4eb7d5e2a01e031e2fbc4a3a2 100644
--- a/mods/empyrean_campaign/maps/nazia_highlands.txt
+++ b/mods/empyrean_campaign/maps/nazia_highlands.txt
@@ -111,7 +111,7 @@ data=
 0,0,0,0,0,0,0,0,0,0,0,0,0,0,0,0,0,0,0,0,0,0,0,0,0,0,0,0,0,0,0,0,0,0,0,0,0,0,0,0,0,0,0,0,0,0,0,0,0,0,0,0,0,0,0,0,0,0,0,0,0,0,0,0,0,0,0,0,60,68,255,0,69,61,0,0,0,0,0,0,
 0,0,0,0,0,0,0,0,0,0,0,0,0,0,0,0,0,0,0,0,0,0,0,0,0,0,0,0,0,0,0,0,0,0,0,0,0,0,0,0,0,0,0,0,0,0,0,0,0,0,0,0,0,0,0,0,0,0,0,0,0,0,0,0,0,0,56,49,68,126,0,0,125,69,61,0,0,0,0,0,
 0,0,0,0,0,0,0,0,60,49,49,49,230,231,49,57,0,0,0,0,0,0,0,0,0,0,0,0,0,0,0,0,0,60,53,53,53,49,49,61,0,0,0,0,0,0,0,0,0,0,0,0,0,0,0,0,0,0,0,0,0,0,0,0,0,60,64,0,0,0,0,0,0,0,69,61,0,0,0,0,
-0,0,0,0,0,0,60,53,68,0,0,254,0,0,116,65,49,49,49,49,49,53,53,57,0,0,0,0,0,0,0,0,0,48,0,0,0,249,0,69,53,49,49,53,57,0,0,0,0,0,0,0,0,0,0,0,0,0,0,0,0,0,0,0,56,68,0,249,0,133,0,0,134,0,0,69,57,0,0,0,
+0,0,0,0,0,0,60,53,68,0,0,254,93,93,116,65,49,49,49,49,49,53,53,57,0,0,0,0,0,0,0,0,0,48,0,0,0,249,0,69,53,49,49,53,57,0,0,0,0,0,0,0,0,0,0,0,0,0,0,0,0,0,0,0,56,68,0,249,0,133,0,0,134,0,0,69,57,0,0,0,
 0,0,0,0,0,60,64,112,0,248,0,0,0,0,0,0,0,0,0,0,0,0,0,69,57,0,0,0,0,0,0,0,0,48,0,0,0,0,0,0,0,0,0,0,69,53,53,57,0,0,0,0,0,0,0,0,0,0,0,0,0,0,0,0,48,109,112,0,0,0,0,0,0,0,0,0,50,0,0,0,
 0,0,0,0,60,68,0,0,0,0,0,0,0,0,0,0,0,0,0,249,0,255,0,0,65,57,0,0,0,0,0,0,0,48,0,253,0,0,0,0,0,0,250,0,0,0,0,65,61,0,0,0,0,0,0,0,0,0,0,0,0,0,0,0,225,108,0,0,0,0,0,0,0,0,0,0,50,0,0,0,
 0,0,0,60,64,0,254,0,0,0,0,0,0,0,0,0,0,0,0,0,0,0,123,0,0,69,49,57,0,0,0,0,0,63,71,0,0,0,0,0,0,0,0,0,0,0,255,0,69,49,61,0,0,0,0,0,0,0,0,0,0,0,0,0,224,105,0,0,0,0,0,0,0,0,0,0,50,0,0,0,
@@ -194,7 +194,7 @@ data=
 3,3,3,3,3,3,3,3,3,3,3,3,3,3,3,3,3,3,3,3,3,3,3,3,3,3,3,3,3,3,3,3,3,3,3,3,3,3,3,3,3,3,3,3,3,3,3,3,3,3,3,3,3,3,3,3,3,3,3,3,3,3,3,3,3,3,3,3,3,1,1,1,1,3,3,3,3,3,3,3,
 3,3,3,3,3,3,3,3,3,3,3,3,3,3,3,3,3,3,3,3,3,3,3,3,3,3,3,3,3,3,3,3,3,3,3,3,3,3,3,3,3,3,3,3,3,3,3,3,3,3,3,3,3,3,3,3,3,3,3,3,3,3,3,3,3,3,3,3,1,1,1,0,1,1,3,3,3,3,3,3,
 3,3,3,3,3,3,3,3,3,3,3,1,1,1,1,3,3,3,3,3,3,3,3,3,3,3,3,3,3,3,3,3,3,3,3,3,3,3,3,3,3,3,3,3,3,3,3,3,3,3,3,3,3,3,3,3,3,3,3,3,3,3,3,3,3,3,1,1,1,0,0,0,0,1,1,3,3,3,3,3,
-3,3,3,3,3,3,3,3,1,1,1,1,0,0,1,1,3,3,3,3,3,3,3,3,3,3,3,3,3,3,3,3,3,1,1,1,1,1,1,1,3,3,3,3,3,3,3,3,3,3,3,3,3,3,3,3,3,3,3,3,3,3,3,3,3,1,1,0,0,0,0,0,0,0,1,1,3,3,3,3,
+3,3,3,3,3,3,3,3,1,1,1,1,3,3,1,1,3,3,3,3,3,3,3,3,3,3,3,3,3,3,3,3,3,1,1,1,1,1,1,1,3,3,3,3,3,3,3,3,3,3,3,3,3,3,3,3,3,3,3,3,3,3,3,3,3,1,1,0,0,0,0,0,0,0,1,1,3,3,3,3,
 3,3,3,3,3,3,1,1,1,0,0,1,0,0,0,1,1,1,1,1,1,1,1,1,3,3,3,3,3,3,3,3,3,1,0,0,0,1,0,1,1,1,1,1,1,3,3,3,3,3,3,3,3,3,3,3,3,3,3,3,3,3,3,3,1,1,0,1,0,1,0,0,1,0,0,1,1,3,3,3,
 3,3,3,3,3,1,1,0,0,1,0,0,0,0,0,0,0,0,0,0,0,0,0,1,1,3,3,3,3,3,3,3,3,1,0,0,0,0,0,0,0,0,0,0,1,1,1,1,3,3,3,3,3,3,3,3,3,3,3,3,3,3,3,3,1,4,0,0,0,0,0,0,0,0,0,0,1,3,3,3,
 3,3,3,3,1,1,0,0,0,0,0,0,0,0,0,0,0,0,0,1,0,1,0,0,1,1,3,3,3,3,3,3,3,1,0,1,0,0,0,0,0,0,1,0,0,0,0,1,1,3,3,3,3,3,3,3,3,3,3,3,3,3,3,3,1,4,0,0,0,0,0,0,0,0,0,0,1,3,3,3,
@@ -374,7 +374,7 @@ tooltip=Nazia Underground
 [event]
 # to Nazia Mines
 type=event
-location=12,5,2,1
+location=12,5,2,2
 activate=on_trigger
 hotspot=location
 intermap=maps/nazia_mines.txt,33,57
diff --git a/mods/empyrean_campaign/maps/salted_field.txt b/mods/empyrean_campaign/maps/salted_field.txt
index 0223ab560b5837966d29af1dc66b11261b57f85d..8951dbd9820b787a21731047141de20df12c9053 100644
--- a/mods/empyrean_campaign/maps/salted_field.txt
+++ b/mods/empyrean_campaign/maps/salted_field.txt
@@ -97,8 +97,8 @@ data=
 0,0,0,0,0,0,52,243,141,0,127,118,0,113,123,0,69,57,0,0,0,0,0,0,0,0,0,0,0,0,0,0,0,0,0,0,0,0,0,0,48,120,0,0,0,254,0,50,0,0,60,68,250,69,53,53,61,0,0,0,
 0,0,0,0,0,56,68,0,143,0,0,0,0,0,0,117,0,65,57,0,0,0,0,0,0,0,0,0,0,0,0,0,0,0,0,60,53,53,57,0,63,67,121,127,120,0,121,54,0,60,64,253,113,120,0,251,69,53,0,0,
 0,0,0,0,0,48,130,242,0,0,0,0,0,0,0,124,0,0,54,0,0,0,0,0,0,0,0,0,0,0,0,0,0,0,56,64,112,0,54,0,0,59,67,0,0,0,126,65,53,64,121,0,0,0,0,126,115,94,0,0,
-0,0,0,0,0,229,113,0,125,130,0,0,0,0,120,0,127,0,69,49,53,53,61,0,56,53,53,57,0,0,0,0,0,0,52,112,121,249,69,61,0,60,68,250,0,0,0,0,0,0,126,0,0,0,0,0,0,94,0,0,
-0,0,0,0,0,228,125,0,0,0,115,0,0,0,128,0,0,0,125,0,0,249,65,53,68,120,254,69,57,0,0,0,0,0,48,122,0,0,112,69,49,64,0,121,125,0,0,0,0,0,0,0,0,0,124,0,0,94,0,0,
+0,0,0,0,0,229,92,0,125,130,0,0,0,0,120,0,127,0,69,49,53,53,61,0,56,53,53,57,0,0,0,0,0,0,52,112,121,249,69,61,0,60,68,250,0,0,0,0,0,0,126,0,0,0,0,0,0,94,0,0,
+0,0,0,0,0,228,92,0,0,0,115,0,0,0,128,0,0,0,125,0,0,249,65,53,68,120,254,69,57,0,0,0,0,0,48,122,0,0,112,69,49,64,0,121,125,0,0,0,0,0,0,0,0,0,124,0,0,94,0,0,
 0,0,0,0,0,48,0,0,0,0,0,116,0,241,0,0,0,0,125,0,124,0,0,0,0,0,124,0,65,57,0,0,0,56,68,122,123,0,0,121,0,0,0,0,0,0,0,0,0,120,0,0,0,0,0,0,0,94,0,0,
 0,0,0,0,0,59,67,0,125,125,0,0,0,0,127,0,0,124,0,0,0,0,0,0,0,116,125,127,0,54,0,0,56,64,0,243,121,0,0,0,0,0,0,0,0,66,55,55,71,0,124,0,0,0,0,255,66,55,0,0,
 0,0,0,0,0,0,52,240,0,0,0,0,0,0,0,127,0,0,0,0,0,0,0,70,51,67,121,0,0,65,49,53,68,0,0,0,0,0,0,0,127,0,0,0,0,54,0,0,63,51,67,0,0,240,66,55,62,0,0,0,
@@ -161,8 +161,8 @@ data=
 3,3,3,3,3,3,1,1,4,0,0,0,0,0,0,0,1,1,3,3,3,3,3,3,3,3,3,3,3,3,3,3,3,3,3,3,3,3,3,3,1,0,0,0,0,1,0,1,3,3,1,1,1,1,1,1,1,3,3,3,
 3,3,3,3,3,1,1,0,4,0,0,0,2,2,2,0,0,1,1,3,3,3,3,3,3,3,3,3,3,3,3,3,3,3,3,1,1,1,1,3,1,1,0,0,0,0,0,1,3,1,1,1,0,0,0,1,1,1,3,3,
 3,3,3,3,3,1,4,1,2,2,2,2,2,2,2,0,0,0,1,3,3,3,3,3,3,3,3,3,3,3,3,3,3,3,1,1,0,0,1,3,3,1,1,0,0,0,0,1,1,1,0,0,0,0,0,0,0,0,3,3,
-3,3,3,3,3,0,0,0,2,2,2,2,2,2,2,0,0,0,1,1,1,1,1,3,1,1,1,1,3,3,3,3,3,3,1,0,0,1,1,1,3,1,1,1,0,0,0,0,0,0,0,0,0,0,0,0,0,0,3,3,
-3,3,3,3,3,0,0,0,2,2,2,2,2,2,2,0,0,0,0,0,0,1,1,1,1,0,1,1,1,3,3,3,3,3,1,0,0,0,0,1,1,1,0,0,0,0,0,0,0,0,0,0,0,0,0,0,0,0,3,3,
+3,3,3,3,3,3,0,0,2,2,2,2,2,2,2,0,0,0,1,1,1,1,1,3,1,1,1,1,3,3,3,3,3,3,1,0,0,1,1,1,3,1,1,1,0,0,0,0,0,0,0,0,0,0,0,0,0,0,3,3,
+3,3,3,3,3,3,0,0,2,2,2,2,2,2,2,0,0,0,0,0,0,1,1,1,1,0,1,1,1,3,3,3,3,3,1,0,0,0,0,1,1,1,0,0,0,0,0,0,0,0,0,0,0,0,0,0,0,0,3,3,
 3,3,3,3,3,1,0,0,0,0,2,2,0,1,0,0,0,0,0,0,0,0,0,0,0,0,0,0,1,1,3,3,3,1,1,0,0,0,0,0,0,0,0,0,0,0,0,0,0,0,0,0,0,0,0,0,0,0,3,3,
 3,3,3,3,3,1,1,0,0,0,0,0,0,0,0,0,0,0,0,0,0,0,0,0,0,0,0,0,0,1,3,3,1,1,0,1,0,0,0,0,0,0,0,0,0,1,1,1,1,0,0,0,0,0,0,1,1,1,3,3,
 3,3,3,3,3,3,1,1,0,0,0,0,0,0,0,0,0,0,0,0,0,0,0,1,1,1,0,0,0,1,1,1,1,0,0,0,0,0,0,0,0,0,0,0,0,1,3,3,1,1,1,0,0,1,1,1,1,3,3,3,
@@ -293,7 +293,7 @@ soundfx=soundfx/environment/forest_owl_loop.ogg
 [event]
 # to Perdition Mines
 type=event
-location=5,12,1,2
+location=5,12,2,2
 activate=on_trigger
 hotspot=location
 intermap=maps/perdition_mines.txt,52,18
diff --git a/mods/empyrean_campaign/maps/southern_ridge.txt b/mods/empyrean_campaign/maps/southern_ridge.txt
index 05f7709a6bd5d9483f338521fd8165959372d1cb..f2b96302d63d7a9403232f89008daf38e1500168 100644
--- a/mods/empyrean_campaign/maps/southern_ridge.txt
+++ b/mods/empyrean_campaign/maps/southern_ridge.txt
@@ -153,8 +153,8 @@ data=
 0,0,0,0,0,0,0,52,0,0,50,60,53,68,0,0,0,66,58,0,0,0,0,0,48,0,253,0,0,0,65,61,0,0,0,0,0,0,0,0,0,0,0,0,0,0,0,0,60,64,0,0,0,0,0,0,0,0,0,0,0,69,57,0,0,0,0,0,0,0,0,0,0,0,0,0,0,0,0,0,
 0,0,0,0,0,0,0,48,117,0,69,64,246,0,0,0,0,50,0,0,0,0,0,0,52,0,0,0,0,0,244,65,57,0,0,0,0,0,0,0,0,0,0,0,0,60,49,53,68,240,0,0,0,0,255,0,0,0,0,0,0,0,50,0,0,0,0,0,0,0,0,0,0,0,0,0,0,0,0,0,
 0,0,0,0,0,0,60,64,0,0,0,0,0,0,0,0,0,50,0,0,0,0,0,56,68,0,73,0,102,0,0,0,65,49,53,53,49,53,61,0,0,0,0,0,60,68,0,0,0,0,0,0,0,0,0,0,0,0,0,0,0,0,69,57,0,0,0,0,0,0,0,0,0,0,0,0,0,0,0,0,
-0,0,0,0,0,0,48,0,0,0,0,0,0,0,0,0,0,50,0,0,0,0,0,225,0,0,72,0,0,0,0,0,0,130,0,0,253,0,69,61,0,0,0,56,68,0,0,254,0,0,0,0,0,0,0,0,0,0,0,0,0,0,0,50,0,0,0,0,0,0,0,0,0,0,0,0,0,0,0,0,
-0,0,0,0,0,56,64,254,0,0,0,0,0,0,0,0,66,62,0,0,0,0,0,224,0,0,0,0,121,0,0,0,0,0,0,0,0,0,0,69,61,0,60,68,250,0,0,0,0,0,0,0,0,0,0,0,0,66,51,51,71,0,0,65,57,0,0,0,0,0,0,0,0,0,0,0,0,0,0,0,
+0,0,0,0,0,0,48,0,0,0,0,0,0,0,0,0,0,50,0,0,0,0,0,225,92,0,72,0,0,0,0,0,0,130,0,0,253,0,69,61,0,0,0,56,68,0,0,254,0,0,0,0,0,0,0,0,0,0,0,0,0,0,0,50,0,0,0,0,0,0,0,0,0,0,0,0,0,0,0,0,
+0,0,0,0,0,56,64,254,0,0,0,0,0,0,0,0,66,62,0,0,0,0,0,224,92,0,0,0,121,0,0,0,0,0,0,0,0,0,0,69,61,0,60,68,250,0,0,0,0,0,0,0,0,0,0,0,0,66,51,51,71,0,0,65,57,0,0,0,0,0,0,0,0,0,0,0,0,0,0,0,
 0,0,0,0,60,64,113,0,0,0,0,0,0,0,0,0,50,0,0,0,0,0,0,48,128,0,113,0,0,0,0,0,0,0,0,0,0,0,0,242,69,49,64,0,0,0,0,0,66,55,71,0,0,0,0,0,66,62,0,0,63,67,0,0,69,57,0,0,0,0,0,0,0,0,0,0,0,0,0,0,
 0,0,0,0,52,109,0,0,0,0,0,0,0,0,0,0,50,0,0,0,0,0,0,63,67,0,0,0,0,70,55,55,71,0,0,0,125,0,0,0,0,0,0,0,0,0,0,0,50,0,52,246,0,0,0,0,54,0,0,0,0,48,118,0,0,65,57,0,0,0,0,0,0,0,0,0,0,0,0,0,
 0,0,0,0,52,108,0,0,0,0,0,0,0,0,0,249,54,0,0,0,0,0,0,0,48,244,0,0,0,54,0,0,48,0,0,0,0,0,0,0,0,0,0,0,0,0,0,0,65,53,64,0,0,0,0,0,50,0,0,60,53,68,0,0,0,0,69,57,0,0,0,0,0,0,0,0,0,0,0,0,
@@ -237,8 +237,8 @@ data=
 3,3,3,3,3,3,3,1,0,0,1,1,1,1,0,0,0,1,1,3,3,3,3,3,1,0,1,0,0,0,1,1,3,3,3,3,3,3,3,3,3,3,3,3,3,3,3,3,1,1,0,0,0,0,0,0,0,0,0,0,0,1,1,3,3,3,3,3,3,3,3,3,3,3,3,3,3,3,3,3,
 3,3,3,3,3,3,3,1,0,0,1,1,1,0,0,0,0,1,3,3,3,3,3,3,1,0,0,0,0,0,1,1,1,3,3,3,3,3,3,3,3,3,3,3,3,1,1,1,1,1,0,0,0,0,1,0,0,0,0,0,0,0,1,3,3,3,3,3,3,3,3,3,3,3,3,3,3,3,3,3,
 3,3,3,3,3,3,1,1,0,0,0,0,0,0,0,0,0,1,3,3,3,3,3,1,1,0,4,0,4,0,0,0,1,1,1,1,1,1,1,3,3,3,3,3,1,1,0,0,0,0,0,0,0,0,0,0,0,0,0,0,0,0,1,1,3,3,3,3,3,3,3,3,3,3,3,3,3,3,3,3,
-3,3,3,3,3,3,1,0,0,0,0,0,0,0,0,0,0,1,3,3,3,3,3,0,0,0,4,0,0,0,0,0,0,4,0,0,1,0,1,1,3,3,3,1,1,0,0,1,0,0,0,0,0,0,0,0,0,0,0,0,0,0,0,1,3,3,3,3,3,3,3,3,3,3,3,3,3,3,3,3,
-3,3,3,3,3,1,1,1,0,0,0,0,0,0,0,0,1,1,3,3,3,3,3,0,0,0,0,0,0,0,0,0,0,0,0,0,0,0,0,1,1,1,1,1,1,0,0,0,0,0,0,0,0,0,0,0,0,1,1,1,1,0,0,1,1,3,3,3,3,3,3,3,3,3,3,3,3,3,3,3,
+3,3,3,3,3,3,1,0,0,0,0,0,0,0,0,0,0,1,3,3,3,3,3,3,0,0,4,0,0,0,0,0,0,4,0,0,1,0,1,1,3,3,3,1,1,0,0,1,0,0,0,0,0,0,0,0,0,0,0,0,0,0,0,1,3,3,3,3,3,3,3,3,3,3,3,3,3,3,3,3,
+3,3,3,3,3,1,1,1,0,0,0,0,0,0,0,0,1,1,3,3,3,3,3,3,0,0,0,0,0,0,0,0,0,0,0,0,0,0,0,1,1,1,1,1,1,0,0,0,0,0,0,0,0,0,0,0,0,1,1,1,1,0,0,1,1,3,3,3,3,3,3,3,3,3,3,3,3,3,3,3,
 3,3,3,3,1,1,0,0,0,0,0,0,0,0,0,0,1,3,3,3,3,3,3,1,4,0,0,0,0,0,0,0,0,0,0,0,0,0,0,1,1,1,1,0,0,0,0,0,1,1,1,0,0,0,0,0,1,1,3,3,1,1,0,0,1,1,3,3,3,3,3,3,3,3,3,3,3,3,3,3,
 3,3,3,3,1,4,0,0,0,0,0,0,0,0,0,0,1,3,3,3,3,3,3,1,1,0,0,0,0,1,1,1,1,0,0,0,0,0,0,0,0,0,0,0,0,0,0,0,1,3,1,1,0,0,0,0,1,3,3,3,3,1,0,0,0,1,1,3,3,3,3,3,3,3,3,3,3,3,3,3,
 3,3,3,3,1,4,0,0,0,0,0,0,0,0,0,1,1,3,3,3,3,3,3,3,1,1,0,0,0,1,3,3,1,0,0,0,0,0,0,0,0,0,0,0,0,0,0,0,1,1,1,0,0,0,0,0,1,3,3,1,1,1,0,0,0,0,1,1,3,3,3,3,3,3,3,3,3,3,3,3,
@@ -393,7 +393,7 @@ tooltip=Black Oak Farm
 [event]
 # to Mog Caverns
 type=event
-location=23,48,1,2
+location=23,48,2,2
 activate=on_trigger
 hotspot=location
 intermap=maps/mog_caverns.txt,56,66
diff --git a/mods/empyrean_campaign/maps/stormrock_pass.txt b/mods/empyrean_campaign/maps/stormrock_pass.txt
index 0b044c4e40f70777566450b6f8db9ef1d171ae17..c3afdf8fcc4add94ec35f5ca1684b799e748632d 100644
--- a/mods/empyrean_campaign/maps/stormrock_pass.txt
+++ b/mods/empyrean_campaign/maps/stormrock_pass.txt
@@ -457,8 +457,8 @@ data=
 0,0,0,0,0,0,0,0,0,0,0,0,0,0,0,0,0,0,0,0,0,0,0,0,0,0,0,0,0,60,64,0,0,0,0,247,0,0,0,69,49,61,0,0,0,0,0,0,0,0,0,0,0,0,0,0,0,0,0,0,0,0,0,0,0,0,0,0,0,0,0,0,0,0,0,0,0,0,0,0,0,0,0,0,0,0,0,0,0,0,0,0,0,0,0,0,0,0,0,0,0,0,0,0,0,0,0,0,0,0,0,0,0,0,0,0,0,0,0,0,0,0,0,0,0,0,0,0,0,0,0,0,
 0,0,0,0,0,0,0,0,0,0,0,0,0,0,0,0,0,0,0,0,0,0,0,0,0,0,0,0,0,48,0,0,0,0,0,0,0,0,0,247,0,69,57,0,0,0,0,0,0,0,0,0,0,0,0,0,0,0,0,0,0,0,0,0,0,0,0,0,0,0,0,0,0,0,0,0,0,0,0,0,0,0,0,0,0,0,0,0,0,0,0,0,0,0,0,0,0,0,0,0,0,0,0,0,0,0,0,0,0,0,0,0,0,0,0,0,0,0,0,0,0,0,0,0,0,0,0,0,0,0,0,0,
 0,0,0,0,0,0,0,0,0,0,0,0,0,0,0,0,0,0,0,0,0,0,0,0,0,0,0,0,0,52,0,245,0,0,0,0,0,0,0,0,0,0,50,0,0,0,0,0,0,0,0,0,0,0,0,0,0,0,0,0,0,0,0,0,0,0,0,0,0,0,0,0,0,0,0,0,0,0,0,0,0,0,0,0,0,0,0,0,0,0,0,0,0,0,0,0,0,0,0,56,53,226,227,53,57,0,0,0,0,0,0,0,0,0,0,0,0,0,0,0,0,0,0,0,0,0,0,0,0,0,0,0,
-0,0,0,0,0,0,0,0,0,0,0,0,0,0,0,0,0,0,0,0,0,0,0,0,0,0,0,0,0,225,0,0,0,0,0,0,0,0,0,0,0,0,50,0,0,0,0,0,0,0,0,0,0,0,0,0,0,0,0,0,0,0,0,0,0,0,0,0,0,0,0,0,0,0,0,0,0,0,0,0,0,0,0,0,0,0,0,0,0,0,0,0,0,0,0,0,0,0,56,68,0,0,0,0,65,53,57,0,0,0,0,0,0,0,0,0,0,0,0,0,0,0,0,0,0,0,0,0,0,0,0,0,
-0,0,0,0,0,0,0,0,0,0,0,0,0,0,0,0,0,0,0,0,0,0,0,0,0,0,0,0,0,224,0,0,0,0,0,0,0,0,0,0,0,0,54,0,0,0,0,0,0,0,0,0,0,0,0,0,0,0,0,0,0,0,0,0,0,0,0,0,0,0,0,0,0,0,0,0,0,0,0,0,0,0,0,0,0,0,0,0,0,0,0,0,0,0,0,0,0,56,64,0,0,0,0,0,0,0,69,57,0,0,0,0,0,0,0,0,0,0,0,0,0,0,0,0,0,0,0,0,0,0,0,0,
+0,0,0,0,0,0,0,0,0,0,0,0,0,0,0,0,0,0,0,0,0,0,0,0,0,0,0,0,0,225,92,0,0,0,0,0,0,0,0,0,0,0,50,0,0,0,0,0,0,0,0,0,0,0,0,0,0,0,0,0,0,0,0,0,0,0,0,0,0,0,0,0,0,0,0,0,0,0,0,0,0,0,0,0,0,0,0,0,0,0,0,0,0,0,0,0,0,0,56,68,0,93,93,0,65,53,57,0,0,0,0,0,0,0,0,0,0,0,0,0,0,0,0,0,0,0,0,0,0,0,0,0,
+0,0,0,0,0,0,0,0,0,0,0,0,0,0,0,0,0,0,0,0,0,0,0,0,0,0,0,0,0,224,92,0,0,0,0,0,0,0,0,0,0,0,54,0,0,0,0,0,0,0,0,0,0,0,0,0,0,0,0,0,0,0,0,0,0,0,0,0,0,0,0,0,0,0,0,0,0,0,0,0,0,0,0,0,0,0,0,0,0,0,0,0,0,0,0,0,0,56,64,0,0,0,0,0,0,0,69,57,0,0,0,0,0,0,0,0,0,0,0,0,0,0,0,0,0,0,0,0,0,0,0,0,
 0,0,0,0,0,0,0,0,0,0,0,0,0,0,0,0,0,0,0,0,0,0,0,0,0,0,0,0,0,52,0,0,0,0,0,0,0,0,0,0,0,0,54,0,0,0,0,0,0,0,0,0,0,0,0,0,0,0,0,0,0,0,0,0,0,0,0,0,0,0,0,0,0,0,0,0,0,0,0,0,0,0,0,0,0,0,0,0,0,0,0,0,0,0,0,0,0,48,0,0,245,0,0,0,0,0,0,69,57,0,0,0,0,0,0,0,0,0,0,0,0,0,0,0,0,0,0,0,0,0,0,0,
 0,0,0,0,0,0,0,0,0,0,0,0,0,0,0,0,0,0,0,0,0,0,0,0,0,0,0,0,0,48,0,0,0,0,0,0,247,0,0,0,0,245,50,0,0,0,0,0,0,0,0,0,0,0,0,0,0,0,0,0,0,0,0,0,0,0,0,0,0,0,0,0,0,0,0,0,0,0,0,0,0,0,0,0,0,0,0,0,0,0,0,0,0,0,0,0,0,48,0,0,0,0,0,0,0,0,0,0,54,0,0,0,0,0,0,0,0,0,0,0,0,0,0,0,0,0,0,0,0,0,0,0,
 0,0,0,0,0,0,0,0,0,0,0,0,0,0,0,0,0,0,0,0,0,0,0,0,0,0,0,0,0,59,51,71,0,0,0,0,0,0,0,0,70,51,58,0,0,0,0,0,0,0,0,0,0,0,0,0,0,0,0,0,0,0,0,0,0,0,0,0,0,0,0,0,0,0,0,0,0,0,0,0,0,0,0,0,0,0,0,0,0,0,0,0,0,0,0,0,0,52,0,74,75,0,0,0,0,0,0,0,69,57,0,0,0,0,0,0,0,0,0,0,0,0,0,0,0,0,0,0,0,0,0,0,
@@ -512,7 +512,7 @@ data=
 0,0,0,0,0,0,0,0,0,0,0,0,0,0,0,0,0,0,0,0,0,0,0,0,0,0,0,0,0,0,0,0,0,0,0,0,59,71,0,0,0,0,0,0,66,58,0,0,0,0,0,0,0,0,0,0,0,0,0,0,0,0,63,55,55,55,51,71,128,0,0,0,0,0,0,0,247,0,0,0,50,0,0,0,0,0,0,0,0,0,0,0,0,0,0,0,0,0,0,0,0,0,0,0,0,0,0,0,0,0,0,0,0,0,0,0,0,0,0,0,0,0,0,0,0,0,0,0,0,0,0,0,
 0,0,0,0,0,0,0,0,0,0,0,0,0,0,0,0,0,0,0,0,0,0,0,0,0,0,0,0,0,0,0,0,0,0,0,0,0,48,0,0,0,0,0,70,58,0,0,0,0,0,0,0,0,0,0,0,0,0,0,0,0,0,0,0,0,0,0,63,67,0,0,0,0,0,0,0,0,0,0,0,65,57,0,0,0,0,0,0,0,0,0,0,0,0,0,0,0,0,0,0,0,0,0,0,0,0,0,0,0,0,0,0,0,0,0,0,0,0,0,0,0,0,0,0,0,0,0,0,0,0,0,0,
 0,0,0,0,0,0,0,0,0,0,0,0,0,0,0,0,0,0,0,0,0,0,60,226,227,61,0,0,0,0,0,0,0,0,0,0,0,59,67,0,0,0,0,50,0,0,0,0,0,0,0,0,0,0,0,0,0,0,0,0,0,0,0,0,0,0,0,0,59,67,0,0,0,0,0,0,0,0,0,0,0,69,53,57,0,0,0,0,0,0,0,0,0,0,0,0,0,0,0,0,0,0,0,0,0,0,0,0,0,0,0,0,0,0,0,0,0,0,0,0,0,0,0,0,0,0,0,0,0,0,0,0,
-0,0,0,0,0,0,0,0,0,0,0,0,0,0,0,0,0,0,0,0,0,56,68,0,0,65,49,57,0,0,0,0,0,0,0,0,0,0,48,245,0,0,0,50,0,0,0,0,0,0,0,0,0,0,0,0,0,0,0,0,0,0,0,0,0,0,0,0,0,48,0,0,0,0,0,0,0,0,0,0,0,0,245,69,57,0,0,0,0,0,0,0,0,0,0,0,0,0,0,0,0,0,0,0,0,0,0,0,0,0,0,0,0,0,0,0,0,0,0,0,0,0,0,0,0,0,0,0,0,0,0,0,
+0,0,0,0,0,0,0,0,0,0,0,0,0,0,0,0,0,0,0,0,0,56,68,93,93,65,49,57,0,0,0,0,0,0,0,0,0,0,48,245,0,0,0,50,0,0,0,0,0,0,0,0,0,0,0,0,0,0,0,0,0,0,0,0,0,0,0,0,0,48,0,0,0,0,0,0,0,0,0,0,0,0,245,69,57,0,0,0,0,0,0,0,0,0,0,0,0,0,0,0,0,0,0,0,0,0,0,0,0,0,0,0,0,0,0,0,0,0,0,0,0,0,0,0,0,0,0,0,0,0,0,0,
 0,0,0,0,0,0,0,0,0,0,0,0,0,0,0,0,0,0,0,0,56,64,0,0,0,0,0,69,57,0,0,0,0,0,0,0,0,0,59,71,0,0,0,65,57,0,0,0,0,0,0,0,0,0,0,0,0,0,0,0,0,0,0,0,0,0,0,0,0,52,139,0,0,0,0,0,244,0,0,0,0,0,0,0,65,53,49,53,49,53,49,53,49,57,0,0,0,0,0,0,0,0,0,0,0,0,0,0,0,0,0,0,0,0,0,0,0,0,0,0,0,0,0,0,0,0,0,0,0,0,0,0,
 0,0,0,0,0,0,0,0,0,0,0,0,0,0,0,0,0,0,0,0,52,0,0,0,0,0,0,0,65,57,0,0,0,0,0,0,0,0,0,48,0,0,0,0,54,0,0,0,0,0,0,0,0,0,0,0,0,0,0,0,0,0,0,0,0,0,0,0,56,64,0,0,0,0,0,0,0,0,0,0,0,0,0,0,0,0,0,0,0,247,0,106,107,69,53,53,61,0,0,0,0,0,0,0,0,0,0,0,0,0,0,0,0,0,0,0,0,0,0,0,0,0,0,0,0,0,0,0,0,0,0,0,
 0,0,0,0,0,0,0,0,0,0,0,0,0,0,0,0,0,0,0,0,48,105,245,0,0,0,0,0,0,69,57,0,0,0,0,0,0,0,0,63,71,0,0,0,69,57,0,0,0,0,0,0,0,0,0,0,0,0,0,0,0,0,0,0,0,0,0,0,52,525,0,0,0,0,0,0,0,0,0,0,0,0,0,0,0,0,0,0,0,0,0,0,0,0,0,0,69,53,49,61,0,0,0,0,0,0,0,0,0,0,0,0,0,0,0,0,0,0,0,0,0,0,0,0,0,0,0,0,0,0,0,0,
@@ -536,8 +536,8 @@ data=
 0,0,0,0,0,0,0,0,0,0,0,0,0,0,0,0,0,0,0,0,0,0,0,0,0,0,0,0,59,67,0,0,0,0,0,0,0,0,0,0,0,0,70,62,0,0,0,0,0,0,0,0,0,0,0,0,0,0,0,0,0,0,63,67,0,0,0,0,65,57,0,0,0,0,48,0,0,0,0,54,0,0,0,0,0,0,0,0,0,0,0,0,0,0,0,60,68,0,0,0,0,0,65,53,53,68,0,0,0,0,0,0,0,54,0,0,0,0,0,0,0,0,0,0,0,0,0,0,0,0,0,0,
 0,0,0,0,0,0,0,0,0,0,0,0,0,0,0,0,0,0,0,0,0,0,0,0,0,0,0,0,0,59,71,246,0,0,0,0,0,0,0,0,0,66,62,0,0,0,0,0,0,0,0,0,0,0,0,0,0,0,0,0,0,0,0,52,0,0,0,0,0,54,0,0,0,0,63,67,0,0,0,65,57,0,0,0,0,0,0,0,0,0,0,0,0,0,0,48,0,0,0,0,0,0,0,0,0,0,0,0,0,0,0,0,0,50,0,0,0,0,0,0,0,0,0,0,0,0,0,0,0,0,0,0,
 0,0,0,0,0,0,0,0,0,0,0,0,0,0,0,0,0,0,0,0,0,0,0,0,0,0,0,0,0,0,59,51,71,0,0,0,0,0,0,70,55,62,0,0,0,0,0,0,0,0,0,0,0,0,0,0,0,0,0,0,0,0,0,59,71,244,0,0,0,65,57,0,0,0,0,48,0,0,0,0,50,0,0,0,0,0,0,0,0,0,0,0,0,0,0,48,0,0,0,0,0,0,0,0,0,0,0,0,0,0,0,0,244,54,0,0,0,0,0,0,0,0,0,0,0,0,0,0,0,0,0,0,
-0,0,0,0,0,0,0,0,0,0,0,0,0,0,0,0,0,0,0,0,0,0,0,0,0,0,0,0,0,0,0,0,59,55,51,51,51,55,51,62,0,0,0,0,0,0,0,0,0,0,0,0,0,0,0,0,0,0,0,0,0,0,0,0,59,71,0,0,0,0,54,0,0,0,0,52,247,0,0,0,65,57,0,0,0,0,0,0,0,0,0,0,0,0,0,225,0,0,0,0,0,0,0,0,0,0,0,0,0,0,0,0,66,58,0,0,0,0,0,0,0,0,0,0,0,0,0,0,0,0,0,0,
-0,0,0,0,0,0,0,0,0,0,0,0,0,0,0,0,0,0,0,0,0,0,0,0,0,0,0,0,0,0,0,0,0,0,0,0,0,0,0,0,0,0,0,0,0,0,0,0,0,0,0,0,0,0,0,0,0,0,0,0,0,0,0,0,0,59,71,0,0,0,65,61,0,0,0,48,566,0,0,0,0,54,0,0,0,0,0,0,0,0,0,0,0,0,0,224,0,0,0,0,0,0,245,0,0,0,0,0,0,0,0,0,54,0,0,0,0,0,0,0,0,0,0,0,0,0,0,0,0,0,0,0,
+0,0,0,0,0,0,0,0,0,0,0,0,0,0,0,0,0,0,0,0,0,0,0,0,0,0,0,0,0,0,0,0,59,55,51,51,51,55,51,62,0,0,0,0,0,0,0,0,0,0,0,0,0,0,0,0,0,0,0,0,0,0,0,0,59,71,0,0,0,0,54,0,0,0,0,52,247,0,0,0,65,57,0,0,0,0,0,0,0,0,0,0,0,0,0,225,92,0,0,0,0,0,0,0,0,0,0,0,0,0,0,0,66,58,0,0,0,0,0,0,0,0,0,0,0,0,0,0,0,0,0,0,
+0,0,0,0,0,0,0,0,0,0,0,0,0,0,0,0,0,0,0,0,0,0,0,0,0,0,0,0,0,0,0,0,0,0,0,0,0,0,0,0,0,0,0,0,0,0,0,0,0,0,0,0,0,0,0,0,0,0,0,0,0,0,0,0,0,59,71,0,0,0,65,61,0,0,0,48,566,0,0,0,0,54,0,0,0,0,0,0,0,0,0,0,0,0,0,224,92,0,0,0,0,0,245,0,0,0,0,0,0,0,0,0,54,0,0,0,0,0,0,0,0,0,0,0,0,0,0,0,0,0,0,0,
 0,0,0,0,0,0,0,0,0,0,0,0,0,0,0,0,0,0,0,0,0,0,0,0,0,0,0,0,0,0,0,0,0,0,0,0,0,0,0,0,0,0,0,0,0,0,0,0,0,0,0,0,0,0,0,0,0,0,0,0,0,0,0,0,0,0,63,67,0,0,0,50,0,0,0,59,67,0,0,0,0,65,57,0,0,0,0,0,0,0,0,0,0,0,0,48,0,0,0,0,0,0,0,0,0,0,0,247,0,0,0,66,62,0,0,0,0,0,0,0,0,0,0,0,0,0,0,0,0,0,0,0,
 0,0,0,0,0,0,0,0,0,0,0,0,0,0,0,0,0,0,0,0,0,0,0,0,0,0,0,0,0,0,0,0,0,0,0,0,0,0,0,0,0,0,0,0,0,0,0,0,0,0,0,0,0,0,0,0,0,0,0,0,0,0,0,0,0,0,0,48,0,0,0,65,61,0,0,0,48,0,0,0,0,0,54,0,0,0,0,0,0,0,0,0,0,0,0,48,0,0,0,0,0,0,0,0,0,0,0,0,0,0,70,58,0,0,0,0,0,0,0,0,0,0,0,0,0,0,0,0,0,0,0,0,
 0,0,0,0,0,0,0,0,0,0,0,0,0,0,0,0,0,0,0,0,0,0,0,0,0,0,0,0,0,0,0,0,0,0,0,0,0,0,0,0,0,0,0,0,0,0,0,0,0,0,0,0,0,0,0,0,0,0,0,0,0,0,0,0,0,0,0,59,67,0,0,0,65,49,49,53,68,0,0,0,0,0,50,0,0,0,0,0,0,0,0,0,0,0,0,59,51,71,0,0,0,0,0,0,0,0,0,0,0,0,50,0,0,0,0,0,0,0,0,0,0,0,0,0,0,0,0,0,0,0,0,0,
@@ -728,9 +728,9 @@ data=
 3,3,3,3,3,3,3,3,3,3,3,3,3,3,3,3,3,3,3,3,3,3,3,3,3,3,3,3,3,3,1,1,1,0,0,0,0,1,1,1,3,3,3,3,3,3,3,3,3,3,3,3,3,3,3,3,3,3,3,3,3,3,3,3,3,3,3,3,3,3,3,3,3,3,3,3,3,3,3,3,3,3,3,3,3,3,3,3,3,3,3,3,3,3,3,3,3,3,3,3,3,3,3,3,3,3,3,3,3,3,3,3,3,3,3,3,3,3,3,3,3,3,3,3,3,3,3,3,3,3,3,3,
 3,3,3,3,3,3,3,3,3,3,3,3,3,3,3,3,3,3,3,3,3,3,3,3,3,3,3,3,3,1,1,0,0,0,0,1,0,0,0,1,1,1,3,3,3,3,3,3,3,3,3,3,3,3,3,3,3,3,3,3,3,3,3,3,3,3,3,3,3,3,3,3,3,3,3,3,3,3,3,3,3,3,3,3,3,3,3,3,3,3,3,3,3,3,3,3,3,3,3,3,3,3,3,3,3,3,3,3,3,3,3,3,3,3,3,3,3,3,3,3,3,3,3,3,3,3,3,3,3,3,3,3,
 3,3,3,3,3,3,3,3,3,3,3,3,3,3,3,3,3,3,3,3,3,3,3,3,3,3,3,3,3,1,0,0,0,0,0,0,0,0,0,1,0,1,1,3,3,3,3,3,3,3,3,3,3,3,3,3,3,3,3,3,3,3,3,3,3,3,3,3,3,3,3,3,3,3,3,3,3,3,3,3,3,3,3,3,3,3,3,3,3,3,3,3,3,3,3,3,3,3,3,3,3,3,3,3,3,3,3,3,3,3,3,3,3,3,3,3,3,3,3,3,3,3,3,3,3,3,3,3,3,3,3,3,
-3,3,3,3,3,3,3,3,3,3,3,3,3,3,3,3,3,3,3,3,3,3,3,3,3,3,3,3,3,1,0,1,0,0,0,0,0,0,0,0,0,0,1,3,3,3,3,3,3,3,3,3,3,3,3,3,3,3,3,3,3,3,3,3,3,3,3,3,3,3,3,3,3,3,3,3,3,3,3,3,3,3,3,3,3,3,3,3,3,3,3,3,3,3,3,3,3,3,3,1,1,0,0,1,1,3,3,3,3,3,3,3,3,3,3,3,3,3,3,3,3,3,3,3,3,3,3,3,3,3,3,3,
-3,3,3,3,3,3,3,3,3,3,3,3,3,3,3,3,3,3,3,3,3,3,3,3,3,3,3,3,3,0,0,0,0,0,0,0,0,0,0,0,0,0,1,3,3,3,3,3,3,3,3,3,3,3,3,3,3,3,3,3,3,3,3,3,3,3,3,3,3,3,3,3,3,3,3,3,3,3,3,3,3,3,3,3,3,3,3,3,3,3,3,3,3,3,3,3,3,3,1,1,0,0,0,0,1,1,1,3,3,3,3,3,3,3,3,3,3,3,3,3,3,3,3,3,3,3,3,3,3,3,3,3,
-3,3,3,3,3,3,3,3,3,3,3,3,3,3,3,3,3,3,3,3,3,3,3,3,3,3,3,3,3,0,0,0,0,0,0,0,0,0,0,0,0,0,1,3,3,3,3,3,3,3,3,3,3,3,3,3,3,3,3,3,3,3,3,3,3,3,3,3,3,3,3,3,3,3,3,3,3,3,3,3,3,3,3,3,3,3,3,3,3,3,3,3,3,3,3,3,3,1,1,0,0,0,0,0,0,0,1,1,3,3,3,3,3,3,3,3,3,3,3,3,3,3,3,3,3,3,3,3,3,3,3,3,
+3,3,3,3,3,3,3,3,3,3,3,3,3,3,3,3,3,3,3,3,3,3,3,3,3,3,3,3,3,1,0,1,0,0,0,0,0,0,0,0,0,0,1,3,3,3,3,3,3,3,3,3,3,3,3,3,3,3,3,3,3,3,3,3,3,3,3,3,3,3,3,3,3,3,3,3,3,3,3,3,3,3,3,3,3,3,3,3,3,3,3,3,3,3,3,3,3,3,3,1,1,3,3,1,1,3,3,3,3,3,3,3,3,3,3,3,3,3,3,3,3,3,3,3,3,3,3,3,3,3,3,3,
+3,3,3,3,3,3,3,3,3,3,3,3,3,3,3,3,3,3,3,3,3,3,3,3,3,3,3,3,3,3,0,0,0,0,0,0,0,0,0,0,0,0,1,3,3,3,3,3,3,3,3,3,3,3,3,3,3,3,3,3,3,3,3,3,3,3,3,3,3,3,3,3,3,3,3,3,3,3,3,3,3,3,3,3,3,3,3,3,3,3,3,3,3,3,3,3,3,3,1,1,0,0,0,0,1,1,1,3,3,3,3,3,3,3,3,3,3,3,3,3,3,3,3,3,3,3,3,3,3,3,3,3,
+3,3,3,3,3,3,3,3,3,3,3,3,3,3,3,3,3,3,3,3,3,3,3,3,3,3,3,3,3,3,0,0,0,0,0,0,0,0,0,0,0,0,1,3,3,3,3,3,3,3,3,3,3,3,3,3,3,3,3,3,3,3,3,3,3,3,3,3,3,3,3,3,3,3,3,3,3,3,3,3,3,3,3,3,3,3,3,3,3,3,3,3,3,3,3,3,3,1,1,0,0,0,0,0,0,0,1,1,3,3,3,3,3,3,3,3,3,3,3,3,3,3,3,3,3,3,3,3,3,3,3,3,
 3,3,3,3,3,3,3,3,3,3,3,3,3,3,3,3,3,3,3,3,3,3,3,3,3,3,3,3,3,1,0,0,0,0,0,0,0,0,0,0,0,0,1,3,3,3,3,3,3,3,3,3,3,3,3,3,3,3,3,3,3,3,3,3,3,3,3,3,3,3,3,3,3,3,3,3,3,3,3,3,3,3,3,3,3,3,3,3,3,3,3,3,3,3,3,3,3,1,0,0,1,0,0,0,0,0,0,1,1,3,3,3,3,3,3,3,3,3,3,3,3,3,3,3,3,3,3,3,3,3,3,3,
 3,3,3,3,3,3,3,3,3,3,3,3,3,3,3,3,3,3,3,3,3,3,3,3,3,3,3,3,3,1,0,0,0,0,0,0,1,0,0,0,0,1,1,3,3,3,3,3,3,3,3,3,3,3,3,3,3,3,3,3,3,3,3,3,3,3,3,3,3,3,3,3,3,3,3,3,3,3,3,3,3,3,3,3,3,3,3,3,3,3,3,3,3,3,3,3,3,1,0,0,0,0,0,0,0,0,0,0,1,3,3,3,3,3,3,3,3,3,3,3,3,3,3,3,3,3,3,3,3,3,3,3,
 3,3,3,3,3,3,3,3,3,3,3,3,3,3,3,3,3,3,3,3,3,3,3,3,3,3,3,3,3,1,1,1,0,0,0,0,0,0,0,0,1,1,1,3,3,3,3,3,3,3,3,3,3,3,3,3,3,3,3,3,3,3,3,3,3,3,3,3,3,3,3,3,3,3,3,3,3,3,3,3,3,3,3,3,3,3,3,3,3,3,3,3,3,3,3,3,3,1,0,4,4,0,0,0,0,0,0,0,1,1,3,3,3,3,3,3,3,3,3,3,3,3,3,3,3,3,3,3,3,3,3,3,
@@ -783,7 +783,7 @@ data=
 3,3,3,3,3,3,3,3,3,3,3,3,3,3,3,3,3,3,3,3,3,3,3,3,3,3,3,3,3,3,3,3,3,3,3,3,1,0,0,0,0,0,0,0,0,1,1,3,3,3,3,3,3,3,3,3,3,3,3,3,3,1,1,2,2,2,2,2,2,0,2,2,2,2,2,0,0,0,0,0,1,3,3,3,3,3,3,3,3,3,3,3,3,3,3,3,3,3,3,3,3,3,3,3,3,3,3,3,3,3,3,3,3,3,3,3,3,3,3,3,3,3,3,3,3,3,3,3,3,3,3,3,
 3,3,3,3,3,3,3,3,3,3,3,3,3,3,3,3,3,3,3,3,3,3,3,3,3,3,3,3,3,3,3,3,3,3,3,3,1,1,0,0,0,0,0,0,1,1,3,3,3,3,3,3,3,3,3,3,3,3,3,3,3,3,1,1,1,1,1,1,4,0,0,0,0,0,0,0,1,0,0,0,1,3,3,3,3,3,3,3,3,3,3,3,3,3,3,3,3,3,3,3,3,3,3,3,3,3,3,3,3,3,3,3,3,3,3,3,3,3,3,3,3,3,3,3,3,3,3,3,3,3,3,3,
 3,3,3,3,3,3,3,3,3,3,3,3,3,3,3,3,3,3,3,3,3,3,3,3,3,3,3,3,3,3,3,3,3,3,3,3,3,1,0,0,0,0,0,1,1,3,3,3,3,3,3,3,3,3,3,3,3,3,3,3,3,3,3,3,3,3,3,1,1,0,0,0,0,0,0,0,0,0,0,0,1,1,3,3,3,3,3,3,3,3,3,3,3,3,3,3,3,3,3,3,3,3,3,3,3,3,3,3,3,3,3,3,3,3,3,3,3,3,3,3,3,3,3,3,3,3,3,3,3,3,3,3,
-3,3,3,3,3,3,3,3,3,3,3,3,3,3,3,3,3,3,3,3,3,3,1,0,0,1,3,3,3,3,3,3,3,3,3,3,3,1,1,0,0,0,0,1,3,3,3,3,3,3,3,3,3,3,3,3,3,3,3,3,3,3,3,3,3,3,3,3,1,1,0,0,0,0,0,0,0,0,0,0,0,1,1,1,3,3,3,3,3,3,3,3,3,3,3,3,3,3,3,3,3,3,3,3,3,3,3,3,3,3,3,3,3,3,3,3,3,3,3,3,3,3,3,3,3,3,3,3,3,3,3,3,
+3,3,3,3,3,3,3,3,3,3,3,3,3,3,3,3,3,3,3,3,3,3,1,3,3,1,3,3,3,3,3,3,3,3,3,3,3,1,1,0,0,0,0,1,3,3,3,3,3,3,3,3,3,3,3,3,3,3,3,3,3,3,3,3,3,3,3,3,1,1,0,0,0,0,0,0,0,0,0,0,0,1,1,1,3,3,3,3,3,3,3,3,3,3,3,3,3,3,3,3,3,3,3,3,3,3,3,3,3,3,3,3,3,3,3,3,3,3,3,3,3,3,3,3,3,3,3,3,3,3,3,3,
 3,3,3,3,3,3,3,3,3,3,3,3,3,3,3,3,3,3,3,3,3,1,1,0,0,1,1,1,3,3,3,3,3,3,3,3,3,3,1,1,0,0,0,1,3,3,3,3,3,3,3,3,3,3,3,3,3,3,3,3,3,3,3,3,3,3,3,3,3,1,0,0,0,0,0,0,0,0,0,0,0,0,1,1,1,3,3,3,3,3,3,3,3,3,3,3,3,3,3,3,3,3,3,3,3,3,3,3,3,3,3,3,3,3,3,3,3,3,3,3,3,3,3,3,3,3,3,3,3,3,3,3,
 3,3,3,3,3,3,3,3,3,3,3,3,3,3,3,3,3,3,3,3,1,1,0,0,0,0,0,1,1,3,3,3,3,3,3,3,3,3,1,1,0,0,0,1,1,3,3,3,3,3,3,3,3,3,3,3,3,3,3,3,3,3,3,3,3,3,3,3,3,1,1,0,0,0,0,0,1,0,0,0,0,0,0,0,1,1,1,1,1,1,1,1,1,1,3,3,3,3,3,3,3,3,3,3,3,3,3,3,3,3,3,3,3,3,3,3,3,3,3,3,3,3,3,3,3,3,3,3,3,3,3,3,
 3,3,3,3,3,3,3,3,3,3,3,3,3,3,3,3,3,3,3,3,1,0,0,0,0,0,0,0,1,1,3,3,3,3,3,3,3,3,3,1,0,0,0,0,1,3,3,3,3,3,3,3,3,3,3,3,3,3,3,3,3,3,3,3,3,3,3,3,1,1,0,0,0,0,0,0,0,0,0,0,0,0,0,0,0,0,0,0,0,1,0,4,4,1,1,1,1,3,3,3,3,3,3,3,3,3,3,3,3,3,3,3,3,3,3,3,3,3,3,3,3,3,3,3,3,3,3,3,3,3,3,3,
@@ -808,8 +808,8 @@ data=
 3,3,3,3,3,3,3,3,3,3,3,3,3,3,3,3,3,3,3,3,3,3,3,3,3,3,3,3,1,1,0,0,0,0,0,0,0,0,0,0,0,0,1,1,3,3,3,3,3,3,3,3,3,3,3,3,3,3,3,3,3,3,1,1,0,0,0,0,1,1,3,3,3,3,1,0,0,0,0,1,3,3,3,3,3,3,3,3,3,3,3,3,3,3,3,1,1,0,0,0,0,0,1,1,1,1,0,0,0,0,0,0,0,1,3,3,3,3,3,3,3,3,3,3,3,3,3,3,3,3,3,3,
 3,3,3,3,3,3,3,3,3,3,3,3,3,3,3,3,3,3,3,3,3,3,3,3,3,3,3,3,3,1,1,1,0,0,0,0,0,0,0,0,0,1,1,3,3,3,3,3,3,3,3,3,3,3,3,3,3,3,3,3,3,3,3,1,0,0,0,0,0,1,3,3,3,3,1,1,0,0,0,1,1,3,3,3,3,3,3,3,3,3,3,3,3,3,3,1,0,0,0,0,0,0,0,0,0,0,0,0,0,0,0,0,0,1,3,3,3,3,3,3,3,3,3,3,3,3,3,3,3,3,3,3,
 3,3,3,3,3,3,3,3,3,3,3,3,3,3,3,3,3,3,3,3,3,3,3,3,3,3,3,3,3,3,1,1,1,0,0,0,0,0,0,1,1,1,3,3,3,3,3,3,3,3,3,3,3,3,3,3,3,3,3,3,3,3,3,1,1,1,0,0,0,1,1,3,3,3,3,1,0,0,0,0,1,3,3,3,3,3,3,3,3,3,3,3,3,3,3,1,0,0,0,0,0,0,0,0,0,0,0,0,0,0,0,0,1,1,3,3,3,3,3,3,3,3,3,3,3,3,3,3,3,3,3,3,
-3,3,3,3,3,3,3,3,3,3,3,3,3,3,3,3,3,3,3,3,3,3,3,3,3,3,3,3,3,3,3,3,1,1,1,1,1,1,1,1,3,3,3,3,3,3,3,3,3,3,3,3,3,3,3,3,3,3,3,3,3,3,3,3,1,1,0,0,0,0,1,3,3,3,3,1,1,0,0,0,1,1,3,3,3,3,3,3,3,3,3,3,3,3,3,0,0,0,0,0,0,0,0,0,0,0,0,0,0,0,0,0,1,1,3,3,3,3,3,3,3,3,3,3,3,3,3,3,3,3,3,3,
-3,3,3,3,3,3,3,3,3,3,3,3,3,3,3,3,3,3,3,3,3,3,3,3,3,3,3,3,3,3,3,3,3,3,3,3,3,3,3,3,3,3,3,3,3,3,3,3,3,3,3,3,3,3,3,3,3,3,3,3,3,3,3,3,3,1,1,0,0,0,1,1,3,3,3,1,4,0,0,0,0,1,3,3,3,3,3,3,3,3,3,3,3,3,3,0,0,0,0,0,0,0,1,0,0,0,0,0,0,0,0,0,1,3,3,3,3,3,3,3,3,3,3,3,3,3,3,3,3,3,3,3,
+3,3,3,3,3,3,3,3,3,3,3,3,3,3,3,3,3,3,3,3,3,3,3,3,3,3,3,3,3,3,3,3,1,1,1,1,1,1,1,1,3,3,3,3,3,3,3,3,3,3,3,3,3,3,3,3,3,3,3,3,3,3,3,3,1,1,0,0,0,0,1,3,3,3,3,1,1,0,0,0,1,1,3,3,3,3,3,3,3,3,3,3,3,3,3,3,0,0,0,0,0,0,0,0,0,0,0,0,0,0,0,0,1,1,3,3,3,3,3,3,3,3,3,3,3,3,3,3,3,3,3,3,
+3,3,3,3,3,3,3,3,3,3,3,3,3,3,3,3,3,3,3,3,3,3,3,3,3,3,3,3,3,3,3,3,3,3,3,3,3,3,3,3,3,3,3,3,3,3,3,3,3,3,3,3,3,3,3,3,3,3,3,3,3,3,3,3,3,1,1,0,0,0,1,1,3,3,3,1,4,0,0,0,0,1,3,3,3,3,3,3,3,3,3,3,3,3,3,3,0,0,0,0,0,0,1,0,0,0,0,0,0,0,0,0,1,3,3,3,3,3,3,3,3,3,3,3,3,3,3,3,3,3,3,3,
 3,3,3,3,3,3,3,3,3,3,3,3,3,3,3,3,3,3,3,3,3,3,3,3,3,3,3,3,3,3,3,3,3,3,3,3,3,3,3,3,3,3,3,3,3,3,3,3,3,3,3,3,3,3,3,3,3,3,3,3,3,3,3,3,3,3,1,1,0,0,0,1,3,3,3,1,1,0,0,0,0,1,1,3,3,3,3,3,3,3,3,3,3,3,3,1,0,0,0,0,0,0,0,0,0,0,0,1,0,0,0,1,1,3,3,3,3,3,3,3,3,3,3,3,3,3,3,3,3,3,3,3,
 3,3,3,3,3,3,3,3,3,3,3,3,3,3,3,3,3,3,3,3,3,3,3,3,3,3,3,3,3,3,3,3,3,3,3,3,3,3,3,3,3,3,3,3,3,3,3,3,3,3,3,3,3,3,3,3,3,3,3,3,3,3,3,3,3,3,3,1,0,0,0,1,1,3,3,3,1,0,0,0,0,0,1,3,3,3,3,3,3,3,3,3,3,3,3,1,0,0,0,0,0,0,0,0,0,0,0,0,0,0,1,1,3,3,3,3,3,3,3,3,3,3,3,3,3,3,3,3,3,3,3,3,
 3,3,3,3,3,3,3,3,3,3,3,3,3,3,3,3,3,3,3,3,3,3,3,3,3,3,3,3,3,3,3,3,3,3,3,3,3,3,3,3,3,3,3,3,3,3,3,3,3,3,3,3,3,3,3,3,3,3,3,3,3,3,3,3,3,3,3,1,1,0,0,0,1,1,1,1,1,0,0,0,0,0,1,3,3,3,3,3,3,3,3,3,3,3,3,1,1,1,0,0,0,0,0,0,0,0,0,0,0,0,1,3,3,3,3,3,3,3,3,3,3,3,3,3,3,3,3,3,3,3,3,3,
@@ -840,7 +840,7 @@ data=
 [event]
 # to The Breach (SW)
 type=event
-location=23,79,2,1
+location=23,79,2,2
 activate=on_trigger
 hotspot=location
 intermap=maps/the_breach.txt,5,59
@@ -849,7 +849,7 @@ tooltip=The Breach
 [event]
 # to The Breach (SE)
 type=event
-location=95,104,1,2
+location=95,104,2,2
 activate=on_trigger
 hotspot=location
 intermap=maps/the_breach.txt,89,87
@@ -858,7 +858,7 @@ tooltip=The Breach
 [event]
 # to The Breach (NW)
 type=event
-location=29,25,1,2
+location=29,25,2,2
 activate=on_trigger
 hotspot=location
 intermap=maps/the_breach.txt,23,14
@@ -867,7 +867,7 @@ tooltip=The Breach
 [event]
 # to The Breach (NW)
 type=event
-location=101,24,2,1
+location=101,24,2,2
 activate=on_trigger
 hotspot=location
 intermap=maps/the_breach.txt,76,41
diff --git a/tiled/empyrean_campaign/goblin_camp.tmx b/tiled/empyrean_campaign/goblin_camp.tmx
index 9ead9f17f8d1f08ffab314772f72e4e077bc9595..cc28664c05176252d747583c0723c75c1b10b7b2 100644
--- a/tiled/empyrean_campaign/goblin_camp.tmx
+++ b/tiled/empyrean_campaign/goblin_camp.tmx
@@ -33,6 +33,9 @@
  <tileset firstgid="296" name="collision" tilewidth="64" tileheight="32" tilecount="15" columns="15">
   <image source="../dungeon/tiled_collision.png" width="960" height="32"/>
  </tileset>
+ <tileset firstgid="311" name="collision" tilewidth="64" tileheight="32" tilecount="15" columns="15">
+  <image source="../snowplains/tiled_collision.png" width="960" height="32"/>
+ </tileset>
  <layer name="background" width="60" height="60">
   <data encoding="csv">
 0,0,0,0,0,0,0,0,0,0,0,0,0,0,0,0,0,0,0,0,0,0,0,0,0,0,0,0,0,0,0,0,0,0,0,0,0,0,0,0,0,0,0,0,0,0,0,0,0,0,0,0,0,0,0,0,0,0,0,0,
@@ -125,7 +128,7 @@
 0,52,0,0,0,69,57,0,0,0,63,71,0,0,0,0,0,0,74,75,0,0,0,0,0,0,0,0,0,50,0,0,0,0,0,0,0,60,68,0,248,0,0,0,0,0,0,65,61,0,0,0,0,0,0,0,0,0,0,0,
 0,48,0,0,0,0,65,61,0,0,0,48,0,243,0,124,73,100,101,0,126,0,0,0,0,0,0,117,0,65,49,49,57,0,0,0,0,48,0,116,0,114,0,115,123,0,0,0,54,0,0,0,0,0,0,0,0,0,0,0,
 0,48,243,0,0,0,0,54,0,0,60,64,0,0,0,0,72,0,0,0,0,0,0,0,0,0,0,114,0,0,247,0,69,53,53,226,227,64,124,0,0,0,0,0,0,0,126,0,50,0,0,0,0,0,0,0,0,0,0,0,
-0,63,71,0,0,0,0,65,53,49,68,0,0,0,0,0,0,0,0,0,0,0,0,0,244,0,0,0,0,0,0,0,241,0,122,125,0,0,0,0,136,0,0,0,0,0,0,0,69,49,0,0,0,0,0,0,0,0,0,0,
+0,63,71,0,0,0,0,65,53,49,68,0,0,0,0,0,0,0,0,0,0,0,0,0,244,0,0,0,0,0,0,0,241,0,122,93,93,0,0,0,136,0,0,0,0,0,0,0,69,49,0,0,0,0,0,0,0,0,0,0,
 0,0,48,0,246,0,0,0,0,0,0,0,0,0,0,0,117,0,0,0,0,0,0,0,0,0,0,0,0,0,0,0,0,0,0,0,0,124,0,0,0,0,0,0,0,0,0,0,0,0,50,0,0,0,0,0,0,0,0,0,
 0,0,63,51,51,67,0,0,0,0,0,0,124,0,0,0,0,0,0,0,66,51,67,0,0,0,0,0,0,0,0,0,0,0,0,0,0,0,0,0,127,0,0,0,252,0,0,126,0,0,69,53,61,0,0,0,0,0,0,0,
 0,0,0,0,0,48,0,96,0,0,0,0,123,0,0,0,70,55,55,51,58,0,52,241,0,127,0,0,128,0,0,0,0,0,0,0,0,0,0,0,0,0,0,0,0,0,126,0,0,0,0,0,69,53,61,0,0,0,0,0,
@@ -187,8 +190,8 @@
 1,4,0,0,0,1,1,3,3,3,1,2,2,2,2,2,2,2,2,2,2,2,2,0,0,0,0,0,1,3,3,3,3,3,3,3,3,3,3,1,1,0,1,0,0,0,0,1,1,1,3,3,3,3,3,3,3,3,3,3,
 1,1,0,0,0,1,3,3,3,3,1,2,2,2,2,2,0,0,0,1,2,2,2,2,2,0,0,0,1,1,3,3,3,3,3,3,3,3,1,1,2,2,2,0,0,0,0,1,3,3,3,3,3,3,3,3,3,3,3,3,
 3,1,0,0,0,1,1,3,3,3,1,1,2,2,2,2,0,0,4,4,0,2,2,2,2,2,2,2,0,1,3,3,3,3,3,3,3,1,1,2,2,2,2,2,0,0,0,1,1,3,3,3,3,3,3,3,3,3,3,3,
-3,1,0,0,0,0,1,1,3,3,3,1,2,2,2,2,4,4,4,0,0,0,2,2,2,2,2,2,2,1,1,1,1,3,3,1,1,1,0,2,2,2,2,2,0,0,0,0,1,3,3,3,3,3,3,3,3,3,3,3,
-3,1,1,0,0,0,0,1,3,3,1,1,2,2,2,0,4,0,0,0,0,0,0,0,2,2,2,2,2,2,2,2,1,1,1,0,0,1,0,0,2,2,2,2,2,0,0,0,1,3,3,3,3,3,3,3,3,3,3,3,
+3,1,0,0,0,0,1,1,3,3,3,1,2,2,2,2,4,4,4,0,0,0,2,2,2,2,2,2,2,1,1,1,1,3,3,313,313,1,0,2,2,2,2,2,0,0,0,0,1,3,3,3,3,3,3,3,3,3,3,3,
+3,1,1,0,0,0,0,1,3,3,1,1,2,2,2,0,4,0,0,0,0,0,0,0,2,2,2,2,2,2,2,2,1,1,1,313,313,1,0,0,2,2,2,2,2,0,0,0,1,3,3,3,3,3,3,3,3,3,3,3,
 3,1,1,0,0,0,0,1,1,1,1,0,0,0,0,0,0,0,0,0,0,0,0,0,1,2,2,2,2,2,2,2,2,2,0,0,0,0,0,0,2,2,2,2,2,0,0,0,1,1,3,3,3,3,3,3,3,3,3,3,
 3,3,1,0,1,0,0,0,0,0,0,0,2,2,2,0,0,0,0,0,0,0,0,0,0,0,2,2,2,2,2,2,2,2,2,2,0,0,0,0,2,2,2,2,0,0,0,0,0,0,1,3,3,3,3,3,3,3,3,3,
 3,3,1,1,1,1,0,0,0,0,0,0,2,2,2,0,0,0,0,0,1,1,1,0,0,0,2,2,2,2,2,2,2,2,2,2,0,2,2,2,2,2,2,2,1,0,0,0,0,0,1,1,1,3,3,3,3,3,3,3,
@@ -391,7 +394,7 @@
     <property name="tooltip" value="Merrimead Swamp"/>
    </properties>
   </object>
-  <object id="37" name="to Goblin Cave" type="event" x="1120" y="800" width="64" height="32">
+  <object id="37" name="to Goblin Cave" type="event" x="1120" y="800" width="64" height="64">
    <properties>
     <property name="activate" value="on_trigger"/>
     <property name="hotspot" value="location"/>
diff --git a/tiled/empyrean_campaign/goblin_cave.tmx b/tiled/empyrean_campaign/goblin_cave.tmx
index 93f308db615dadfc39f785892fefc36c2c64dc6f..a29d42415e47883b8520058f1c3081866e1db0f7 100644
--- a/tiled/empyrean_campaign/goblin_cave.tmx
+++ b/tiled/empyrean_campaign/goblin_cave.tmx
@@ -180,7 +180,7 @@
    <properties>
     <property name="activate" value="on_trigger"/>
     <property name="hotspot" value="location"/>
-    <property name="intermap" value="maps/goblin_camp.txt,36,26"/>
+    <property name="intermap" value="maps/goblin_camp.txt,36,27"/>
     <property name="tooltip" value="Goblin Camp"/>
    </properties>
   </object>
diff --git a/tiled/empyrean_campaign/grot_lagoon.tmx b/tiled/empyrean_campaign/grot_lagoon.tmx
index f56c004756dc1e0f363ad7aed05d1ab432b665cb..e76d38c89c6db590d2ecbddb36299cfa35612ba2 100644
--- a/tiled/empyrean_campaign/grot_lagoon.tmx
+++ b/tiled/empyrean_campaign/grot_lagoon.tmx
@@ -452,7 +452,7 @@
 0,0,0,0,0,0,0,0,0,0,0,0,0,0,0,0,0,0,0,0,0,48,0,0,0,0,0,0,0,0,0,0,0,0,247,0,0,0,0,0,0,0,0,0,0,108,0,0,244,0,0,0,0,0,0,0,0,0,0,0,0,0,0,0,0,0,0,0,0,0,139,0,0,0,0,0,0,0,244,130,69,61,0,0,0,0,0,0,0,0,0,0,0,0,0,0,0,0,0,0,0,0,0,0,0,0,0,0,0,0,0,0,
 0,0,0,0,0,0,0,0,0,0,0,0,0,0,0,0,0,0,0,0,0,52,0,0,0,0,0,0,0,0,0,0,0,0,0,0,0,0,0,0,0,0,0,0,0,0,0,0,0,0,0,0,0,0,0,0,0,0,0,0,0,0,0,0,0,0,0,0,0,0,0,0,0,0,0,0,0,133,106,107,0,65,49,49,57,0,0,0,0,0,0,0,0,0,0,0,0,0,0,0,0,0,0,0,0,0,0,0,0,0,0,0,
 0,0,0,0,0,0,0,0,0,0,0,0,0,0,0,0,0,0,0,0,0,48,0,0,0,0,0,0,0,0,0,0,0,0,0,0,0,0,0,0,0,0,0,0,0,0,0,0,0,0,0,0,0,0,0,0,0,0,0,0,0,0,0,0,0,0,0,0,0,0,0,0,0,0,0,0,0,0,0,0,0,0,0,0,65,49,49,53,53,230,231,53,49,53,53,57,0,0,0,0,0,0,0,0,0,0,0,0,0,0,0,0,
-0,0,0,0,0,0,0,0,0,0,0,0,0,0,0,0,0,0,0,0,0,48,0,244,0,0,0,0,0,0,0,0,0,0,0,0,0,0,0,0,0,0,0,0,0,0,0,0,0,0,0,0,0,0,0,244,0,0,0,0,0,0,0,0,0,0,0,0,0,0,0,0,0,0,0,0,0,0,0,0,0,0,0,0,0,0,0,0,0,0,0,0,0,0,0,69,61,0,0,0,0,0,0,0,0,0,0,0,0,0,0,0,
+0,0,0,0,0,0,0,0,0,0,0,0,0,0,0,0,0,0,0,0,0,48,0,244,0,0,0,0,0,0,0,0,0,0,0,0,0,0,0,0,0,0,0,0,0,0,0,0,0,0,0,0,0,0,0,244,0,0,0,0,0,0,0,0,0,0,0,0,0,0,0,0,0,0,0,0,0,0,0,0,0,0,0,0,0,0,0,0,0,93,93,0,0,0,0,69,61,0,0,0,0,0,0,0,0,0,0,0,0,0,0,0,
 0,0,0,0,0,0,0,0,0,0,0,0,0,0,0,0,0,0,0,0,0,48,0,0,0,0,0,0,0,0,0,0,560,0,0,0,0,0,0,0,0,0,0,0,0,0,0,0,0,0,0,0,215,100,0,0,0,0,0,0,0,0,0,0,0,0,0,0,0,0,0,0,0,0,0,0,0,0,0,0,0,0,0,0,0,0,0,244,0,0,0,0,0,0,246,0,50,0,0,0,0,0,0,0,0,0,0,0,0,0,0,0,
 0,0,0,0,0,0,0,0,0,0,0,0,0,0,0,0,0,0,0,0,0,48,244,0,0,0,0,0,0,0,0,567,0,0,0,0,0,0,0,0,0,0,0,0,0,0,0,0,0,247,212,213,214,0,0,0,0,0,0,0,0,0,0,0,0,0,0,0,247,0,0,0,0,0,0,0,0,0,0,0,0,0,0,0,0,0,0,0,0,0,0,0,0,0,0,0,54,0,0,0,0,0,0,0,0,0,0,0,0,0,0,0,
 0,0,0,0,0,0,0,0,0,0,0,0,0,0,0,0,0,0,0,0,0,52,0,0,0,0,0,0,0,0,0,0,0,0,0,0,0,0,0,0,0,0,0,0,246,0,0,0,0,0,0,0,0,0,0,0,0,0,0,0,0,0,0,0,0,0,0,0,0,0,0,0,0,0,0,0,0,0,0,0,0,0,0,0,0,0,0,0,0,0,0,0,0,0,0,0,54,0,0,0,0,0,0,0,0,0,0,0,0,0,0,0,
@@ -683,7 +683,7 @@
 3,3,3,3,3,3,3,3,3,3,3,3,3,3,3,3,3,3,3,3,3,1,1,0,0,0,0,0,0,0,0,0,0,0,0,4,2,2,2,2,2,2,2,2,2,4,0,0,0,0,4,0,0,0,0,0,2,2,2,2,2,2,2,2,2,4,0,0,0,0,0,0,0,0,0,0,0,0,0,1,1,3,3,3,3,3,3,3,3,3,3,3,3,3,3,3,3,3,3,3,3,3,3,3,3,3,3,3,3,3,3,3,
 3,3,3,3,3,3,3,3,3,3,3,3,3,3,3,3,3,3,3,3,3,1,0,0,0,0,0,0,0,0,0,0,0,0,1,0,2,2,2,2,2,2,2,2,2,4,0,0,1,0,0,0,0,0,0,0,2,2,2,2,2,2,2,2,2,0,0,0,0,0,1,0,0,0,0,0,0,0,1,4,1,1,3,3,3,3,3,3,3,3,3,3,3,3,3,3,3,3,3,3,3,3,3,3,3,3,3,3,3,3,3,3,
 3,3,3,3,3,3,3,3,3,3,3,3,3,3,3,3,3,3,3,3,3,1,0,0,0,0,0,0,0,0,0,0,0,0,0,0,2,2,2,2,2,2,2,2,2,0,0,0,0,0,0,0,0,0,0,0,2,2,2,2,2,2,2,2,2,2,0,0,0,0,0,0,0,0,0,0,0,1,4,4,0,1,1,1,1,3,3,3,3,3,3,3,3,3,3,3,3,3,3,3,3,3,3,3,3,3,3,3,3,3,3,3,
-3,3,3,3,3,3,3,3,3,3,3,3,3,3,3,3,3,3,3,3,3,1,0,0,0,0,0,0,0,0,0,0,0,0,0,2,2,2,2,2,2,2,2,2,2,0,0,0,0,0,0,0,0,0,0,0,0,2,2,2,2,2,2,2,2,2,0,0,0,0,0,0,0,0,0,0,0,0,0,0,0,0,0,0,1,1,1,1,1,0,0,1,1,1,1,1,3,3,3,3,3,3,3,3,3,3,3,3,3,3,3,3,
+3,3,3,3,3,3,3,3,3,3,3,3,3,3,3,3,3,3,3,3,3,1,0,0,0,0,0,0,0,0,0,0,0,0,0,2,2,2,2,2,2,2,2,2,2,0,0,0,0,0,0,0,0,0,0,0,0,2,2,2,2,2,2,2,2,2,0,0,0,0,0,0,0,0,0,0,0,0,0,0,0,0,0,0,1,1,1,1,1,3,3,1,1,1,1,1,3,3,3,3,3,3,3,3,3,3,3,3,3,3,3,3,
 3,3,3,3,3,3,3,3,3,3,3,3,3,3,3,3,3,3,3,3,3,1,0,1,0,0,0,0,0,0,0,0,0,0,2,2,2,2,2,2,2,2,2,2,2,0,0,0,0,0,0,0,0,0,0,1,0,0,2,2,2,2,2,2,2,2,0,0,0,0,0,0,0,0,0,0,0,0,0,0,0,0,0,0,0,0,0,0,0,0,0,0,0,0,0,1,1,3,3,3,3,3,3,3,3,3,3,3,3,3,3,3,
 3,3,3,3,3,3,3,3,3,3,3,3,3,3,3,3,3,3,3,3,3,1,0,0,0,0,0,0,0,0,0,0,4,2,2,2,2,2,2,2,2,2,2,2,2,0,0,0,0,0,1,1,1,4,0,0,0,0,2,2,2,2,2,2,2,2,0,0,0,0,0,0,0,0,0,0,0,0,0,0,0,0,0,0,0,0,0,1,0,0,0,0,0,0,1,0,1,3,3,3,3,3,3,3,3,3,3,3,3,3,3,3,
 3,3,3,3,3,3,3,3,3,3,3,3,3,3,3,3,3,3,3,3,3,1,1,0,0,0,0,0,0,0,0,4,2,2,2,2,2,2,2,2,2,2,2,0,0,0,0,0,0,1,1,1,1,0,0,0,0,0,2,2,2,2,2,2,2,2,0,0,1,0,0,0,0,0,0,0,0,0,0,0,0,0,0,0,0,0,0,0,0,0,0,0,0,0,0,0,1,3,3,3,3,3,3,3,3,3,3,3,3,3,3,3,
@@ -738,7 +738,7 @@
 </data>
  </layer>
  <objectgroup name="event">
-  <object id="3" name="to Abandoned Mines" type="event" x="2848" y="1920" width="64" height="32">
+  <object id="3" name="to Abandoned Mines" type="event" x="2848" y="1920" width="64" height="64">
    <properties>
     <property name="activate" value="on_trigger"/>
     <property name="hotspot" value="location"/>
diff --git a/tiled/empyrean_campaign/lake_kuuma.tmx b/tiled/empyrean_campaign/lake_kuuma.tmx
index 62180752a47fa397badaa84129850257bf3d1d6a..8b97f3d0cdde2afd74626cc1a6eeb74d697420c2 100644
--- a/tiled/empyrean_campaign/lake_kuuma.tmx
+++ b/tiled/empyrean_campaign/lake_kuuma.tmx
@@ -555,8 +555,8 @@
 0,0,0,0,0,0,0,0,0,0,0,0,0,0,0,0,0,0,0,0,0,0,0,0,0,0,0,0,0,0,0,0,0,0,0,0,0,0,0,0,0,0,0,0,0,0,0,48,104,0,0,0,50,0,0,0,0,0,0,0,0,0,0,0,63,55,71,244,0,0,0,0,0,0,0,0,0,0,0,0,0,0,0,0,0,0,0,0,0,0,0,0,0,0,0,0,0,0,0,0,0,0,0,0,0,0,0,0,0,0,50,0,0,0,0,0,0,0,0,0,0,0,0,0,0,0,0,0,0,0,0,0,
 0,0,0,0,0,0,0,0,0,0,0,0,0,0,0,0,0,0,0,0,0,0,0,0,0,0,0,0,0,0,0,0,0,0,0,0,0,0,0,0,0,0,0,0,0,0,0,52,109,0,0,0,65,61,0,0,0,0,0,0,0,0,0,0,0,0,63,51,51,51,71,0,0,0,0,0,0,0,0,0,0,0,0,0,0,0,0,0,0,0,0,0,0,0,0,0,0,0,0,0,0,0,0,0,0,0,0,0,70,51,62,0,0,0,0,0,0,0,0,0,0,0,0,0,0,0,0,0,0,0,0,0,
 0,0,0,0,0,0,0,0,0,0,0,0,0,0,0,0,0,0,0,0,0,0,0,0,0,0,0,0,0,0,0,0,0,0,0,0,0,0,0,0,0,0,0,0,0,0,0,48,108,565,0,0,0,69,61,0,0,0,0,0,0,0,0,0,0,0,0,0,0,0,52,0,0,0,0,0,0,0,0,0,0,0,0,0,247,0,0,0,0,0,0,0,0,0,0,0,0,0,0,0,0,0,0,0,0,0,0,0,54,0,0,0,0,0,0,0,0,0,0,0,0,0,0,0,0,0,0,0,0,0,0,0,
-0,0,0,0,0,0,0,0,0,0,0,0,0,0,0,0,0,0,0,0,0,0,0,0,0,0,0,0,0,0,0,0,0,0,0,0,0,0,0,0,0,0,0,0,0,0,0,229,0,0,0,0,0,0,65,61,0,0,0,0,0,0,0,0,0,0,0,0,0,0,59,67,0,0,0,0,0,0,0,0,0,0,0,0,0,0,0,0,0,0,0,0,0,246,0,0,0,0,0,0,0,0,0,0,0,0,0,0,50,0,0,0,0,0,0,0,0,0,0,0,0,0,0,0,0,0,0,0,0,0,0,0,
-0,0,0,0,0,0,0,0,0,0,0,0,0,0,0,0,0,0,0,0,0,0,0,0,0,0,0,0,0,0,0,0,0,0,0,0,0,0,0,0,0,0,0,0,0,0,0,228,0,0,0,0,0,0,0,69,61,0,0,0,0,0,0,0,0,0,0,0,0,0,0,59,71,0,0,0,0,0,0,0,0,0,0,0,0,0,0,0,0,0,0,0,0,565,0,0,0,0,0,0,0,0,0,0,0,0,0,66,62,0,0,0,0,0,0,0,0,0,0,0,0,0,0,0,0,0,0,0,0,0,0,0,
+0,0,0,0,0,0,0,0,0,0,0,0,0,0,0,0,0,0,0,0,0,0,0,0,0,0,0,0,0,0,0,0,0,0,0,0,0,0,0,0,0,0,0,0,0,0,0,229,92,0,0,0,0,0,65,61,0,0,0,0,0,0,0,0,0,0,0,0,0,0,59,67,0,0,0,0,0,0,0,0,0,0,0,0,0,0,0,0,0,0,0,0,0,246,0,0,0,0,0,0,0,0,0,0,0,0,0,0,50,0,0,0,0,0,0,0,0,0,0,0,0,0,0,0,0,0,0,0,0,0,0,0,
+0,0,0,0,0,0,0,0,0,0,0,0,0,0,0,0,0,0,0,0,0,0,0,0,0,0,0,0,0,0,0,0,0,0,0,0,0,0,0,0,0,0,0,0,0,0,0,228,92,0,0,0,0,0,0,69,61,0,0,0,0,0,0,0,0,0,0,0,0,0,0,59,71,0,0,0,0,0,0,0,0,0,0,0,0,0,0,0,0,0,0,0,0,565,0,0,0,0,0,0,0,0,0,0,0,0,0,66,62,0,0,0,0,0,0,0,0,0,0,0,0,0,0,0,0,0,0,0,0,0,0,0,
 0,0,0,0,0,0,0,0,0,0,0,0,0,0,0,0,0,0,0,0,0,0,0,0,0,0,0,0,0,0,0,0,0,0,0,0,0,0,0,0,0,0,0,0,0,0,0,52,564,522,0,0,0,0,565,0,65,61,0,0,0,0,0,0,0,0,0,0,0,0,0,0,59,67,0,0,0,0,0,0,0,0,0,0,0,0,0,0,0,0,0,0,0,0,0,0,0,0,0,0,0,0,0,0,245,0,70,58,0,0,0,0,0,0,0,0,0,0,0,0,0,0,0,0,0,0,0,0,0,0,0,0,
 0,0,0,0,0,0,0,0,0,0,0,0,0,0,0,0,0,0,0,0,0,0,0,0,0,0,0,0,0,0,0,0,0,0,0,0,0,0,0,0,0,0,0,0,0,0,0,52,247,543,521,562,0,563,246,0,0,54,0,0,0,0,0,0,0,0,0,0,0,0,0,0,0,63,51,51,67,0,0,0,246,0,0,0,0,0,0,0,0,0,0,0,0,0,0,0,0,0,0,0,0,0,0,0,66,55,62,0,0,0,0,0,0,0,0,0,0,0,0,0,0,0,0,0,0,0,0,0,0,0,0,0,
 0,0,0,0,0,0,0,0,0,0,0,0,0,0,0,0,0,0,0,0,0,0,0,0,0,0,0,0,0,0,0,0,0,0,0,0,0,0,0,0,0,0,0,0,0,0,0,63,55,67,0,0,0,0,0,0,0,69,61,0,0,0,0,0,0,0,0,0,0,0,0,0,0,0,0,0,63,51,51,51,55,55,55,67,0,0,0,0,0,0,0,0,0,0,0,0,0,0,0,0,0,0,0,70,58,0,0,0,0,0,0,0,0,0,0,0,0,0,0,0,0,0,0,0,0,0,0,0,0,0,0,0,
@@ -827,8 +827,8 @@
 3,3,3,3,3,3,3,3,3,3,3,3,3,3,3,3,3,3,3,3,3,3,3,3,3,3,3,3,3,3,3,3,3,3,3,3,3,3,3,3,3,3,3,3,3,3,3,1,4,0,0,0,1,3,3,3,3,3,3,3,3,3,3,3,1,1,1,1,0,0,0,0,0,0,0,0,0,0,0,0,0,0,0,0,0,0,0,0,0,0,0,0,0,0,0,0,0,0,0,0,0,0,0,0,0,0,0,0,0,0,1,3,3,3,3,3,3,3,3,3,3,3,3,3,3,3,3,3,3,3,3,3,
 3,3,3,3,3,3,3,3,3,3,3,3,3,3,3,3,3,3,3,3,3,3,3,3,3,3,3,3,3,3,3,3,3,3,3,3,3,3,3,3,3,3,3,3,3,3,3,1,4,0,0,0,1,1,3,3,3,3,3,3,3,3,3,3,3,3,1,1,1,1,1,0,0,0,0,0,0,0,0,0,0,0,0,0,0,0,0,0,0,0,0,0,0,0,0,0,0,0,0,0,0,0,0,0,0,0,0,0,1,1,1,3,3,3,3,3,3,3,3,3,3,3,3,3,3,3,3,3,3,3,3,3,
 3,3,3,3,3,3,3,3,3,3,3,3,3,3,3,3,3,3,3,3,3,3,3,3,3,3,3,3,3,3,3,3,3,3,3,3,3,3,3,3,3,3,3,3,3,3,3,1,4,4,0,0,0,1,1,3,3,3,3,3,3,3,3,3,3,3,3,3,3,3,1,0,0,0,0,0,0,0,0,0,0,0,0,0,1,0,0,0,0,0,0,0,0,0,0,0,0,0,0,0,0,0,0,0,0,0,0,0,1,3,3,3,3,3,3,3,3,3,3,3,3,3,3,3,3,3,3,3,3,3,3,3,
-3,3,3,3,3,3,3,3,3,3,3,3,3,3,3,3,3,3,3,3,3,3,3,3,3,3,3,3,3,3,3,3,3,3,3,3,3,3,3,3,3,3,3,3,3,3,3,0,0,0,0,0,0,0,1,1,3,3,3,3,3,3,3,3,3,3,3,3,3,3,1,1,0,0,0,0,0,0,0,0,0,0,0,0,0,0,0,0,0,0,0,0,0,1,0,0,0,0,0,0,0,0,0,0,0,0,0,0,1,3,3,3,3,3,3,3,3,3,3,3,3,3,3,3,3,3,3,3,3,3,3,3,
-3,3,3,3,3,3,3,3,3,3,3,3,3,3,3,3,3,3,3,3,3,3,3,3,3,3,3,3,3,3,3,3,3,3,3,3,3,3,3,3,3,3,3,3,3,3,3,0,0,0,0,0,0,0,0,1,1,3,3,3,3,3,3,3,3,3,3,3,3,3,3,1,1,0,0,0,0,0,0,0,0,0,0,0,0,0,0,0,0,0,0,0,0,4,0,0,0,0,0,0,0,0,0,0,0,0,0,1,1,3,3,3,3,3,3,3,3,3,3,3,3,3,3,3,3,3,3,3,3,3,3,3,
+3,3,3,3,3,3,3,3,3,3,3,3,3,3,3,3,3,3,3,3,3,3,3,3,3,3,3,3,3,3,3,3,3,3,3,3,3,3,3,3,3,3,3,3,3,3,3,3,0,0,0,0,0,0,1,1,3,3,3,3,3,3,3,3,3,3,3,3,3,3,1,1,0,0,0,0,0,0,0,0,0,0,0,0,0,0,0,0,0,0,0,0,0,1,0,0,0,0,0,0,0,0,0,0,0,0,0,0,1,3,3,3,3,3,3,3,3,3,3,3,3,3,3,3,3,3,3,3,3,3,3,3,
+3,3,3,3,3,3,3,3,3,3,3,3,3,3,3,3,3,3,3,3,3,3,3,3,3,3,3,3,3,3,3,3,3,3,3,3,3,3,3,3,3,3,3,3,3,3,3,3,0,0,0,0,0,0,0,1,1,3,3,3,3,3,3,3,3,3,3,3,3,3,3,1,1,0,0,0,0,0,0,0,0,0,0,0,0,0,0,0,0,0,0,0,0,4,0,0,0,0,0,0,0,0,0,0,0,0,0,1,1,3,3,3,3,3,3,3,3,3,3,3,3,3,3,3,3,3,3,3,3,3,3,3,
 3,3,3,3,3,3,3,3,3,3,3,3,3,3,3,3,3,3,3,3,3,3,3,3,3,3,3,3,3,3,3,3,3,3,3,3,3,3,3,3,3,3,3,3,3,3,3,1,4,4,0,0,0,0,4,0,1,1,3,3,3,3,3,3,3,3,3,3,3,3,3,3,1,1,0,0,0,0,0,0,0,0,0,0,0,0,0,0,0,0,0,0,0,0,0,0,0,0,0,0,0,0,0,0,1,0,1,1,3,3,3,3,3,3,3,3,3,3,3,3,3,3,3,3,3,3,3,3,3,3,3,3,
 3,3,3,3,3,3,3,3,3,3,3,3,3,3,3,3,3,3,3,3,3,3,3,3,3,3,3,3,3,3,3,3,3,3,3,3,3,3,3,3,3,3,3,3,3,3,3,1,1,4,4,4,0,4,1,0,1,1,3,3,3,3,3,3,3,3,3,3,3,3,3,3,3,1,1,1,1,0,0,0,1,0,0,0,0,0,0,0,0,0,0,0,0,0,0,0,0,0,0,0,0,0,0,0,1,1,1,3,3,3,3,3,3,3,3,3,3,3,3,3,3,3,3,3,3,3,3,3,3,3,3,3,
 3,3,3,3,3,3,3,3,3,3,3,3,3,3,3,3,3,3,3,3,3,3,3,3,3,3,3,3,3,3,3,3,3,3,3,3,3,3,3,3,3,3,3,3,3,3,3,1,1,1,0,0,0,0,0,0,0,1,1,3,3,3,3,3,3,3,3,3,3,3,3,3,3,3,3,3,1,1,1,1,1,1,1,1,0,0,0,0,0,0,0,0,0,0,0,0,0,0,0,0,0,0,0,1,1,3,3,3,3,3,3,3,3,3,3,3,3,3,3,3,3,3,3,3,3,3,3,3,3,3,3,3,
@@ -952,7 +952,7 @@
     <property name="tooltip" value="Fort Amir"/>
    </properties>
   </object>
-  <object id="42" name="to Blackmire Mines" type="event" x="1504" y="3328" width="32" height="64">
+  <object id="42" name="to Blackmire Mines" type="event" x="1504" y="3328" width="64" height="64">
    <properties>
     <property name="activate" value="on_trigger"/>
     <property name="hotspot" value="location"/>
diff --git a/tiled/empyrean_campaign/nazia_highlands.tmx b/tiled/empyrean_campaign/nazia_highlands.tmx
index 90939de43aff02d35ffe39c718f26d08d387ae21..df6c6866eed8c126284ae78647390fe62aa9c853 100644
--- a/tiled/empyrean_campaign/nazia_highlands.tmx
+++ b/tiled/empyrean_campaign/nazia_highlands.tmx
@@ -122,7 +122,7 @@
 0,0,0,0,0,0,0,0,0,0,0,0,0,0,0,0,0,0,0,0,0,0,0,0,0,0,0,0,0,0,0,0,0,0,0,0,0,0,0,0,0,0,0,0,0,0,0,0,0,0,0,0,0,0,0,0,0,0,0,0,0,0,0,0,0,0,0,0,60,68,255,0,69,61,0,0,0,0,0,0,
 0,0,0,0,0,0,0,0,0,0,0,0,0,0,0,0,0,0,0,0,0,0,0,0,0,0,0,0,0,0,0,0,0,0,0,0,0,0,0,0,0,0,0,0,0,0,0,0,0,0,0,0,0,0,0,0,0,0,0,0,0,0,0,0,0,0,56,49,68,126,0,0,125,69,61,0,0,0,0,0,
 0,0,0,0,0,0,0,0,60,49,49,49,230,231,49,57,0,0,0,0,0,0,0,0,0,0,0,0,0,0,0,0,0,60,53,53,53,49,49,61,0,0,0,0,0,0,0,0,0,0,0,0,0,0,0,0,0,0,0,0,0,0,0,0,0,60,64,0,0,0,0,0,0,0,69,61,0,0,0,0,
-0,0,0,0,0,0,60,53,68,0,0,254,0,0,116,65,49,49,49,49,49,53,53,57,0,0,0,0,0,0,0,0,0,48,0,0,0,249,0,69,53,49,49,53,57,0,0,0,0,0,0,0,0,0,0,0,0,0,0,0,0,0,0,0,56,68,0,249,0,133,0,0,134,0,0,69,57,0,0,0,
+0,0,0,0,0,0,60,53,68,0,0,254,93,93,116,65,49,49,49,49,49,53,53,57,0,0,0,0,0,0,0,0,0,48,0,0,0,249,0,69,53,49,49,53,57,0,0,0,0,0,0,0,0,0,0,0,0,0,0,0,0,0,0,0,56,68,0,249,0,133,0,0,134,0,0,69,57,0,0,0,
 0,0,0,0,0,60,64,112,0,248,0,0,0,0,0,0,0,0,0,0,0,0,0,69,57,0,0,0,0,0,0,0,0,48,0,0,0,0,0,0,0,0,0,0,69,53,53,57,0,0,0,0,0,0,0,0,0,0,0,0,0,0,0,0,48,109,112,0,0,0,0,0,0,0,0,0,50,0,0,0,
 0,0,0,0,60,68,0,0,0,0,0,0,0,0,0,0,0,0,0,249,0,255,0,0,65,57,0,0,0,0,0,0,0,48,0,253,0,0,0,0,0,0,250,0,0,0,0,65,61,0,0,0,0,0,0,0,0,0,0,0,0,0,0,0,225,108,0,0,0,0,0,0,0,0,0,0,50,0,0,0,
 0,0,0,60,64,0,254,0,0,0,0,0,0,0,0,0,0,0,0,0,0,0,123,0,0,69,49,57,0,0,0,0,0,63,71,0,0,0,0,0,0,0,0,0,0,0,255,0,69,49,61,0,0,0,0,0,0,0,0,0,0,0,0,0,224,105,0,0,0,0,0,0,0,0,0,0,50,0,0,0,
@@ -205,7 +205,7 @@
 3,3,3,3,3,3,3,3,3,3,3,3,3,3,3,3,3,3,3,3,3,3,3,3,3,3,3,3,3,3,3,3,3,3,3,3,3,3,3,3,3,3,3,3,3,3,3,3,3,3,3,3,3,3,3,3,3,3,3,3,3,3,3,3,3,3,3,3,3,1,1,1,1,3,3,3,3,3,3,3,
 3,3,3,3,3,3,3,3,3,3,3,3,3,3,3,3,3,3,3,3,3,3,3,3,3,3,3,3,3,3,3,3,3,3,3,3,3,3,3,3,3,3,3,3,3,3,3,3,3,3,3,3,3,3,3,3,3,3,3,3,3,3,3,3,3,3,3,3,1,1,1,0,1,1,3,3,3,3,3,3,
 3,3,3,3,3,3,3,3,3,3,3,1,1,1,1,3,3,3,3,3,3,3,3,3,3,3,3,3,3,3,3,3,3,3,3,3,3,3,3,3,3,3,3,3,3,3,3,3,3,3,3,3,3,3,3,3,3,3,3,3,3,3,3,3,3,3,1,1,1,0,0,0,0,1,1,3,3,3,3,3,
-3,3,3,3,3,3,3,3,1,1,1,1,0,0,1,1,3,3,3,3,3,3,3,3,3,3,3,3,3,3,3,3,3,1,1,1,1,1,1,1,3,3,3,3,3,3,3,3,3,3,3,3,3,3,3,3,3,3,3,3,3,3,3,3,3,1,1,0,0,0,0,0,0,0,1,1,3,3,3,3,
+3,3,3,3,3,3,3,3,1,1,1,1,3,3,1,1,3,3,3,3,3,3,3,3,3,3,3,3,3,3,3,3,3,1,1,1,1,1,1,1,3,3,3,3,3,3,3,3,3,3,3,3,3,3,3,3,3,3,3,3,3,3,3,3,3,1,1,0,0,0,0,0,0,0,1,1,3,3,3,3,
 3,3,3,3,3,3,1,1,1,0,0,1,0,0,0,1,1,1,1,1,1,1,1,1,3,3,3,3,3,3,3,3,3,1,0,0,0,1,0,1,1,1,1,1,1,3,3,3,3,3,3,3,3,3,3,3,3,3,3,3,3,3,3,3,1,1,0,1,0,1,0,0,1,0,0,1,1,3,3,3,
 3,3,3,3,3,1,1,0,0,1,0,0,0,0,0,0,0,0,0,0,0,0,0,1,1,3,3,3,3,3,3,3,3,1,0,0,0,0,0,0,0,0,0,0,1,1,1,1,3,3,3,3,3,3,3,3,3,3,3,3,3,3,3,3,1,4,0,0,0,0,0,0,0,0,0,0,1,3,3,3,
 3,3,3,3,1,1,0,0,0,0,0,0,0,0,0,0,0,0,0,1,0,1,0,0,1,1,3,3,3,3,3,3,3,1,0,1,0,0,0,0,0,0,1,0,0,0,0,1,1,3,3,3,3,3,3,3,3,3,3,3,3,3,3,3,1,4,0,0,0,0,0,0,0,0,0,0,1,3,3,3,
@@ -372,7 +372,7 @@
     <property name="tooltip" value="Nazia Underground"/>
    </properties>
   </object>
-  <object id="21" name="to Nazia Mines" type="event" x="384" y="160" width="64" height="32">
+  <object id="21" name="to Nazia Mines" type="event" x="384" y="160" width="64" height="64">
    <properties>
     <property name="activate" value="on_trigger"/>
     <property name="hotspot" value="location"/>
diff --git a/tiled/empyrean_campaign/salted_field.tmx b/tiled/empyrean_campaign/salted_field.tmx
index 0e65f760dbce6a6b62f0e5c94fe341edb3163018..489a176452b0f961e349912cfc92007487d62ac8 100644
--- a/tiled/empyrean_campaign/salted_field.tmx
+++ b/tiled/empyrean_campaign/salted_field.tmx
@@ -108,8 +108,8 @@
 0,0,0,0,0,0,52,243,141,0,127,118,0,113,123,0,69,57,0,0,0,0,0,0,0,0,0,0,0,0,0,0,0,0,0,0,0,0,0,0,48,120,0,0,0,254,0,50,0,0,60,68,250,69,53,53,61,0,0,0,
 0,0,0,0,0,56,68,0,143,0,0,0,0,0,0,117,0,65,57,0,0,0,0,0,0,0,0,0,0,0,0,0,0,0,0,60,53,53,57,0,63,67,121,127,120,0,121,54,0,60,64,253,113,120,0,251,69,53,0,0,
 0,0,0,0,0,48,130,242,0,0,0,0,0,0,0,124,0,0,54,0,0,0,0,0,0,0,0,0,0,0,0,0,0,0,56,64,112,0,54,0,0,59,67,0,0,0,126,65,53,64,121,0,0,0,0,126,115,94,0,0,
-0,0,0,0,0,229,113,0,125,130,0,0,0,0,120,0,127,0,69,49,53,53,61,0,56,53,53,57,0,0,0,0,0,0,52,112,121,249,69,61,0,60,68,250,0,0,0,0,0,0,126,0,0,0,0,0,0,94,0,0,
-0,0,0,0,0,228,125,0,0,0,115,0,0,0,128,0,0,0,125,0,0,249,65,53,68,120,254,69,57,0,0,0,0,0,48,122,0,0,112,69,49,64,0,121,125,0,0,0,0,0,0,0,0,0,124,0,0,94,0,0,
+0,0,0,0,0,229,92,0,125,130,0,0,0,0,120,0,127,0,69,49,53,53,61,0,56,53,53,57,0,0,0,0,0,0,52,112,121,249,69,61,0,60,68,250,0,0,0,0,0,0,126,0,0,0,0,0,0,94,0,0,
+0,0,0,0,0,228,92,0,0,0,115,0,0,0,128,0,0,0,125,0,0,249,65,53,68,120,254,69,57,0,0,0,0,0,48,122,0,0,112,69,49,64,0,121,125,0,0,0,0,0,0,0,0,0,124,0,0,94,0,0,
 0,0,0,0,0,48,0,0,0,0,0,116,0,241,0,0,0,0,125,0,124,0,0,0,0,0,124,0,65,57,0,0,0,56,68,122,123,0,0,121,0,0,0,0,0,0,0,0,0,120,0,0,0,0,0,0,0,94,0,0,
 0,0,0,0,0,59,67,0,125,125,0,0,0,0,127,0,0,124,0,0,0,0,0,0,0,116,125,127,0,54,0,0,56,64,0,243,121,0,0,0,0,0,0,0,0,66,55,55,71,0,124,0,0,0,0,255,66,55,0,0,
 0,0,0,0,0,0,52,240,0,0,0,0,0,0,0,127,0,0,0,0,0,0,0,70,51,67,121,0,0,65,49,53,68,0,0,0,0,0,0,0,127,0,0,0,0,54,0,0,63,51,67,0,0,240,66,55,62,0,0,0,
@@ -158,7 +158,7 @@
 0,0,0,0,0,0,0,0,0,0,0,0,0,0,0,0,0,0,0,0,0,0,0,0,0,0,0,0,0,0,0,0,0,0,0,0,0,0,0,0,0,0,0,0,0,0,0,0,0,0,0,0,0,0,0,0,0,0,0,0
 </data>
  </layer>
- <layer name="collision" width="60" height="60" visible="0">
+ <layer name="collision" width="60" height="60">
   <data encoding="csv">
 3,3,3,3,3,3,3,3,3,3,3,3,3,3,3,3,3,3,3,3,3,3,3,3,3,3,3,3,3,3,3,3,3,3,3,3,3,3,3,3,3,3,3,3,3,3,3,3,3,3,3,3,3,3,3,3,3,3,3,3,
 3,3,3,3,3,3,3,3,3,3,3,3,3,3,3,3,3,3,3,3,3,3,3,3,3,3,3,3,3,3,3,3,3,3,3,3,3,3,3,3,3,3,3,3,3,3,3,3,3,3,3,3,3,3,3,3,3,3,3,3,
@@ -172,8 +172,8 @@
 3,3,3,3,3,3,1,1,4,0,0,0,0,0,0,0,1,1,3,3,3,3,3,3,3,3,3,3,3,3,3,3,3,3,3,3,3,3,3,3,1,0,0,0,0,1,0,1,3,3,1,1,1,1,1,1,1,3,3,3,
 3,3,3,3,3,1,1,0,4,0,0,0,2,2,2,0,0,1,1,3,3,3,3,3,3,3,3,3,3,3,3,3,3,3,3,1,1,1,1,3,1,1,0,0,0,0,0,1,3,1,1,1,0,0,0,1,1,1,3,3,
 3,3,3,3,3,1,4,1,2,2,2,2,2,2,2,0,0,0,1,3,3,3,3,3,3,3,3,3,3,3,3,3,3,3,1,1,0,0,1,3,3,1,1,0,0,0,0,1,1,1,0,0,0,0,0,0,0,0,3,3,
-3,3,3,3,3,0,0,0,2,2,2,2,2,2,2,0,0,0,1,1,1,1,1,3,1,1,1,1,3,3,3,3,3,3,1,0,0,1,1,1,3,1,1,1,0,0,0,0,0,0,0,0,0,0,0,0,0,0,3,3,
-3,3,3,3,3,0,0,0,2,2,2,2,2,2,2,0,0,0,0,0,0,1,1,1,1,0,1,1,1,3,3,3,3,3,1,0,0,0,0,1,1,1,0,0,0,0,0,0,0,0,0,0,0,0,0,0,0,0,3,3,
+3,3,3,3,3,3,0,0,2,2,2,2,2,2,2,0,0,0,1,1,1,1,1,3,1,1,1,1,3,3,3,3,3,3,1,0,0,1,1,1,3,1,1,1,0,0,0,0,0,0,0,0,0,0,0,0,0,0,3,3,
+3,3,3,3,3,3,0,0,2,2,2,2,2,2,2,0,0,0,0,0,0,1,1,1,1,0,1,1,1,3,3,3,3,3,1,0,0,0,0,1,1,1,0,0,0,0,0,0,0,0,0,0,0,0,0,0,0,0,3,3,
 3,3,3,3,3,1,0,0,0,0,2,2,0,1,0,0,0,0,0,0,0,0,0,0,0,0,0,0,1,1,3,3,3,1,1,0,0,0,0,0,0,0,0,0,0,0,0,0,0,0,0,0,0,0,0,0,0,0,3,3,
 3,3,3,3,3,1,1,0,0,0,0,0,0,0,0,0,0,0,0,0,0,0,0,0,0,0,0,0,0,1,3,3,1,1,0,1,0,0,0,0,0,0,0,0,0,1,1,1,1,0,0,0,0,0,0,1,1,1,3,3,
 3,3,3,3,3,3,1,1,0,0,0,0,0,0,0,0,0,0,0,0,0,0,0,1,1,1,0,0,0,1,1,1,1,0,0,0,0,0,0,0,0,0,0,0,0,1,3,3,1,1,1,0,0,1,1,1,1,3,3,3,
@@ -293,7 +293,7 @@
     <property name="soundfx" value="soundfx/environment/forest_owl_loop.ogg"/>
    </properties>
   </object>
-  <object id="29" name="to Perdition Mines" type="event" x="160" y="384" width="32" height="64">
+  <object id="29" name="to Perdition Mines" type="event" x="160" y="384" width="64" height="64">
    <properties>
     <property name="activate" value="on_trigger"/>
     <property name="hotspot" value="location"/>
diff --git a/tiled/empyrean_campaign/southern_ridge.tmx b/tiled/empyrean_campaign/southern_ridge.tmx
index b27a718fe40574ac57b9b5e3a844833ffe34bcff..f72e5f72e7de5b37c8fef2f888bd54b111923b18 100644
--- a/tiled/empyrean_campaign/southern_ridge.tmx
+++ b/tiled/empyrean_campaign/southern_ridge.tmx
@@ -164,8 +164,8 @@
 0,0,0,0,0,0,0,52,0,0,50,60,53,68,0,0,0,66,58,0,0,0,0,0,48,0,253,0,0,0,65,61,0,0,0,0,0,0,0,0,0,0,0,0,0,0,0,0,60,64,0,0,0,0,0,0,0,0,0,0,0,69,57,0,0,0,0,0,0,0,0,0,0,0,0,0,0,0,0,0,
 0,0,0,0,0,0,0,48,117,0,69,64,246,0,0,0,0,50,0,0,0,0,0,0,52,0,0,0,0,0,244,65,57,0,0,0,0,0,0,0,0,0,0,0,0,60,49,53,68,240,0,0,0,0,255,0,0,0,0,0,0,0,50,0,0,0,0,0,0,0,0,0,0,0,0,0,0,0,0,0,
 0,0,0,0,0,0,60,64,0,0,0,0,0,0,0,0,0,50,0,0,0,0,0,56,68,0,73,0,102,0,0,0,65,49,53,53,49,53,61,0,0,0,0,0,60,68,0,0,0,0,0,0,0,0,0,0,0,0,0,0,0,0,69,57,0,0,0,0,0,0,0,0,0,0,0,0,0,0,0,0,
-0,0,0,0,0,0,48,0,0,0,0,0,0,0,0,0,0,50,0,0,0,0,0,225,0,0,72,0,0,0,0,0,0,130,0,0,253,0,69,61,0,0,0,56,68,0,0,254,0,0,0,0,0,0,0,0,0,0,0,0,0,0,0,50,0,0,0,0,0,0,0,0,0,0,0,0,0,0,0,0,
-0,0,0,0,0,56,64,254,0,0,0,0,0,0,0,0,66,62,0,0,0,0,0,224,0,0,0,0,121,0,0,0,0,0,0,0,0,0,0,69,61,0,60,68,250,0,0,0,0,0,0,0,0,0,0,0,0,66,51,51,71,0,0,65,57,0,0,0,0,0,0,0,0,0,0,0,0,0,0,0,
+0,0,0,0,0,0,48,0,0,0,0,0,0,0,0,0,0,50,0,0,0,0,0,225,92,0,72,0,0,0,0,0,0,130,0,0,253,0,69,61,0,0,0,56,68,0,0,254,0,0,0,0,0,0,0,0,0,0,0,0,0,0,0,50,0,0,0,0,0,0,0,0,0,0,0,0,0,0,0,0,
+0,0,0,0,0,56,64,254,0,0,0,0,0,0,0,0,66,62,0,0,0,0,0,224,92,0,0,0,121,0,0,0,0,0,0,0,0,0,0,69,61,0,60,68,250,0,0,0,0,0,0,0,0,0,0,0,0,66,51,51,71,0,0,65,57,0,0,0,0,0,0,0,0,0,0,0,0,0,0,0,
 0,0,0,0,60,64,113,0,0,0,0,0,0,0,0,0,50,0,0,0,0,0,0,48,128,0,113,0,0,0,0,0,0,0,0,0,0,0,0,242,69,49,64,0,0,0,0,0,66,55,71,0,0,0,0,0,66,62,0,0,63,67,0,0,69,57,0,0,0,0,0,0,0,0,0,0,0,0,0,0,
 0,0,0,0,52,109,0,0,0,0,0,0,0,0,0,0,50,0,0,0,0,0,0,63,67,0,0,0,0,70,55,55,71,0,0,0,125,0,0,0,0,0,0,0,0,0,0,0,50,0,52,246,0,0,0,0,54,0,0,0,0,48,118,0,0,65,57,0,0,0,0,0,0,0,0,0,0,0,0,0,
 0,0,0,0,52,108,0,0,0,0,0,0,0,0,0,249,54,0,0,0,0,0,0,0,48,244,0,0,0,54,0,0,48,0,0,0,0,0,0,0,0,0,0,0,0,0,0,0,65,53,64,0,0,0,0,0,50,0,0,60,53,68,0,0,0,0,69,57,0,0,0,0,0,0,0,0,0,0,0,0,
@@ -248,8 +248,8 @@
 3,3,3,3,3,3,3,1,0,0,1,1,1,1,0,0,0,1,1,3,3,3,3,3,1,0,1,0,0,0,1,1,3,3,3,3,3,3,3,3,3,3,3,3,3,3,3,3,1,1,0,0,0,0,0,0,0,0,0,0,0,1,1,3,3,3,3,3,3,3,3,3,3,3,3,3,3,3,3,3,
 3,3,3,3,3,3,3,1,0,0,1,1,1,0,0,0,0,1,3,3,3,3,3,3,1,0,0,0,0,0,1,1,1,3,3,3,3,3,3,3,3,3,3,3,3,1,1,1,1,1,0,0,0,0,1,0,0,0,0,0,0,0,1,3,3,3,3,3,3,3,3,3,3,3,3,3,3,3,3,3,
 3,3,3,3,3,3,1,1,0,0,0,0,0,0,0,0,0,1,3,3,3,3,3,1,1,0,4,0,4,0,0,0,1,1,1,1,1,1,1,3,3,3,3,3,1,1,0,0,0,0,0,0,0,0,0,0,0,0,0,0,0,0,1,1,3,3,3,3,3,3,3,3,3,3,3,3,3,3,3,3,
-3,3,3,3,3,3,1,0,0,0,0,0,0,0,0,0,0,1,3,3,3,3,3,0,0,0,4,0,0,0,0,0,0,4,0,0,1,0,1,1,3,3,3,1,1,0,0,1,0,0,0,0,0,0,0,0,0,0,0,0,0,0,0,1,3,3,3,3,3,3,3,3,3,3,3,3,3,3,3,3,
-3,3,3,3,3,1,1,1,0,0,0,0,0,0,0,0,1,1,3,3,3,3,3,0,0,0,0,0,0,0,0,0,0,0,0,0,0,0,0,1,1,1,1,1,1,0,0,0,0,0,0,0,0,0,0,0,0,1,1,1,1,0,0,1,1,3,3,3,3,3,3,3,3,3,3,3,3,3,3,3,
+3,3,3,3,3,3,1,0,0,0,0,0,0,0,0,0,0,1,3,3,3,3,3,3,0,0,4,0,0,0,0,0,0,4,0,0,1,0,1,1,3,3,3,1,1,0,0,1,0,0,0,0,0,0,0,0,0,0,0,0,0,0,0,1,3,3,3,3,3,3,3,3,3,3,3,3,3,3,3,3,
+3,3,3,3,3,1,1,1,0,0,0,0,0,0,0,0,1,1,3,3,3,3,3,3,0,0,0,0,0,0,0,0,0,0,0,0,0,0,0,1,1,1,1,1,1,0,0,0,0,0,0,0,0,0,0,0,0,1,1,1,1,0,0,1,1,3,3,3,3,3,3,3,3,3,3,3,3,3,3,3,
 3,3,3,3,1,1,0,0,0,0,0,0,0,0,0,0,1,3,3,3,3,3,3,1,4,0,0,0,0,0,0,0,0,0,0,0,0,0,0,1,1,1,1,0,0,0,0,0,1,1,1,0,0,0,0,0,1,1,3,3,1,1,0,0,1,1,3,3,3,3,3,3,3,3,3,3,3,3,3,3,
 3,3,3,3,1,4,0,0,0,0,0,0,0,0,0,0,1,3,3,3,3,3,3,1,1,0,0,0,0,1,1,1,1,0,0,0,0,0,0,0,0,0,0,0,0,0,0,0,1,3,1,1,0,0,0,0,1,3,3,3,3,1,0,0,0,1,1,3,3,3,3,3,3,3,3,3,3,3,3,3,
 3,3,3,3,1,4,0,0,0,0,0,0,0,0,0,1,1,3,3,3,3,3,3,3,1,1,0,0,0,1,3,3,1,0,0,0,0,0,0,0,0,0,0,0,0,0,0,0,1,1,1,0,0,0,0,0,1,3,3,1,1,1,0,0,0,0,1,1,3,3,3,3,3,3,3,3,3,3,3,3,
@@ -388,7 +388,7 @@
     <property name="tooltip" value="Black Oak Farm"/>
    </properties>
   </object>
-  <object id="43" name="to Mog Caverns" type="event" x="736" y="1536" width="32" height="64">
+  <object id="43" name="to Mog Caverns" type="event" x="736" y="1536" width="64" height="64">
    <properties>
     <property name="activate" value="on_trigger"/>
     <property name="hotspot" value="location"/>
diff --git a/tiled/empyrean_campaign/stormrock_pass.tmx b/tiled/empyrean_campaign/stormrock_pass.tmx
index bb23053b1ff128387fba8e9b7c6a8b94f8894197..edd8d64d297da871376cc036ac34af85b1ea801b 100644
--- a/tiled/empyrean_campaign/stormrock_pass.tmx
+++ b/tiled/empyrean_campaign/stormrock_pass.tmx
@@ -476,8 +476,8 @@
 0,0,0,0,0,0,0,0,0,0,0,0,0,0,0,0,0,0,0,0,0,0,0,0,0,0,0,0,0,60,64,0,0,0,0,247,0,0,0,69,49,61,0,0,0,0,0,0,0,0,0,0,0,0,0,0,0,0,0,0,0,0,0,0,0,0,0,0,0,0,0,0,0,0,0,0,0,0,0,0,0,0,0,0,0,0,0,0,0,0,0,0,0,0,0,0,0,0,0,0,0,0,0,0,0,0,0,0,0,0,0,0,0,0,0,0,0,0,0,0,0,0,0,0,0,0,0,0,0,0,0,0,
 0,0,0,0,0,0,0,0,0,0,0,0,0,0,0,0,0,0,0,0,0,0,0,0,0,0,0,0,0,48,0,0,0,0,0,0,0,0,0,247,0,69,57,0,0,0,0,0,0,0,0,0,0,0,0,0,0,0,0,0,0,0,0,0,0,0,0,0,0,0,0,0,0,0,0,0,0,0,0,0,0,0,0,0,0,0,0,0,0,0,0,0,0,0,0,0,0,0,0,0,0,0,0,0,0,0,0,0,0,0,0,0,0,0,0,0,0,0,0,0,0,0,0,0,0,0,0,0,0,0,0,0,
 0,0,0,0,0,0,0,0,0,0,0,0,0,0,0,0,0,0,0,0,0,0,0,0,0,0,0,0,0,52,0,245,0,0,0,0,0,0,0,0,0,0,50,0,0,0,0,0,0,0,0,0,0,0,0,0,0,0,0,0,0,0,0,0,0,0,0,0,0,0,0,0,0,0,0,0,0,0,0,0,0,0,0,0,0,0,0,0,0,0,0,0,0,0,0,0,0,0,0,56,53,226,227,53,57,0,0,0,0,0,0,0,0,0,0,0,0,0,0,0,0,0,0,0,0,0,0,0,0,0,0,0,
-0,0,0,0,0,0,0,0,0,0,0,0,0,0,0,0,0,0,0,0,0,0,0,0,0,0,0,0,0,225,0,0,0,0,0,0,0,0,0,0,0,0,50,0,0,0,0,0,0,0,0,0,0,0,0,0,0,0,0,0,0,0,0,0,0,0,0,0,0,0,0,0,0,0,0,0,0,0,0,0,0,0,0,0,0,0,0,0,0,0,0,0,0,0,0,0,0,0,56,68,0,0,0,0,65,53,57,0,0,0,0,0,0,0,0,0,0,0,0,0,0,0,0,0,0,0,0,0,0,0,0,0,
-0,0,0,0,0,0,0,0,0,0,0,0,0,0,0,0,0,0,0,0,0,0,0,0,0,0,0,0,0,224,0,0,0,0,0,0,0,0,0,0,0,0,54,0,0,0,0,0,0,0,0,0,0,0,0,0,0,0,0,0,0,0,0,0,0,0,0,0,0,0,0,0,0,0,0,0,0,0,0,0,0,0,0,0,0,0,0,0,0,0,0,0,0,0,0,0,0,56,64,0,0,0,0,0,0,0,69,57,0,0,0,0,0,0,0,0,0,0,0,0,0,0,0,0,0,0,0,0,0,0,0,0,
+0,0,0,0,0,0,0,0,0,0,0,0,0,0,0,0,0,0,0,0,0,0,0,0,0,0,0,0,0,225,92,0,0,0,0,0,0,0,0,0,0,0,50,0,0,0,0,0,0,0,0,0,0,0,0,0,0,0,0,0,0,0,0,0,0,0,0,0,0,0,0,0,0,0,0,0,0,0,0,0,0,0,0,0,0,0,0,0,0,0,0,0,0,0,0,0,0,0,56,68,0,93,93,0,65,53,57,0,0,0,0,0,0,0,0,0,0,0,0,0,0,0,0,0,0,0,0,0,0,0,0,0,
+0,0,0,0,0,0,0,0,0,0,0,0,0,0,0,0,0,0,0,0,0,0,0,0,0,0,0,0,0,224,92,0,0,0,0,0,0,0,0,0,0,0,54,0,0,0,0,0,0,0,0,0,0,0,0,0,0,0,0,0,0,0,0,0,0,0,0,0,0,0,0,0,0,0,0,0,0,0,0,0,0,0,0,0,0,0,0,0,0,0,0,0,0,0,0,0,0,56,64,0,0,0,0,0,0,0,69,57,0,0,0,0,0,0,0,0,0,0,0,0,0,0,0,0,0,0,0,0,0,0,0,0,
 0,0,0,0,0,0,0,0,0,0,0,0,0,0,0,0,0,0,0,0,0,0,0,0,0,0,0,0,0,52,0,0,0,0,0,0,0,0,0,0,0,0,54,0,0,0,0,0,0,0,0,0,0,0,0,0,0,0,0,0,0,0,0,0,0,0,0,0,0,0,0,0,0,0,0,0,0,0,0,0,0,0,0,0,0,0,0,0,0,0,0,0,0,0,0,0,0,48,0,0,245,0,0,0,0,0,0,69,57,0,0,0,0,0,0,0,0,0,0,0,0,0,0,0,0,0,0,0,0,0,0,0,
 0,0,0,0,0,0,0,0,0,0,0,0,0,0,0,0,0,0,0,0,0,0,0,0,0,0,0,0,0,48,0,0,0,0,0,0,247,0,0,0,0,245,50,0,0,0,0,0,0,0,0,0,0,0,0,0,0,0,0,0,0,0,0,0,0,0,0,0,0,0,0,0,0,0,0,0,0,0,0,0,0,0,0,0,0,0,0,0,0,0,0,0,0,0,0,0,0,48,0,0,0,0,0,0,0,0,0,0,54,0,0,0,0,0,0,0,0,0,0,0,0,0,0,0,0,0,0,0,0,0,0,0,
 0,0,0,0,0,0,0,0,0,0,0,0,0,0,0,0,0,0,0,0,0,0,0,0,0,0,0,0,0,59,51,71,0,0,0,0,0,0,0,0,70,51,58,0,0,0,0,0,0,0,0,0,0,0,0,0,0,0,0,0,0,0,0,0,0,0,0,0,0,0,0,0,0,0,0,0,0,0,0,0,0,0,0,0,0,0,0,0,0,0,0,0,0,0,0,0,0,52,0,74,75,0,0,0,0,0,0,0,69,57,0,0,0,0,0,0,0,0,0,0,0,0,0,0,0,0,0,0,0,0,0,0,
@@ -531,7 +531,7 @@
 0,0,0,0,0,0,0,0,0,0,0,0,0,0,0,0,0,0,0,0,0,0,0,0,0,0,0,0,0,0,0,0,0,0,0,0,59,71,0,0,0,0,0,0,66,58,0,0,0,0,0,0,0,0,0,0,0,0,0,0,0,0,63,55,55,55,51,71,128,0,0,0,0,0,0,0,247,0,0,0,50,0,0,0,0,0,0,0,0,0,0,0,0,0,0,0,0,0,0,0,0,0,0,0,0,0,0,0,0,0,0,0,0,0,0,0,0,0,0,0,0,0,0,0,0,0,0,0,0,0,0,0,
 0,0,0,0,0,0,0,0,0,0,0,0,0,0,0,0,0,0,0,0,0,0,0,0,0,0,0,0,0,0,0,0,0,0,0,0,0,48,0,0,0,0,0,70,58,0,0,0,0,0,0,0,0,0,0,0,0,0,0,0,0,0,0,0,0,0,0,63,67,0,0,0,0,0,0,0,0,0,0,0,65,57,0,0,0,0,0,0,0,0,0,0,0,0,0,0,0,0,0,0,0,0,0,0,0,0,0,0,0,0,0,0,0,0,0,0,0,0,0,0,0,0,0,0,0,0,0,0,0,0,0,0,
 0,0,0,0,0,0,0,0,0,0,0,0,0,0,0,0,0,0,0,0,0,0,60,226,227,61,0,0,0,0,0,0,0,0,0,0,0,59,67,0,0,0,0,50,0,0,0,0,0,0,0,0,0,0,0,0,0,0,0,0,0,0,0,0,0,0,0,0,59,67,0,0,0,0,0,0,0,0,0,0,0,69,53,57,0,0,0,0,0,0,0,0,0,0,0,0,0,0,0,0,0,0,0,0,0,0,0,0,0,0,0,0,0,0,0,0,0,0,0,0,0,0,0,0,0,0,0,0,0,0,0,0,
-0,0,0,0,0,0,0,0,0,0,0,0,0,0,0,0,0,0,0,0,0,56,68,0,0,65,49,57,0,0,0,0,0,0,0,0,0,0,48,245,0,0,0,50,0,0,0,0,0,0,0,0,0,0,0,0,0,0,0,0,0,0,0,0,0,0,0,0,0,48,0,0,0,0,0,0,0,0,0,0,0,0,245,69,57,0,0,0,0,0,0,0,0,0,0,0,0,0,0,0,0,0,0,0,0,0,0,0,0,0,0,0,0,0,0,0,0,0,0,0,0,0,0,0,0,0,0,0,0,0,0,0,
+0,0,0,0,0,0,0,0,0,0,0,0,0,0,0,0,0,0,0,0,0,56,68,93,93,65,49,57,0,0,0,0,0,0,0,0,0,0,48,245,0,0,0,50,0,0,0,0,0,0,0,0,0,0,0,0,0,0,0,0,0,0,0,0,0,0,0,0,0,48,0,0,0,0,0,0,0,0,0,0,0,0,245,69,57,0,0,0,0,0,0,0,0,0,0,0,0,0,0,0,0,0,0,0,0,0,0,0,0,0,0,0,0,0,0,0,0,0,0,0,0,0,0,0,0,0,0,0,0,0,0,0,
 0,0,0,0,0,0,0,0,0,0,0,0,0,0,0,0,0,0,0,0,56,64,0,0,0,0,0,69,57,0,0,0,0,0,0,0,0,0,59,71,0,0,0,65,57,0,0,0,0,0,0,0,0,0,0,0,0,0,0,0,0,0,0,0,0,0,0,0,0,52,139,0,0,0,0,0,244,0,0,0,0,0,0,0,65,53,49,53,49,53,49,53,49,57,0,0,0,0,0,0,0,0,0,0,0,0,0,0,0,0,0,0,0,0,0,0,0,0,0,0,0,0,0,0,0,0,0,0,0,0,0,0,
 0,0,0,0,0,0,0,0,0,0,0,0,0,0,0,0,0,0,0,0,52,0,0,0,0,0,0,0,65,57,0,0,0,0,0,0,0,0,0,48,0,0,0,0,54,0,0,0,0,0,0,0,0,0,0,0,0,0,0,0,0,0,0,0,0,0,0,0,56,64,0,0,0,0,0,0,0,0,0,0,0,0,0,0,0,0,0,0,0,247,0,106,107,69,53,53,61,0,0,0,0,0,0,0,0,0,0,0,0,0,0,0,0,0,0,0,0,0,0,0,0,0,0,0,0,0,0,0,0,0,0,0,
 0,0,0,0,0,0,0,0,0,0,0,0,0,0,0,0,0,0,0,0,48,105,245,0,0,0,0,0,0,69,57,0,0,0,0,0,0,0,0,63,71,0,0,0,69,57,0,0,0,0,0,0,0,0,0,0,0,0,0,0,0,0,0,0,0,0,0,0,52,525,0,0,0,0,0,0,0,0,0,0,0,0,0,0,0,0,0,0,0,0,0,0,0,0,0,0,69,53,49,61,0,0,0,0,0,0,0,0,0,0,0,0,0,0,0,0,0,0,0,0,0,0,0,0,0,0,0,0,0,0,0,0,
@@ -555,8 +555,8 @@
 0,0,0,0,0,0,0,0,0,0,0,0,0,0,0,0,0,0,0,0,0,0,0,0,0,0,0,0,59,67,0,0,0,0,0,0,0,0,0,0,0,0,70,62,0,0,0,0,0,0,0,0,0,0,0,0,0,0,0,0,0,0,63,67,0,0,0,0,65,57,0,0,0,0,48,0,0,0,0,54,0,0,0,0,0,0,0,0,0,0,0,0,0,0,0,60,68,0,0,0,0,0,65,53,53,68,0,0,0,0,0,0,0,54,0,0,0,0,0,0,0,0,0,0,0,0,0,0,0,0,0,0,
 0,0,0,0,0,0,0,0,0,0,0,0,0,0,0,0,0,0,0,0,0,0,0,0,0,0,0,0,0,59,71,246,0,0,0,0,0,0,0,0,0,66,62,0,0,0,0,0,0,0,0,0,0,0,0,0,0,0,0,0,0,0,0,52,0,0,0,0,0,54,0,0,0,0,63,67,0,0,0,65,57,0,0,0,0,0,0,0,0,0,0,0,0,0,0,48,0,0,0,0,0,0,0,0,0,0,0,0,0,0,0,0,0,50,0,0,0,0,0,0,0,0,0,0,0,0,0,0,0,0,0,0,
 0,0,0,0,0,0,0,0,0,0,0,0,0,0,0,0,0,0,0,0,0,0,0,0,0,0,0,0,0,0,59,51,71,0,0,0,0,0,0,70,55,62,0,0,0,0,0,0,0,0,0,0,0,0,0,0,0,0,0,0,0,0,0,59,71,244,0,0,0,65,57,0,0,0,0,48,0,0,0,0,50,0,0,0,0,0,0,0,0,0,0,0,0,0,0,48,0,0,0,0,0,0,0,0,0,0,0,0,0,0,0,0,244,54,0,0,0,0,0,0,0,0,0,0,0,0,0,0,0,0,0,0,
-0,0,0,0,0,0,0,0,0,0,0,0,0,0,0,0,0,0,0,0,0,0,0,0,0,0,0,0,0,0,0,0,59,55,51,51,51,55,51,62,0,0,0,0,0,0,0,0,0,0,0,0,0,0,0,0,0,0,0,0,0,0,0,0,59,71,0,0,0,0,54,0,0,0,0,52,247,0,0,0,65,57,0,0,0,0,0,0,0,0,0,0,0,0,0,225,0,0,0,0,0,0,0,0,0,0,0,0,0,0,0,0,66,58,0,0,0,0,0,0,0,0,0,0,0,0,0,0,0,0,0,0,
-0,0,0,0,0,0,0,0,0,0,0,0,0,0,0,0,0,0,0,0,0,0,0,0,0,0,0,0,0,0,0,0,0,0,0,0,0,0,0,0,0,0,0,0,0,0,0,0,0,0,0,0,0,0,0,0,0,0,0,0,0,0,0,0,0,59,71,0,0,0,65,61,0,0,0,48,566,0,0,0,0,54,0,0,0,0,0,0,0,0,0,0,0,0,0,224,0,0,0,0,0,0,245,0,0,0,0,0,0,0,0,0,54,0,0,0,0,0,0,0,0,0,0,0,0,0,0,0,0,0,0,0,
+0,0,0,0,0,0,0,0,0,0,0,0,0,0,0,0,0,0,0,0,0,0,0,0,0,0,0,0,0,0,0,0,59,55,51,51,51,55,51,62,0,0,0,0,0,0,0,0,0,0,0,0,0,0,0,0,0,0,0,0,0,0,0,0,59,71,0,0,0,0,54,0,0,0,0,52,247,0,0,0,65,57,0,0,0,0,0,0,0,0,0,0,0,0,0,225,92,0,0,0,0,0,0,0,0,0,0,0,0,0,0,0,66,58,0,0,0,0,0,0,0,0,0,0,0,0,0,0,0,0,0,0,
+0,0,0,0,0,0,0,0,0,0,0,0,0,0,0,0,0,0,0,0,0,0,0,0,0,0,0,0,0,0,0,0,0,0,0,0,0,0,0,0,0,0,0,0,0,0,0,0,0,0,0,0,0,0,0,0,0,0,0,0,0,0,0,0,0,59,71,0,0,0,65,61,0,0,0,48,566,0,0,0,0,54,0,0,0,0,0,0,0,0,0,0,0,0,0,224,92,0,0,0,0,0,245,0,0,0,0,0,0,0,0,0,54,0,0,0,0,0,0,0,0,0,0,0,0,0,0,0,0,0,0,0,
 0,0,0,0,0,0,0,0,0,0,0,0,0,0,0,0,0,0,0,0,0,0,0,0,0,0,0,0,0,0,0,0,0,0,0,0,0,0,0,0,0,0,0,0,0,0,0,0,0,0,0,0,0,0,0,0,0,0,0,0,0,0,0,0,0,0,63,67,0,0,0,50,0,0,0,59,67,0,0,0,0,65,57,0,0,0,0,0,0,0,0,0,0,0,0,48,0,0,0,0,0,0,0,0,0,0,0,247,0,0,0,66,62,0,0,0,0,0,0,0,0,0,0,0,0,0,0,0,0,0,0,0,
 0,0,0,0,0,0,0,0,0,0,0,0,0,0,0,0,0,0,0,0,0,0,0,0,0,0,0,0,0,0,0,0,0,0,0,0,0,0,0,0,0,0,0,0,0,0,0,0,0,0,0,0,0,0,0,0,0,0,0,0,0,0,0,0,0,0,0,48,0,0,0,65,61,0,0,0,48,0,0,0,0,0,54,0,0,0,0,0,0,0,0,0,0,0,0,48,0,0,0,0,0,0,0,0,0,0,0,0,0,0,70,58,0,0,0,0,0,0,0,0,0,0,0,0,0,0,0,0,0,0,0,0,
 0,0,0,0,0,0,0,0,0,0,0,0,0,0,0,0,0,0,0,0,0,0,0,0,0,0,0,0,0,0,0,0,0,0,0,0,0,0,0,0,0,0,0,0,0,0,0,0,0,0,0,0,0,0,0,0,0,0,0,0,0,0,0,0,0,0,0,59,67,0,0,0,65,49,49,53,68,0,0,0,0,0,50,0,0,0,0,0,0,0,0,0,0,0,0,59,51,71,0,0,0,0,0,0,0,0,0,0,0,0,50,0,0,0,0,0,0,0,0,0,0,0,0,0,0,0,0,0,0,0,0,0,
@@ -747,9 +747,9 @@
 3,3,3,3,3,3,3,3,3,3,3,3,3,3,3,3,3,3,3,3,3,3,3,3,3,3,3,3,3,3,1,1,1,0,0,0,0,1,1,1,3,3,3,3,3,3,3,3,3,3,3,3,3,3,3,3,3,3,3,3,3,3,3,3,3,3,3,3,3,3,3,3,3,3,3,3,3,3,3,3,3,3,3,3,3,3,3,3,3,3,3,3,3,3,3,3,3,3,3,3,3,3,3,3,3,3,3,3,3,3,3,3,3,3,3,3,3,3,3,3,3,3,3,3,3,3,3,3,3,3,3,3,
 3,3,3,3,3,3,3,3,3,3,3,3,3,3,3,3,3,3,3,3,3,3,3,3,3,3,3,3,3,1,1,0,0,0,0,1,0,0,0,1,1,1,3,3,3,3,3,3,3,3,3,3,3,3,3,3,3,3,3,3,3,3,3,3,3,3,3,3,3,3,3,3,3,3,3,3,3,3,3,3,3,3,3,3,3,3,3,3,3,3,3,3,3,3,3,3,3,3,3,3,3,3,3,3,3,3,3,3,3,3,3,3,3,3,3,3,3,3,3,3,3,3,3,3,3,3,3,3,3,3,3,3,
 3,3,3,3,3,3,3,3,3,3,3,3,3,3,3,3,3,3,3,3,3,3,3,3,3,3,3,3,3,1,0,0,0,0,0,0,0,0,0,1,0,1,1,3,3,3,3,3,3,3,3,3,3,3,3,3,3,3,3,3,3,3,3,3,3,3,3,3,3,3,3,3,3,3,3,3,3,3,3,3,3,3,3,3,3,3,3,3,3,3,3,3,3,3,3,3,3,3,3,3,3,3,3,3,3,3,3,3,3,3,3,3,3,3,3,3,3,3,3,3,3,3,3,3,3,3,3,3,3,3,3,3,
-3,3,3,3,3,3,3,3,3,3,3,3,3,3,3,3,3,3,3,3,3,3,3,3,3,3,3,3,3,1,0,1,0,0,0,0,0,0,0,0,0,0,1,3,3,3,3,3,3,3,3,3,3,3,3,3,3,3,3,3,3,3,3,3,3,3,3,3,3,3,3,3,3,3,3,3,3,3,3,3,3,3,3,3,3,3,3,3,3,3,3,3,3,3,3,3,3,3,3,1,1,0,0,1,1,3,3,3,3,3,3,3,3,3,3,3,3,3,3,3,3,3,3,3,3,3,3,3,3,3,3,3,
-3,3,3,3,3,3,3,3,3,3,3,3,3,3,3,3,3,3,3,3,3,3,3,3,3,3,3,3,3,0,0,0,0,0,0,0,0,0,0,0,0,0,1,3,3,3,3,3,3,3,3,3,3,3,3,3,3,3,3,3,3,3,3,3,3,3,3,3,3,3,3,3,3,3,3,3,3,3,3,3,3,3,3,3,3,3,3,3,3,3,3,3,3,3,3,3,3,3,1,1,0,0,0,0,1,1,1,3,3,3,3,3,3,3,3,3,3,3,3,3,3,3,3,3,3,3,3,3,3,3,3,3,
-3,3,3,3,3,3,3,3,3,3,3,3,3,3,3,3,3,3,3,3,3,3,3,3,3,3,3,3,3,0,0,0,0,0,0,0,0,0,0,0,0,0,1,3,3,3,3,3,3,3,3,3,3,3,3,3,3,3,3,3,3,3,3,3,3,3,3,3,3,3,3,3,3,3,3,3,3,3,3,3,3,3,3,3,3,3,3,3,3,3,3,3,3,3,3,3,3,1,1,0,0,0,0,0,0,0,1,1,3,3,3,3,3,3,3,3,3,3,3,3,3,3,3,3,3,3,3,3,3,3,3,3,
+3,3,3,3,3,3,3,3,3,3,3,3,3,3,3,3,3,3,3,3,3,3,3,3,3,3,3,3,3,1,0,1,0,0,0,0,0,0,0,0,0,0,1,3,3,3,3,3,3,3,3,3,3,3,3,3,3,3,3,3,3,3,3,3,3,3,3,3,3,3,3,3,3,3,3,3,3,3,3,3,3,3,3,3,3,3,3,3,3,3,3,3,3,3,3,3,3,3,3,1,1,3,3,1,1,3,3,3,3,3,3,3,3,3,3,3,3,3,3,3,3,3,3,3,3,3,3,3,3,3,3,3,
+3,3,3,3,3,3,3,3,3,3,3,3,3,3,3,3,3,3,3,3,3,3,3,3,3,3,3,3,3,3,0,0,0,0,0,0,0,0,0,0,0,0,1,3,3,3,3,3,3,3,3,3,3,3,3,3,3,3,3,3,3,3,3,3,3,3,3,3,3,3,3,3,3,3,3,3,3,3,3,3,3,3,3,3,3,3,3,3,3,3,3,3,3,3,3,3,3,3,1,1,0,0,0,0,1,1,1,3,3,3,3,3,3,3,3,3,3,3,3,3,3,3,3,3,3,3,3,3,3,3,3,3,
+3,3,3,3,3,3,3,3,3,3,3,3,3,3,3,3,3,3,3,3,3,3,3,3,3,3,3,3,3,3,0,0,0,0,0,0,0,0,0,0,0,0,1,3,3,3,3,3,3,3,3,3,3,3,3,3,3,3,3,3,3,3,3,3,3,3,3,3,3,3,3,3,3,3,3,3,3,3,3,3,3,3,3,3,3,3,3,3,3,3,3,3,3,3,3,3,3,1,1,0,0,0,0,0,0,0,1,1,3,3,3,3,3,3,3,3,3,3,3,3,3,3,3,3,3,3,3,3,3,3,3,3,
 3,3,3,3,3,3,3,3,3,3,3,3,3,3,3,3,3,3,3,3,3,3,3,3,3,3,3,3,3,1,0,0,0,0,0,0,0,0,0,0,0,0,1,3,3,3,3,3,3,3,3,3,3,3,3,3,3,3,3,3,3,3,3,3,3,3,3,3,3,3,3,3,3,3,3,3,3,3,3,3,3,3,3,3,3,3,3,3,3,3,3,3,3,3,3,3,3,1,0,0,1,0,0,0,0,0,0,1,1,3,3,3,3,3,3,3,3,3,3,3,3,3,3,3,3,3,3,3,3,3,3,3,
 3,3,3,3,3,3,3,3,3,3,3,3,3,3,3,3,3,3,3,3,3,3,3,3,3,3,3,3,3,1,0,0,0,0,0,0,1,0,0,0,0,1,1,3,3,3,3,3,3,3,3,3,3,3,3,3,3,3,3,3,3,3,3,3,3,3,3,3,3,3,3,3,3,3,3,3,3,3,3,3,3,3,3,3,3,3,3,3,3,3,3,3,3,3,3,3,3,1,0,0,0,0,0,0,0,0,0,0,1,3,3,3,3,3,3,3,3,3,3,3,3,3,3,3,3,3,3,3,3,3,3,3,
 3,3,3,3,3,3,3,3,3,3,3,3,3,3,3,3,3,3,3,3,3,3,3,3,3,3,3,3,3,1,1,1,0,0,0,0,0,0,0,0,1,1,1,3,3,3,3,3,3,3,3,3,3,3,3,3,3,3,3,3,3,3,3,3,3,3,3,3,3,3,3,3,3,3,3,3,3,3,3,3,3,3,3,3,3,3,3,3,3,3,3,3,3,3,3,3,3,1,0,4,4,0,0,0,0,0,0,0,1,1,3,3,3,3,3,3,3,3,3,3,3,3,3,3,3,3,3,3,3,3,3,3,
@@ -802,7 +802,7 @@
 3,3,3,3,3,3,3,3,3,3,3,3,3,3,3,3,3,3,3,3,3,3,3,3,3,3,3,3,3,3,3,3,3,3,3,3,1,0,0,0,0,0,0,0,0,1,1,3,3,3,3,3,3,3,3,3,3,3,3,3,3,1,1,2,2,2,2,2,2,0,2,2,2,2,2,0,0,0,0,0,1,3,3,3,3,3,3,3,3,3,3,3,3,3,3,3,3,3,3,3,3,3,3,3,3,3,3,3,3,3,3,3,3,3,3,3,3,3,3,3,3,3,3,3,3,3,3,3,3,3,3,3,
 3,3,3,3,3,3,3,3,3,3,3,3,3,3,3,3,3,3,3,3,3,3,3,3,3,3,3,3,3,3,3,3,3,3,3,3,1,1,0,0,0,0,0,0,1,1,3,3,3,3,3,3,3,3,3,3,3,3,3,3,3,3,1,1,1,1,1,1,4,0,0,0,0,0,0,0,1,0,0,0,1,3,3,3,3,3,3,3,3,3,3,3,3,3,3,3,3,3,3,3,3,3,3,3,3,3,3,3,3,3,3,3,3,3,3,3,3,3,3,3,3,3,3,3,3,3,3,3,3,3,3,3,
 3,3,3,3,3,3,3,3,3,3,3,3,3,3,3,3,3,3,3,3,3,3,3,3,3,3,3,3,3,3,3,3,3,3,3,3,3,1,0,0,0,0,0,1,1,3,3,3,3,3,3,3,3,3,3,3,3,3,3,3,3,3,3,3,3,3,3,1,1,0,0,0,0,0,0,0,0,0,0,0,1,1,3,3,3,3,3,3,3,3,3,3,3,3,3,3,3,3,3,3,3,3,3,3,3,3,3,3,3,3,3,3,3,3,3,3,3,3,3,3,3,3,3,3,3,3,3,3,3,3,3,3,
-3,3,3,3,3,3,3,3,3,3,3,3,3,3,3,3,3,3,3,3,3,3,1,0,0,1,3,3,3,3,3,3,3,3,3,3,3,1,1,0,0,0,0,1,3,3,3,3,3,3,3,3,3,3,3,3,3,3,3,3,3,3,3,3,3,3,3,3,1,1,0,0,0,0,0,0,0,0,0,0,0,1,1,1,3,3,3,3,3,3,3,3,3,3,3,3,3,3,3,3,3,3,3,3,3,3,3,3,3,3,3,3,3,3,3,3,3,3,3,3,3,3,3,3,3,3,3,3,3,3,3,3,
+3,3,3,3,3,3,3,3,3,3,3,3,3,3,3,3,3,3,3,3,3,3,1,3,3,1,3,3,3,3,3,3,3,3,3,3,3,1,1,0,0,0,0,1,3,3,3,3,3,3,3,3,3,3,3,3,3,3,3,3,3,3,3,3,3,3,3,3,1,1,0,0,0,0,0,0,0,0,0,0,0,1,1,1,3,3,3,3,3,3,3,3,3,3,3,3,3,3,3,3,3,3,3,3,3,3,3,3,3,3,3,3,3,3,3,3,3,3,3,3,3,3,3,3,3,3,3,3,3,3,3,3,
 3,3,3,3,3,3,3,3,3,3,3,3,3,3,3,3,3,3,3,3,3,1,1,0,0,1,1,1,3,3,3,3,3,3,3,3,3,3,1,1,0,0,0,1,3,3,3,3,3,3,3,3,3,3,3,3,3,3,3,3,3,3,3,3,3,3,3,3,3,1,0,0,0,0,0,0,0,0,0,0,0,0,1,1,1,3,3,3,3,3,3,3,3,3,3,3,3,3,3,3,3,3,3,3,3,3,3,3,3,3,3,3,3,3,3,3,3,3,3,3,3,3,3,3,3,3,3,3,3,3,3,3,
 3,3,3,3,3,3,3,3,3,3,3,3,3,3,3,3,3,3,3,3,1,1,0,0,0,0,0,1,1,3,3,3,3,3,3,3,3,3,1,1,0,0,0,1,1,3,3,3,3,3,3,3,3,3,3,3,3,3,3,3,3,3,3,3,3,3,3,3,3,1,1,0,0,0,0,0,1,0,0,0,0,0,0,0,1,1,1,1,1,1,1,1,1,1,3,3,3,3,3,3,3,3,3,3,3,3,3,3,3,3,3,3,3,3,3,3,3,3,3,3,3,3,3,3,3,3,3,3,3,3,3,3,
 3,3,3,3,3,3,3,3,3,3,3,3,3,3,3,3,3,3,3,3,1,0,0,0,0,0,0,0,1,1,3,3,3,3,3,3,3,3,3,1,0,0,0,0,1,3,3,3,3,3,3,3,3,3,3,3,3,3,3,3,3,3,3,3,3,3,3,3,1,1,0,0,0,0,0,0,0,0,0,0,0,0,0,0,0,0,0,0,0,1,0,4,4,1,1,1,1,3,3,3,3,3,3,3,3,3,3,3,3,3,3,3,3,3,3,3,3,3,3,3,3,3,3,3,3,3,3,3,3,3,3,3,
@@ -827,8 +827,8 @@
 3,3,3,3,3,3,3,3,3,3,3,3,3,3,3,3,3,3,3,3,3,3,3,3,3,3,3,3,1,1,0,0,0,0,0,0,0,0,0,0,0,0,1,1,3,3,3,3,3,3,3,3,3,3,3,3,3,3,3,3,3,3,1,1,0,0,0,0,1,1,3,3,3,3,1,0,0,0,0,1,3,3,3,3,3,3,3,3,3,3,3,3,3,3,3,1,1,0,0,0,0,0,1,1,1,1,0,0,0,0,0,0,0,1,3,3,3,3,3,3,3,3,3,3,3,3,3,3,3,3,3,3,
 3,3,3,3,3,3,3,3,3,3,3,3,3,3,3,3,3,3,3,3,3,3,3,3,3,3,3,3,3,1,1,1,0,0,0,0,0,0,0,0,0,1,1,3,3,3,3,3,3,3,3,3,3,3,3,3,3,3,3,3,3,3,3,1,0,0,0,0,0,1,3,3,3,3,1,1,0,0,0,1,1,3,3,3,3,3,3,3,3,3,3,3,3,3,3,1,0,0,0,0,0,0,0,0,0,0,0,0,0,0,0,0,0,1,3,3,3,3,3,3,3,3,3,3,3,3,3,3,3,3,3,3,
 3,3,3,3,3,3,3,3,3,3,3,3,3,3,3,3,3,3,3,3,3,3,3,3,3,3,3,3,3,3,1,1,1,0,0,0,0,0,0,1,1,1,3,3,3,3,3,3,3,3,3,3,3,3,3,3,3,3,3,3,3,3,3,1,1,1,0,0,0,1,1,3,3,3,3,1,0,0,0,0,1,3,3,3,3,3,3,3,3,3,3,3,3,3,3,1,0,0,0,0,0,0,0,0,0,0,0,0,0,0,0,0,1,1,3,3,3,3,3,3,3,3,3,3,3,3,3,3,3,3,3,3,
-3,3,3,3,3,3,3,3,3,3,3,3,3,3,3,3,3,3,3,3,3,3,3,3,3,3,3,3,3,3,3,3,1,1,1,1,1,1,1,1,3,3,3,3,3,3,3,3,3,3,3,3,3,3,3,3,3,3,3,3,3,3,3,3,1,1,0,0,0,0,1,3,3,3,3,1,1,0,0,0,1,1,3,3,3,3,3,3,3,3,3,3,3,3,3,0,0,0,0,0,0,0,0,0,0,0,0,0,0,0,0,0,1,1,3,3,3,3,3,3,3,3,3,3,3,3,3,3,3,3,3,3,
-3,3,3,3,3,3,3,3,3,3,3,3,3,3,3,3,3,3,3,3,3,3,3,3,3,3,3,3,3,3,3,3,3,3,3,3,3,3,3,3,3,3,3,3,3,3,3,3,3,3,3,3,3,3,3,3,3,3,3,3,3,3,3,3,3,1,1,0,0,0,1,1,3,3,3,1,4,0,0,0,0,1,3,3,3,3,3,3,3,3,3,3,3,3,3,0,0,0,0,0,0,0,1,0,0,0,0,0,0,0,0,0,1,3,3,3,3,3,3,3,3,3,3,3,3,3,3,3,3,3,3,3,
+3,3,3,3,3,3,3,3,3,3,3,3,3,3,3,3,3,3,3,3,3,3,3,3,3,3,3,3,3,3,3,3,1,1,1,1,1,1,1,1,3,3,3,3,3,3,3,3,3,3,3,3,3,3,3,3,3,3,3,3,3,3,3,3,1,1,0,0,0,0,1,3,3,3,3,1,1,0,0,0,1,1,3,3,3,3,3,3,3,3,3,3,3,3,3,3,0,0,0,0,0,0,0,0,0,0,0,0,0,0,0,0,1,1,3,3,3,3,3,3,3,3,3,3,3,3,3,3,3,3,3,3,
+3,3,3,3,3,3,3,3,3,3,3,3,3,3,3,3,3,3,3,3,3,3,3,3,3,3,3,3,3,3,3,3,3,3,3,3,3,3,3,3,3,3,3,3,3,3,3,3,3,3,3,3,3,3,3,3,3,3,3,3,3,3,3,3,3,1,1,0,0,0,1,1,3,3,3,1,4,0,0,0,0,1,3,3,3,3,3,3,3,3,3,3,3,3,3,3,0,0,0,0,0,0,1,0,0,0,0,0,0,0,0,0,1,3,3,3,3,3,3,3,3,3,3,3,3,3,3,3,3,3,3,3,
 3,3,3,3,3,3,3,3,3,3,3,3,3,3,3,3,3,3,3,3,3,3,3,3,3,3,3,3,3,3,3,3,3,3,3,3,3,3,3,3,3,3,3,3,3,3,3,3,3,3,3,3,3,3,3,3,3,3,3,3,3,3,3,3,3,3,1,1,0,0,0,1,3,3,3,1,1,0,0,0,0,1,1,3,3,3,3,3,3,3,3,3,3,3,3,1,0,0,0,0,0,0,0,0,0,0,0,1,0,0,0,1,1,3,3,3,3,3,3,3,3,3,3,3,3,3,3,3,3,3,3,3,
 3,3,3,3,3,3,3,3,3,3,3,3,3,3,3,3,3,3,3,3,3,3,3,3,3,3,3,3,3,3,3,3,3,3,3,3,3,3,3,3,3,3,3,3,3,3,3,3,3,3,3,3,3,3,3,3,3,3,3,3,3,3,3,3,3,3,3,1,0,0,0,1,1,3,3,3,1,0,0,0,0,0,1,3,3,3,3,3,3,3,3,3,3,3,3,1,0,0,0,0,0,0,0,0,0,0,0,0,0,0,1,1,3,3,3,3,3,3,3,3,3,3,3,3,3,3,3,3,3,3,3,3,
 3,3,3,3,3,3,3,3,3,3,3,3,3,3,3,3,3,3,3,3,3,3,3,3,3,3,3,3,3,3,3,3,3,3,3,3,3,3,3,3,3,3,3,3,3,3,3,3,3,3,3,3,3,3,3,3,3,3,3,3,3,3,3,3,3,3,3,1,1,0,0,0,1,1,1,1,1,0,0,0,0,0,1,3,3,3,3,3,3,3,3,3,3,3,3,1,1,1,0,0,0,0,0,0,0,0,0,0,0,0,1,3,3,3,3,3,3,3,3,3,3,3,3,3,3,3,3,3,3,3,3,3,
@@ -858,7 +858,7 @@
 </data>
  </layer>
  <objectgroup name="event">
-  <object id="1" name="to The Breach (SW)" type="event" x="736" y="2528" width="64" height="32">
+  <object id="1" name="to The Breach (SW)" type="event" x="736" y="2528" width="64" height="64">
    <properties>
     <property name="activate" value="on_trigger"/>
     <property name="hotspot" value="location"/>
@@ -866,7 +866,7 @@
     <property name="tooltip" value="The Breach"/>
    </properties>
   </object>
-  <object id="2" name="to The Breach (SE)" type="event" x="3040" y="3328" width="32" height="64">
+  <object id="2" name="to The Breach (SE)" type="event" x="3040" y="3328" width="64" height="64">
    <properties>
     <property name="activate" value="on_trigger"/>
     <property name="hotspot" value="location"/>
@@ -874,7 +874,7 @@
     <property name="tooltip" value="The Breach"/>
    </properties>
   </object>
-  <object id="3" name="to The Breach (NW)" type="event" x="928" y="800" width="32" height="64">
+  <object id="3" name="to The Breach (NW)" type="event" x="928" y="800" width="64" height="64">
    <properties>
     <property name="activate" value="on_trigger"/>
     <property name="hotspot" value="location"/>
@@ -882,7 +882,7 @@
     <property name="tooltip" value="The Breach"/>
    </properties>
   </object>
-  <object id="4" name="to The Breach (NW)" type="event" x="3232" y="768" width="64" height="32">
+  <object id="4" name="to The Breach (NW)" type="event" x="3232" y="768" width="64" height="64">
    <properties>
     <property name="activate" value="on_trigger"/>
     <property name="hotspot" value="location"/>
