diff --git a/mods/empyrean_campaign/maps/fort_nasu.txt b/mods/empyrean_campaign/maps/fort_nasu.txt
index e5faabaf0df1c985b1bfe9a102bb587c10cb9a4f..69cecbd3f08c4e4aaa0b454eead06748409c5628 100644
--- a/mods/empyrean_campaign/maps/fort_nasu.txt
+++ b/mods/empyrean_campaign/maps/fort_nasu.txt
@@ -32,19 +32,19 @@ data=
 0,0,0,0,0,0,0,0,0,0,0,0,0,0,0,0,16,29,21,21,28,0,0,0,0,0,0,0,0,0,0,0,0,0,0,0,0,0,0,0,0,0,0,0,0,0,0,0,0,0,0,0,0,0,0,0,0,0,0,0,0,0,0,0,0,0,0,0,0,0,0,0,0,0,0,0,0,0,0,0,0,0,0,0,0,0,0,0,0,0,0,0,0,0,0,0,0,0,0,0,
 0,0,0,0,0,0,0,0,0,0,0,0,0,0,0,0,16,17,16,38,44,0,0,0,0,0,0,0,0,0,0,0,0,0,0,0,0,0,0,0,16,43,16,39,17,40,38,37,43,37,36,37,0,0,0,0,0,38,41,36,37,41,18,16,36,17,41,17,42,0,0,0,0,0,0,0,46,45,17,19,38,0,0,0,0,0,0,0,40,37,40,47,43,0,0,0,0,0,0,0,
 0,0,0,0,0,0,0,0,0,0,0,0,0,0,0,0,16,45,37,36,40,0,0,0,0,0,0,0,0,0,0,0,0,0,0,0,0,0,0,0,36,36,36,41,46,41,19,39,38,42,36,43,0,0,0,0,0,44,43,41,41,17,36,36,47,37,18,39,17,0,0,0,0,0,0,0,37,42,46,19,19,0,0,0,0,0,0,0,43,37,16,16,37,0,0,0,0,0,0,0,
-0,0,0,0,0,0,0,0,0,0,0,0,0,0,0,0,46,40,39,42,16,0,0,0,0,0,0,0,0,0,0,0,0,0,0,0,0,0,0,0,38,37,46,32,32,34,32,32,32,33,46,40,0,0,0,0,0,39,45,16,17,16,36,47,45,43,42,43,43,0,0,0,0,0,0,0,38,44,36,37,39,0,0,0,0,0,0,0,45,18,41,47,44,0,0,0,0,0,0,0,
-0,0,0,0,0,0,0,0,0,0,0,0,0,0,0,0,0,47,46,39,42,0,0,0,0,0,0,0,0,0,0,0,0,0,0,0,0,0,0,0,46,19,39,35,56,32,18,34,58,32,19,43,0,0,0,0,0,38,38,16,19,18,41,46,36,19,41,37,42,0,0,0,0,0,0,0,43,41,43,47,17,0,0,0,0,0,0,0,47,18,17,36,18,0,0,0,0,0,0,0,
-0,0,0,0,0,0,0,0,0,0,0,0,0,0,0,0,0,19,41,16,36,0,0,0,0,0,0,0,0,0,0,0,0,0,0,0,0,0,0,0,19,36,18,33,33,32,34,34,32,32,36,39,0,0,0,0,0,47,36,36,44,45,42,43,16,46,36,16,16,0,0,0,0,0,0,0,41,46,17,41,45,0,0,0,0,0,0,0,39,46,44,47,39,0,0,0,0,0,0,0,
-0,0,0,0,0,0,0,0,0,0,0,0,0,0,0,0,45,44,16,16,37,0,0,0,0,0,0,0,0,0,0,0,0,0,0,0,0,0,0,0,39,40,38,45,41,17,43,19,46,37,37,16,0,0,0,0,0,38,38,44,37,39,36,36,18,45,39,38,38,0,0,0,0,0,0,0,38,38,46,38,40,0,0,0,0,0,0,0,39,17,43,41,42,0,0,0,0,0,0,0,
+0,0,0,0,0,0,0,0,0,0,0,0,0,0,0,0,46,40,39,42,16,0,0,0,0,0,0,0,0,0,0,0,0,0,0,0,0,0,0,0,38,30,23,31,43,37,36,47,16,30,23,31,0,0,0,0,0,39,45,16,17,16,36,47,45,43,42,43,43,0,0,0,0,0,0,0,38,44,36,37,39,0,0,0,0,0,0,0,45,18,41,47,44,0,0,0,0,0,0,0,
+0,0,0,0,0,0,0,0,0,0,0,0,0,0,0,0,0,47,46,39,42,0,0,0,0,0,0,0,0,0,0,0,0,0,0,0,0,0,0,0,46,22,48,27,23,23,23,23,23,26,48,20,0,0,0,0,0,38,38,16,19,18,41,46,36,19,41,37,42,0,0,0,0,0,0,0,43,41,43,47,17,0,0,0,0,0,0,0,47,18,17,36,18,0,0,0,0,0,0,0,
+0,0,0,0,0,0,0,0,0,0,0,0,0,0,0,0,0,19,41,16,36,0,0,0,0,0,0,0,0,0,0,0,0,0,0,0,0,0,0,0,19,22,49,50,50,50,50,50,50,50,0,20,0,0,0,0,0,47,36,36,44,45,42,43,16,46,36,16,16,0,0,0,0,0,0,0,41,46,17,41,45,0,0,0,0,0,0,0,39,46,44,47,39,0,0,0,0,0,0,0,
+0,0,0,0,0,0,0,0,0,0,0,0,0,0,0,0,45,44,16,16,37,0,0,0,0,0,0,0,0,0,0,0,0,0,0,0,0,0,0,0,39,29,21,21,21,21,21,21,21,21,21,28,0,0,0,0,0,38,38,44,37,39,36,36,18,45,39,38,38,0,0,0,0,0,0,0,38,38,46,38,40,0,0,0,0,0,0,0,39,17,43,41,42,0,0,0,0,0,0,0,
 0,0,0,0,43,46,39,46,47,17,42,44,42,39,43,36,39,45,19,37,19,19,37,47,46,41,18,40,38,16,47,17,40,0,0,0,0,0,0,0,16,18,45,42,39,40,42,46,19,39,18,39,0,0,0,0,0,16,17,18,39,45,18,17,42,38,44,43,17,38,18,38,38,0,0,19,16,18,44,41,18,16,47,46,38,16,18,41,46,42,17,42,40,0,0,0,0,0,0,0,
 0,0,0,0,16,47,18,17,41,36,47,47,41,45,38,18,47,17,46,16,43,41,37,40,18,17,40,19,45,36,42,37,46,0,0,0,0,0,0,0,45,46,36,45,18,39,43,47,46,37,47,40,0,0,0,0,0,46,40,38,44,36,45,39,17,38,39,17,17,47,16,19,46,41,18,39,38,40,19,43,41,16,18,46,18,39,45,18,42,39,45,17,18,0,0,0,0,0,0,0,
 0,0,0,0,38,37,36,47,38,47,45,39,37,42,17,42,37,16,44,43,45,47,46,43,44,42,44,39,38,17,38,39,18,0,0,0,0,0,0,0,17,19,39,16,45,44,41,16,18,42,40,37,0,0,0,0,0,46,41,42,39,19,45,47,42,43,39,44,37,16,17,43,43,19,42,16,45,39,39,42,47,17,42,44,47,37,47,43,38,37,16,19,42,0,0,0,0,0,0,0,
 0,0,0,0,40,19,47,42,47,19,17,17,46,39,17,36,36,36,40,47,37,45,43,47,43,37,47,40,36,44,43,44,36,0,0,0,0,0,0,0,39,41,46,17,46,42,44,18,42,40,16,19,0,0,0,0,0,42,18,36,17,38,39,47,36,16,19,47,46,37,45,17,45,17,17,19,18,45,39,45,45,17,44,38,45,42,18,43,41,39,17,47,39,0,0,0,0,0,0,0,
 0,0,0,0,47,18,18,17,19,44,39,18,40,39,37,38,16,19,45,39,44,46,42,45,42,16,45,17,41,19,38,42,46,0,0,0,0,0,0,0,37,18,37,40,46,43,18,40,45,38,46,19,0,0,0,0,0,42,43,17,36,36,17,17,36,43,40,39,40,47,36,36,18,40,17,45,36,41,17,44,42,19,36,44,41,37,42,36,38,45,43,44,36,0,0,0,0,0,0,0,
 0,0,0,0,37,17,39,16,44,30,23,23,23,23,23,23,31,43,47,39,18,30,23,23,23,23,23,23,31,40,45,44,16,0,0,0,0,0,0,0,19,36,46,37,17,46,38,44,45,42,16,40,37,40,43,47,16,47,37,18,39,37,46,19,36,37,37,45,19,0,0,0,0,0,0,0,18,46,39,38,44,30,23,23,23,23,23,23,31,44,40,42,18,0,0,0,0,0,0,0,
-0,0,0,0,0,0,0,0,0,22,48,50,50,50,50,50,20,37,16,38,47,22,17,19,18,17,18,16,20,0,0,0,0,0,0,0,0,0,0,0,45,16,16,17,47,44,38,16,47,37,36,44,46,46,45,40,36,38,47,36,40,44,44,18,40,43,38,39,37,0,0,0,0,0,0,0,19,39,17,37,46,22,48,50,50,50,50,50,20,17,39,19,37,0,0,0,0,0,0,0,
-0,0,0,0,0,0,0,0,0,22,49,0,0,0,0,0,20,19,45,37,17,22,19,16,18,16,17,18,20,0,0,0,0,0,0,0,0,0,0,0,41,39,45,44,47,16,41,16,47,38,40,47,36,46,42,44,37,16,46,39,38,47,38,17,19,45,47,47,42,0,0,0,0,0,0,0,46,39,17,43,42,22,49,0,0,0,0,0,20,40,46,37,41,0,0,0,0,0,0,0,
-0,0,0,0,0,0,0,0,0,22,49,0,0,0,0,0,20,43,39,16,47,22,19,17,0,0,16,18,20,0,0,0,0,0,0,0,0,0,0,0,41,45,37,16,17,47,47,44,38,47,46,40,43,36,45,37,46,16,16,43,44,38,38,43,47,36,45,37,40,0,0,0,0,0,0,0,38,36,46,40,47,22,49,0,0,0,0,0,20,18,18,36,45,0,0,0,0,0,0,0,
+0,0,0,0,0,0,0,0,0,22,48,50,50,50,50,50,20,37,16,38,47,22,17,19,18,17,18,16,20,0,0,0,0,0,0,0,0,0,0,0,45,16,16,17,47,44,38,16,47,37,36,44,46,46,45,40,36,38,47,36,32,32,34,32,32,32,33,39,37,0,0,0,0,0,0,0,19,39,17,37,46,22,48,50,50,50,50,50,20,17,39,19,37,0,0,0,0,0,0,0,
+0,0,0,0,0,0,0,0,0,22,49,0,0,0,0,0,20,19,45,37,17,22,19,16,18,16,17,18,20,0,0,0,0,0,0,0,0,0,0,0,41,39,45,44,47,16,41,16,47,38,40,47,36,46,42,44,37,16,46,39,35,56,32,18,34,57,32,47,42,0,0,0,0,0,0,0,46,39,17,43,42,22,49,0,0,0,0,0,20,40,46,37,41,0,0,0,0,0,0,0,
+0,0,0,0,0,0,0,0,0,22,49,0,0,0,0,0,20,43,39,16,47,22,19,17,0,0,16,18,20,0,0,0,0,0,0,0,0,0,0,0,41,45,37,16,17,47,47,44,38,47,46,40,43,36,45,37,46,16,16,43,33,33,32,34,34,32,32,37,40,0,0,0,0,0,0,0,38,36,46,40,47,22,49,0,0,0,0,0,20,18,18,36,45,0,0,0,0,0,0,0,
 0,0,0,0,0,0,0,0,0,22,49,0,0,0,0,0,20,37,16,46,37,22,17,17,0,0,19,18,20,0,0,0,0,0,0,0,0,0,0,0,43,40,44,40,16,44,16,46,36,41,38,44,46,43,19,17,19,47,41,41,38,17,42,19,41,38,19,46,43,0,0,0,0,0,0,0,46,38,34,34,35,22,49,0,0,0,0,0,20,35,33,34,19,0,0,0,0,0,0,0,
 0,0,0,0,0,0,0,0,0,22,49,0,0,0,0,0,20,43,46,42,39,22,16,17,17,19,18,19,20,0,0,0,0,0,0,0,0,0,0,0,17,18,18,44,46,37,37,40,43,47,40,47,19,45,47,37,44,45,44,18,42,16,42,17,44,38,37,17,36,0,0,0,0,0,0,0,17,16,35,19,33,22,49,0,0,0,0,0,20,35,56,35,46,0,0,0,0,0,0,0,
 0,0,0,0,38,42,44,44,42,22,49,0,0,0,0,0,20,46,39,38,40,22,19,17,16,17,19,16,20,45,17,44,41,0,0,0,0,0,0,0,0,0,0,0,0,0,0,0,0,0,0,0,43,37,17,40,42,0,0,0,0,0,0,0,0,0,0,0,0,0,0,0,0,0,0,0,39,43,35,33,35,22,49,0,0,0,0,0,20,32,35,32,40,0,0,0,0,0,0,0,
@@ -135,8 +135,8 @@ data=
 0,0,0,0,0,0,0,0,0,0,106,0,0,0,0,0,0,0,135,167,0,0,0,0,0,0,0,82,0,0,0,0,0,0,0,0,0,0,0,0,0,0,0,0,0,0,0,0,0,0,0,0,0,0,0,0,0,0,0,0,0,0,0,0,0,0,0,0,0,0,0,0,0,0,0,0,0,0,0,0,0,0,0,0,0,0,0,0,0,0,0,0,0,0,0,0,0,0,0,0,
 0,0,0,0,0,0,0,0,0,0,76,71,83,83,83,83,88,0,0,0,0,91,83,83,83,83,83,95,0,0,0,0,0,0,0,0,0,0,0,0,0,0,0,0,0,0,0,0,0,0,0,0,0,0,0,0,0,0,0,0,0,0,0,0,0,0,0,0,0,0,0,0,0,0,0,0,0,0,0,0,0,0,0,0,0,0,0,0,0,0,0,0,0,0,0,0,0,0,0,0,
 0,0,0,0,0,0,0,0,0,0,0,0,0,0,0,0,80,0,0,0,0,82,0,0,0,0,0,0,0,0,0,0,0,0,0,0,0,0,0,0,77,65,99,103,107,65,69,69,107,103,99,69,78,0,0,0,0,77,69,99,103,107,65,69,69,107,103,99,69,78,0,0,0,0,0,0,77,65,109,103,65,78,0,0,0,0,0,0,77,69,103,65,105,78,0,0,0,0,0,0,
-0,0,0,0,0,0,0,0,0,0,0,0,0,0,0,0,64,0,0,0,0,82,0,0,0,0,0,0,0,0,0,0,0,0,0,0,0,0,0,0,104,0,127,118,0,151,129,151,0,120,124,0,70,0,0,0,0,104,0,0,0,0,151,129,151,0,0,0,0,70,0,0,0,0,0,0,68,0,0,0,0,70,0,0,0,0,0,0,64,0,0,0,0,70,0,0,0,0,0,0,
-0,0,0,0,0,0,0,0,0,0,0,0,0,0,0,0,76,72,0,0,91,95,0,0,0,0,0,0,0,0,0,0,0,0,0,0,0,0,0,0,102,0,119,0,0,0,0,0,0,0,119,0,82,0,0,0,0,106,0,0,0,0,0,0,0,0,0,0,0,82,0,0,0,0,0,0,104,0,150,0,0,82,0,0,0,0,0,0,68,0,0,150,0,82,0,0,0,0,0,0,
+0,0,0,0,0,0,0,0,0,0,0,0,0,0,0,0,64,0,0,0,0,82,0,0,0,0,0,0,0,0,0,0,0,0,0,0,0,0,0,0,104,0,127,118,0,151,145,151,0,120,124,0,70,0,0,0,0,104,0,127,118,0,151,129,151,0,120,124,0,70,0,0,0,0,0,0,68,0,0,0,0,70,0,0,0,0,0,0,64,0,0,0,0,70,0,0,0,0,0,0,
+0,0,0,0,0,0,0,0,0,0,0,0,0,0,0,0,76,72,0,0,91,95,0,0,0,0,0,0,0,0,0,0,0,0,0,0,0,0,0,0,102,0,119,0,0,0,0,0,0,0,119,0,82,0,0,0,0,106,0,119,0,0,0,0,0,0,0,119,0,82,0,0,0,0,0,0,104,0,150,0,0,82,0,0,0,0,0,0,68,0,0,150,0,82,0,0,0,0,0,0,
 0,0,0,0,0,0,0,0,0,0,0,0,0,0,0,0,0,64,0,0,82,0,0,0,0,0,0,0,0,0,0,0,0,0,0,0,0,0,0,0,64,0,0,0,0,0,0,0,0,0,0,0,82,0,0,0,0,102,0,0,0,150,0,150,0,150,0,0,0,82,0,0,0,0,0,0,102,0,0,0,0,82,0,0,0,0,0,0,102,0,0,0,0,82,0,0,0,0,0,0,
 0,0,0,0,0,0,0,0,0,0,0,0,0,0,0,0,0,64,282,283,82,0,0,0,0,0,0,0,0,0,0,0,0,0,0,0,0,0,0,0,106,0,0,0,0,0,0,0,0,0,0,0,82,0,0,0,0,100,0,0,0,0,0,0,0,0,0,0,0,82,0,0,0,0,0,0,68,0,0,0,0,82,0,0,0,0,0,0,96,0,0,0,0,82,0,0,0,0,0,0,
 0,0,0,0,0,0,0,0,0,0,0,0,0,0,0,0,77,73,0,0,90,94,0,0,0,0,0,0,0,0,0,0,0,0,0,0,0,0,0,0,114,0,0,0,0,0,0,0,0,0,0,0,82,0,0,0,0,64,0,0,0,0,0,0,0,0,0,0,0,82,0,0,0,0,0,0,68,0,0,0,0,82,0,0,0,0,0,0,108,0,0,0,0,82,0,0,0,0,0,0,
@@ -146,10 +146,10 @@ data=
 0,0,0,0,102,0,0,150,0,150,0,0,0,0,0,0,0,0,0,0,0,0,0,0,0,0,0,0,150,0,150,0,0,82,0,0,0,0,0,0,64,0,0,0,0,66,100,0,0,0,0,0,82,0,0,0,0,106,0,0,0,75,67,67,67,67,72,0,0,0,0,0,0,0,280,0,0,0,0,0,0,0,0,0,0,0,0,0,0,0,0,0,0,82,0,0,0,0,0,0,
 0,0,0,0,106,0,0,0,0,0,0,0,0,0,0,0,0,0,0,0,0,0,0,0,0,0,0,0,0,0,0,0,0,82,0,0,0,0,0,0,100,0,0,0,0,66,100,0,0,0,0,0,82,0,0,0,0,96,0,0,0,74,101,101,101,101,73,120,124,0,0,0,91,83,83,88,0,0,0,0,0,0,0,0,0,0,0,0,0,0,0,0,0,82,0,0,0,0,0,0,
 0,0,0,0,68,0,0,0,0,0,0,0,0,0,0,0,151,0,0,0,0,151,0,0,0,0,0,0,0,0,0,0,0,82,0,0,0,0,0,0,102,0,0,0,0,66,100,0,136,0,0,0,90,81,103,105,65,73,0,0,0,0,0,0,0,0,0,0,119,91,83,83,95,0,0,92,88,0,0,0,0,127,118,0,0,0,0,120,124,0,0,0,0,82,0,0,0,0,0,0,
-0,0,0,0,76,71,83,83,83,88,0,0,0,0,0,0,0,0,0,0,0,0,0,0,0,0,0,0,91,83,83,83,83,95,0,0,0,0,0,0,98,0,0,0,0,74,73,0,0,0,0,0,0,0,0,0,0,0,0,0,0,0,0,136,0,0,0,0,0,82,0,0,0,0,0,0,80,0,0,0,0,122,0,0,0,0,0,0,122,0,0,0,0,82,0,0,0,0,0,0,
-0,0,0,0,0,0,0,0,0,80,0,0,0,0,0,0,0,0,0,0,0,0,0,75,67,67,72,120,82,0,0,0,0,0,0,0,0,0,0,0,106,0,0,0,0,0,165,0,0,0,0,0,0,0,0,0,0,0,0,0,0,0,0,0,0,0,0,164,0,82,0,0,0,0,0,0,68,0,0,0,0,122,0,0,0,0,0,0,122,0,0,0,0,82,0,0,0,0,0,0,
-0,0,0,0,0,0,0,0,0,64,0,0,0,0,0,0,0,0,0,0,0,0,0,66,0,0,68,178,82,0,0,0,0,0,0,0,0,0,0,0,68,0,0,0,0,0,0,0,0,0,0,0,0,0,0,0,0,0,0,0,0,0,0,136,0,0,0,146,0,82,0,0,0,0,0,0,98,0,0,0,0,119,0,0,0,0,0,0,119,0,0,0,0,82,0,0,0,0,0,0,
-0,0,0,0,0,0,0,0,0,104,0,0,0,0,0,0,0,0,0,0,0,0,0,66,0,0,64,0,82,0,0,0,0,0,0,0,0,0,0,0,102,0,0,0,0,0,0,0,0,0,0,0,0,0,0,0,0,0,0,0,0,0,0,0,0,137,0,0,0,82,0,0,0,0,0,0,68,0,0,0,0,151,0,0,0,0,0,0,151,0,0,0,0,82,0,0,0,0,0,0,
+0,0,0,0,76,71,83,83,83,88,0,0,0,0,0,0,0,0,0,0,0,0,0,0,0,0,0,0,91,83,83,83,83,95,0,0,0,0,0,0,98,0,0,0,0,74,73,0,0,0,0,0,0,0,0,0,0,0,0,0,0,0,0,0,0,0,0,0,0,82,0,0,0,0,0,0,80,0,0,0,0,122,0,0,0,0,0,0,122,0,0,0,0,82,0,0,0,0,0,0,
+0,0,0,0,0,0,0,0,0,80,0,0,0,0,0,0,0,0,0,0,0,0,0,75,67,67,72,120,82,0,0,0,0,0,0,0,0,0,0,0,106,0,0,0,0,0,149,0,0,0,0,0,0,0,0,0,0,0,0,0,0,0,0,0,0,0,0,164,0,82,0,0,0,0,0,0,68,0,0,0,0,122,0,0,0,0,0,0,122,0,0,0,0,82,0,0,0,0,0,0,
+0,0,0,0,0,0,0,0,0,64,0,0,0,0,0,0,0,0,0,0,0,0,0,66,0,0,68,178,82,0,0,0,0,0,0,0,0,0,0,0,68,0,0,0,0,0,0,0,0,0,0,0,0,0,0,0,0,0,0,0,0,0,0,0,0,0,0,0,0,82,0,0,0,0,0,0,98,0,0,0,0,119,0,0,0,0,0,0,119,0,0,0,0,82,0,0,0,0,0,0,
+0,0,0,0,0,0,0,0,0,104,0,0,0,0,0,0,0,0,0,0,0,0,0,66,0,0,64,0,82,0,0,0,0,0,0,0,0,0,0,0,102,0,0,0,0,0,0,0,0,0,0,0,0,0,0,0,0,0,0,0,0,0,137,0,137,0,0,167,0,82,0,0,0,0,0,0,68,0,0,0,0,151,0,0,0,0,0,0,151,0,0,0,0,82,0,0,0,0,0,0,
 0,0,0,0,0,0,0,0,0,96,0,0,0,0,0,0,0,0,0,0,0,0,0,74,65,109,73,0,82,0,0,0,0,0,0,0,0,0,0,0,64,0,0,0,0,0,0,0,0,0,0,0,0,0,0,0,0,0,0,0,0,0,0,0,0,0,0,0,0,82,0,0,0,0,0,0,102,0,0,0,0,0,0,0,0,0,0,0,0,0,0,0,0,82,0,0,0,0,0,0,
 0,0,0,0,77,65,103,69,109,73,0,0,0,0,0,0,0,0,0,0,0,0,0,0,0,0,0,0,90,81,65,69,65,78,0,0,0,0,0,0,76,71,83,83,83,83,83,83,83,83,83,83,88,0,0,0,0,91,83,83,83,83,83,83,83,83,83,83,83,95,0,0,0,0,0,0,96,0,0,0,0,0,0,0,0,0,0,0,0,0,0,0,0,82,0,0,0,0,0,0,
 0,0,0,0,68,0,0,0,0,0,0,0,0,0,0,0,151,0,0,0,0,151,0,0,0,0,0,0,0,0,0,0,0,70,0,0,0,0,0,0,0,0,0,0,0,0,0,0,0,0,0,0,80,0,0,0,0,82,0,0,0,0,0,0,0,0,0,0,0,0,0,0,0,0,0,0,108,0,0,0,0,0,0,0,0,0,0,0,0,0,0,0,0,82,0,0,0,0,0,0,
@@ -198,7 +198,7 @@ data=
 0,0,0,0,0,0,0,0,0,0,64,0,0,0,0,0,0,0,0,0,0,0,0,0,0,0,0,0,0,0,0,0,0,0,0,0,0,0,0,82,0,0,0,0,0,0,0,0,0,0,0,0,0,0,0,0,0,0,0,0,0,0,0,0,0,0,0,0,0,0,0,0,0,0,0,0,68,0,0,150,0,0,0,0,0,0,0,82,0,0,0,0,0,0,0,0,0,0,0,0,
 0,0,0,0,0,0,0,0,0,0,102,0,0,0,0,0,0,0,0,0,0,0,0,0,0,0,0,0,0,0,0,0,0,0,0,0,0,0,0,82,0,0,0,0,0,0,0,0,0,0,0,0,0,0,0,0,0,0,0,0,0,0,0,0,0,0,0,0,0,0,0,0,0,0,0,0,102,0,0,0,0,0,0,0,0,0,0,82,0,0,0,0,0,0,0,0,0,0,0,0,
 0,0,0,0,0,0,0,0,0,0,68,0,0,0,0,0,0,0,0,0,0,0,0,0,0,0,0,0,0,0,0,0,0,0,0,0,0,0,0,82,0,0,0,0,0,0,0,0,0,0,0,0,0,0,0,0,0,0,0,0,0,0,0,0,0,0,0,0,0,0,0,0,0,0,0,0,106,0,0,0,0,0,0,0,0,0,0,82,0,0,0,0,0,0,0,0,0,0,0,0,
-0,0,0,0,0,0,0,0,0,0,104,0,0,0,0,0,0,0,0,0,0,0,0,0,0,0,0,0,0,0,0,0,0,0,0,0,0,0,0,82,0,0,0,0,0,0,0,0,0,0,0,0,0,0,0,0,0,0,0,0,0,0,0,0,0,0,0,0,0,0,0,0,0,0,0,0,64,0,0,0,0,0,0,0,0,0,0,82,0,0,0,0,0,0,0,0,0,0,0,0,
+0,0,0,0,0,0,0,0,0,0,104,146,0,0,0,0,0,0,0,0,0,0,0,0,0,0,0,0,0,0,0,0,0,0,0,0,0,0,0,82,0,0,0,0,0,0,0,0,0,0,0,0,0,0,0,0,0,0,0,0,0,0,0,0,0,0,0,0,0,0,0,0,0,0,0,0,64,0,0,0,0,0,0,0,0,0,0,82,0,0,0,0,0,0,0,0,0,0,0,0,
 0,0,0,0,0,0,0,0,0,0,108,0,0,0,0,0,0,0,0,0,0,0,151,0,0,0,0,151,0,0,0,0,0,0,0,0,0,0,0,82,0,0,0,0,0,0,0,0,0,0,0,0,0,0,0,0,0,0,0,0,0,0,0,0,0,0,0,0,0,0,0,0,0,0,0,0,76,71,83,83,83,83,83,83,83,83,83,95,0,0,0,0,0,0,0,0,0,0,0,0,
 0,0,0,0,0,0,0,0,0,0,76,71,83,83,83,88,0,0,0,0,0,0,0,0,0,0,0,0,0,0,0,0,0,0,91,83,83,83,83,95,0,0,0,0,0,0,0,0,0,0,0,0,0,0,0,0,0,0,0,0,0,0,0,0,0,0,0,0,0,0,0,0,0,0,0,0,0,0,0,0,0,0,0,0,0,0,0,0,0,0,0,0,0,0,0,0,0,0,0,0,
 0,0,0,0,0,0,0,0,0,0,0,0,0,0,0,80,0,0,0,0,0,0,0,0,0,0,0,0,0,75,67,67,72,120,82,0,0,0,0,0,0,0,0,0,0,0,0,0,0,0,0,0,0,0,0,0,0,0,0,0,0,0,0,0,0,0,0,0,0,0,0,0,0,0,0,0,0,0,0,0,0,0,0,0,0,0,0,0,0,0,0,0,0,0,0,0,0,0,0,0,
@@ -239,10 +239,10 @@ data=
 3,3,3,3,3,3,3,3,3,3,1,0,0,0,0,0,0,0,4,4,0,0,0,0,0,0,0,1,3,3,3,3,3,3,3,3,3,3,3,3,3,3,3,3,3,3,3,3,3,3,3,3,3,3,3,3,3,3,3,3,3,3,3,3,3,3,3,3,3,3,3,3,3,3,3,3,3,3,3,3,3,3,3,3,3,3,3,3,3,3,3,3,3,3,3,3,3,3,3,3,
 3,3,3,3,3,3,3,3,3,3,1,1,1,1,1,1,1,0,0,0,0,1,1,1,1,1,1,1,3,3,3,3,3,3,3,3,3,3,3,3,3,3,3,3,3,3,3,3,3,3,3,3,3,3,3,3,3,3,3,3,3,3,3,3,3,3,3,3,3,3,3,3,3,3,3,3,3,3,3,3,3,3,3,3,3,3,3,3,3,3,3,3,3,3,3,3,3,3,3,3,
 3,3,3,3,3,3,3,3,3,3,3,3,3,3,3,3,1,0,0,0,0,1,3,3,3,3,3,3,3,3,3,3,3,3,3,3,3,3,3,3,1,1,1,1,1,1,1,1,1,1,1,1,1,3,3,3,3,1,1,1,1,1,1,1,1,1,1,1,1,1,3,3,3,3,3,3,1,1,1,1,1,1,3,3,3,3,3,3,1,1,1,1,1,1,3,3,3,3,3,3,
-3,3,3,3,3,3,3,3,3,3,3,3,3,3,3,3,1,0,0,0,0,1,3,3,3,3,3,3,3,3,3,3,3,3,3,3,3,3,3,3,1,0,2,2,0,4,3,4,0,2,2,0,1,3,3,3,3,1,0,0,0,0,4,3,4,0,0,0,0,1,3,3,3,3,3,3,1,0,0,0,0,1,3,3,3,3,3,3,1,0,0,0,0,1,3,3,3,3,3,3,
-3,3,3,3,3,3,3,3,3,3,3,3,3,3,3,3,1,1,0,0,1,1,3,3,3,3,3,3,3,3,3,3,3,3,3,3,3,3,3,3,1,0,2,0,0,0,0,0,0,0,2,0,1,3,3,3,3,1,0,0,0,0,0,0,0,0,0,0,0,1,3,3,3,3,3,3,1,0,4,0,0,1,3,3,3,3,3,3,1,0,0,4,0,1,3,3,3,3,3,3,
-3,3,3,3,3,3,3,3,3,3,3,3,3,3,3,3,3,1,1,1,1,3,3,3,3,3,3,3,3,3,3,3,3,3,3,3,3,3,3,3,1,0,0,0,0,0,0,0,0,0,0,0,1,3,3,3,3,1,0,0,0,4,0,4,0,4,0,0,0,1,3,3,3,3,3,3,1,0,0,0,0,1,3,3,3,3,3,3,1,0,0,0,0,1,3,3,3,3,3,3,
-3,3,3,3,3,3,3,3,3,3,3,3,3,3,3,3,3,1,1,1,1,3,3,3,3,3,3,3,3,3,3,3,3,3,3,3,3,3,3,3,1,0,0,0,0,0,0,0,0,0,0,0,1,3,3,3,3,1,0,0,0,0,0,0,0,0,0,0,0,1,3,3,3,3,3,3,1,0,0,0,0,1,3,3,3,3,3,3,1,0,0,0,0,1,3,3,3,3,3,3,
+3,3,3,3,3,3,3,3,3,3,3,3,3,3,3,3,1,0,0,0,0,1,3,3,3,3,3,3,3,3,3,3,3,3,3,3,3,3,3,3,1,0,2,2,0,4,4,4,0,2,2,0,1,3,3,3,3,1,0,2,2,0,4,3,4,0,2,2,0,1,3,3,3,3,3,3,1,0,0,0,0,1,3,3,3,3,3,3,1,0,0,0,0,1,3,3,3,3,3,3,
+3,3,3,3,3,3,3,3,3,3,3,3,3,3,3,3,1,1,0,0,1,1,3,3,3,3,3,3,3,3,3,3,3,3,3,3,3,3,3,3,1,0,2,0,0,0,0,0,0,0,2,0,1,3,3,3,3,1,0,2,0,0,0,0,0,0,0,2,0,1,3,3,3,3,3,3,1,0,4,0,0,1,3,3,3,3,3,3,1,0,0,4,0,1,3,3,3,3,3,3,
+3,3,3,3,3,3,3,3,3,3,3,3,3,3,3,3,3,1,1,1,1,3,3,3,3,3,3,3,3,3,3,3,3,3,3,3,3,3,3,3,1,0,2,0,0,0,0,0,0,0,2,0,1,3,3,3,3,1,0,0,0,4,0,4,0,4,0,0,0,1,3,3,3,3,3,3,1,0,0,0,0,1,3,3,3,3,3,3,1,0,0,0,0,1,3,3,3,3,3,3,
+3,3,3,3,3,3,3,3,3,3,3,3,3,3,3,3,3,1,1,1,1,3,3,3,3,3,3,3,3,3,3,3,3,3,3,3,3,3,3,3,1,0,2,2,2,2,2,2,2,2,2,0,1,3,3,3,3,1,0,0,0,0,0,0,0,0,0,0,0,1,3,3,3,3,3,3,1,0,0,0,0,1,3,3,3,3,3,3,1,0,0,0,0,1,3,3,3,3,3,3,
 3,3,3,3,3,3,3,3,3,3,3,3,3,3,3,3,1,1,0,0,1,1,3,3,3,3,3,3,3,3,3,3,3,3,3,3,3,3,3,3,1,0,0,0,0,0,0,0,0,0,0,0,1,3,3,3,3,1,0,0,0,0,0,0,0,0,0,0,0,1,3,3,3,3,3,3,1,0,0,0,0,1,3,3,3,3,3,3,1,0,0,0,0,1,3,3,3,3,3,3,
 3,3,3,3,1,1,1,1,1,1,1,1,1,1,1,1,1,0,0,0,0,1,1,1,1,1,1,1,1,1,1,1,1,1,3,3,3,3,3,3,1,0,0,0,0,0,0,0,0,0,0,0,1,3,3,3,3,1,0,0,0,0,0,0,0,0,0,0,0,1,1,1,1,3,3,1,1,0,0,0,0,1,1,1,1,1,1,1,1,0,0,0,0,1,3,3,3,3,3,3,
 3,3,3,3,1,0,0,0,0,0,0,0,0,0,0,0,0,0,0,0,0,0,0,0,0,0,0,0,0,0,0,0,0,1,3,3,3,3,3,3,1,0,0,0,0,1,1,0,0,0,0,0,1,3,3,3,3,1,0,0,0,0,0,0,0,0,0,0,0,0,0,0,1,1,1,1,0,0,0,0,0,0,0,0,0,0,0,0,0,0,0,0,0,1,3,3,3,3,3,3,
@@ -250,10 +250,10 @@ data=
 3,3,3,3,1,0,0,4,0,4,0,0,0,0,0,0,0,0,0,0,0,0,0,0,0,0,0,0,4,0,4,0,0,1,3,3,3,3,3,3,1,0,0,0,0,1,1,0,0,0,0,0,1,3,3,3,3,1,0,0,0,1,1,1,1,1,1,0,0,0,0,0,0,1,1,0,0,0,0,0,0,0,0,0,0,0,0,0,0,0,0,0,0,1,3,3,3,3,3,3,
 3,3,3,3,1,0,0,0,0,0,0,0,0,0,0,0,0,0,0,0,0,0,0,0,0,0,0,0,0,0,0,0,0,1,3,3,3,3,3,3,1,0,0,0,0,1,1,0,0,0,0,0,1,3,3,3,3,1,0,0,0,1,1,1,1,1,1,2,2,0,0,0,1,1,1,1,0,0,0,0,0,0,0,0,0,0,0,0,0,0,0,0,0,1,3,3,3,3,3,3,
 3,3,3,3,1,0,0,0,0,0,0,0,0,0,0,0,4,0,0,0,0,4,0,0,0,0,0,0,0,0,0,0,0,1,3,3,3,3,3,3,1,0,0,0,0,1,1,0,4,0,0,0,1,1,1,1,1,1,0,0,0,0,0,0,0,0,0,0,2,1,1,1,1,3,3,1,1,0,0,0,0,2,2,0,0,0,0,2,2,0,0,0,0,1,3,3,3,3,3,3,
-3,3,3,3,1,1,1,1,1,1,2,2,2,2,2,2,0,0,0,0,0,0,0,0,0,0,0,0,1,1,1,1,1,1,3,3,3,3,3,3,1,0,0,0,0,1,1,0,0,0,0,0,0,0,0,0,0,0,0,0,0,0,0,4,0,0,0,0,0,1,3,3,3,3,3,3,1,0,0,0,0,2,2,2,2,2,2,2,2,0,0,0,0,1,3,3,3,3,3,3,
-3,3,3,3,3,3,3,3,3,1,2,4,4,4,4,2,0,0,0,0,0,0,0,1,1,1,1,2,1,3,3,3,3,3,3,3,3,3,3,3,1,0,0,0,0,0,4,0,0,0,0,0,0,0,0,0,0,0,0,0,0,0,0,0,0,0,0,4,0,1,3,3,3,3,3,3,1,0,0,0,0,2,2,4,4,4,4,2,2,0,0,0,0,1,3,3,3,3,3,3,
-3,3,3,3,3,3,3,3,3,1,2,4,4,4,4,2,0,0,0,0,0,0,0,1,3,3,1,0,1,3,3,3,3,3,3,3,3,3,3,3,1,0,0,0,0,0,0,0,0,0,0,0,0,0,0,0,0,0,0,0,0,0,0,4,0,0,0,4,0,1,3,3,3,3,3,3,1,0,0,0,0,2,2,4,4,4,4,2,2,0,0,0,0,1,3,3,3,3,3,3,
-3,3,3,3,3,3,3,3,3,1,2,4,4,4,4,2,0,0,0,0,0,0,0,1,3,3,1,0,1,3,3,3,3,3,3,3,3,3,3,3,1,0,0,0,0,0,0,0,0,0,0,0,0,0,0,0,0,0,0,0,0,0,0,0,0,4,0,0,0,1,3,3,3,3,3,3,1,0,0,0,0,4,2,4,4,4,4,2,4,0,0,0,0,1,3,3,3,3,3,3,
+3,3,3,3,1,1,1,1,1,1,2,2,2,2,2,2,0,0,0,0,0,0,0,0,0,0,0,0,1,1,1,1,1,1,3,3,3,3,3,3,1,0,0,0,0,1,1,0,0,0,0,0,0,0,0,0,0,0,0,0,0,0,0,0,0,0,0,0,0,1,3,3,3,3,3,3,1,0,0,0,0,2,2,2,2,2,2,2,2,0,0,0,0,1,3,3,3,3,3,3,
+3,3,3,3,3,3,3,3,3,1,2,4,4,4,4,2,0,0,0,0,0,0,0,1,1,1,1,2,1,3,3,3,3,3,3,3,3,3,3,3,1,0,0,0,0,0,4,0,0,0,0,0,0,0,0,0,0,0,0,0,0,0,0,0,0,0,0,0,0,1,3,3,3,3,3,3,1,0,0,0,0,2,2,4,4,4,4,2,2,0,0,0,0,1,3,3,3,3,3,3,
+3,3,3,3,3,3,3,3,3,1,2,4,4,4,4,2,0,0,0,0,0,0,0,1,3,3,1,0,1,3,3,3,3,3,3,3,3,3,3,3,1,0,0,0,0,0,0,0,0,0,0,0,0,0,0,0,0,0,0,0,0,0,0,0,0,0,0,0,0,1,3,3,3,3,3,3,1,0,0,0,0,2,2,4,4,4,4,2,2,0,0,0,0,1,3,3,3,3,3,3,
+3,3,3,3,3,3,3,3,3,1,2,4,4,4,4,2,0,0,0,0,0,0,0,1,3,3,1,0,1,3,3,3,3,3,3,3,3,3,3,3,1,0,0,0,0,0,0,0,0,0,0,0,0,0,0,0,0,0,0,0,0,0,0,0,0,0,0,0,0,1,3,3,3,3,3,3,1,0,0,0,0,4,2,4,4,4,4,2,4,0,0,0,0,1,3,3,3,3,3,3,
 3,3,3,3,3,3,3,3,3,1,2,4,4,4,4,2,0,0,0,0,0,0,0,1,1,1,1,0,1,3,3,3,3,3,3,3,3,3,3,3,1,0,0,0,0,0,0,0,0,0,0,0,0,0,0,0,0,0,0,0,0,0,0,0,0,0,0,0,0,1,3,3,3,3,3,3,1,0,0,0,0,0,2,4,4,4,4,2,0,0,0,0,0,1,3,3,3,3,3,3,
 3,3,3,3,1,1,1,1,1,1,2,2,2,2,2,2,0,0,0,0,0,0,0,0,0,0,0,0,1,1,1,1,1,1,3,3,3,3,3,3,1,1,1,1,1,1,1,1,1,1,1,1,1,0,0,0,0,1,1,1,1,1,1,1,1,1,1,1,1,1,3,3,3,3,3,3,1,0,0,0,0,0,2,4,4,4,4,2,0,0,0,0,0,1,3,3,3,3,3,3,
 3,3,3,3,1,0,0,0,0,0,0,0,0,0,0,0,4,0,0,0,0,4,0,0,0,0,0,0,0,0,0,0,0,1,3,3,3,3,3,3,3,3,3,3,3,3,3,3,3,3,3,3,1,0,0,0,0,1,3,3,3,3,3,3,3,3,3,3,3,3,3,3,3,3,3,3,1,0,0,0,0,0,2,4,4,4,4,2,0,0,0,0,0,1,3,3,3,3,3,3,
@@ -412,8 +412,9 @@ unset_status=emp_nasu_s2_on
 [event]
 # open door 1
 type=event
-location=76,58,11,16
-mapmod=collision,74,65,0;collision,75,65,0;collision,74,66,0;collision,75,66,0;object,75,65,0;object,75,66,0;object,74,64,213;object,74,67,219
+location=77,78,1,1
+activate=static
+mapmod=collision,74,65,0;collision,75,65,0;collision,74,66,0;collision,75,66,0;object,75,65,0;object,75,66,0;object,74,64,213;object,74,67,219;background,82,61,60
 repeat=false
 requires_not_status=emp_nasu_door1
 requires_status=emp_nasu_s1_off,emp_nasu_s2_on
@@ -425,7 +426,7 @@ unset_status=emp_nasu_s1_off,emp_nasu_s1_on,emp_nasu_s2_off,emp_nasu_s2_on
 type=event
 location=77,80,1,1
 activate=on_load
-mapmod=collision,74,65,0;collision,75,65,0;collision,74,66,0;collision,75,66,0;object,75,65,0;object,75,66,0;object,74,64,213;object,74,67,219;object,79,61,166
+mapmod=collision,74,65,0;collision,75,65,0;collision,74,66,0;collision,75,66,0;object,75,65,0;object,75,66,0;object,74,64,213;object,74,67,219;object,79,61,166;background,82,61,60
 requires_status=emp_nasu_door1
 
 [event]
@@ -448,7 +449,7 @@ unset_status=emp_nasu_s4_on
 type=event
 location=60,3,1,1
 activate=on_load
-mapmod=collision,73,17,0;collision,74,17,0;collision,73,18,0;collision,74,18,0;object,74,17,0;object,74,18,0;object,74,16,209;object,74,19,223;object,61,12,166;object,65,12,166
+mapmod=collision,73,17,0;collision,74,17,0;collision,73,18,0;collision,74,18,0;object,74,17,0;object,74,18,0;object,74,16,209;object,74,19,223;object,61,12,166;object,65,12,166;background,61,22,60;background,65,22,61
 requires_status=emp_nasu_door2
 
 [event]
@@ -538,8 +539,9 @@ unset_status=emp_nasu_s5_off
 [event]
 # open door 2
 type=event
-location=58,10,15,16
-mapmod=collision,73,17,0;collision,74,17,0;collision,73,18,0;collision,74,18,0;object,74,17,0;object,74,18,0;object,74,16,209;object,74,19,223
+location=60,1,1,1
+activate=static
+mapmod=collision,73,17,0;collision,74,17,0;collision,73,18,0;collision,74,18,0;object,74,17,0;object,74,18,0;object,74,16,209;object,74,19,223;background,61,22,60;background,65,22,61
 requires_not_status=emp_nasu_door2
 requires_status=emp_nasu_s3_on,emp_nasu_s4_off,emp_nasu_s5_on
 set_status=emp_nasu_door2
@@ -580,7 +582,7 @@ unset_status=emp_nasu_s6_on
 type=event
 location=80,1,1,1
 activate=on_load
-mapmod=collision,73,41,0;collision,74,41,0;collision,73,42,0;collision,74,42,0;object,74,41,0;object,74,42,0;object,73,40,213;object,73,43,219;object,91,11,166;object,78,48,166;object,91,48,166
+mapmod=collision,73,41,0;collision,74,41,0;collision,73,42,0;collision,74,42,0;object,74,41,0;object,74,42,0;object,73,40,213;object,73,43,219;object,91,11,166;object,78,48,166;object,91,48,166;background,90,25,60;background,79,35,61;background,90,35,62
 requires_status=emp_nasu_door3
 
 [event]
@@ -685,8 +687,9 @@ unset_status=emp_nasu_s9_on
 [event]
 # open door 3
 type=event
-location=75,10,18,40
-mapmod=collision,73,41,0;collision,74,41,0;collision,73,42,0;collision,74,42,0;object,74,41,0;object,74,42,0;object,73,40,213;object,73,43,219
+location=82,1,1,1
+activate=static
+mapmod=collision,73,41,0;collision,74,41,0;collision,73,42,0;collision,74,42,0;object,74,41,0;object,74,42,0;object,73,40,213;object,73,43,219;background,90,25,60;background,79,35,61;background,90,35,62
 requires_not_status=emp_nasu_door3
 requires_status=emp_nasu_s6_off,emp_nasu_s7_on,emp_nasu_s8_on,emp_nasu_s9_on
 set_status=emp_nasu_door3
@@ -733,7 +736,7 @@ unset_status=emp_nasu_s10_on
 type=event
 location=16,47,1,1
 activate=on_load
-mapmod=collision,18,12,0;collision,19,12,0;collision,18,13,0;collision,19,13,0;object,18,13,0;object,19,13,0;object,17,12,208;object,20,12,222;object,7,41,166;object,20,36,166;object,9,18,166;object,28,18,166
+mapmod=collision,18,12,0;collision,19,12,0;collision,18,13,0;collision,19,13,0;object,18,13,0;object,19,13,0;object,17,12,208;object,20,12,222;object,7,41,166;object,20,36,166;object,9,18,166;object,28,18,166;background,26,65,60;background,13,60,61;background,15,83,62;background,34,83,63
 requires_status=emp_nasu_door5
 
 [event]
@@ -973,8 +976,9 @@ unset_status=emp_nasu_s17_off
 [event]
 # open door 5
 type=event
-location=5,13,28,31
-mapmod=collision,18,12,0;collision,19,12,0;collision,18,13,0;collision,19,13,0;object,18,13,0;object,19,13,0;object,17,12,208;object,20,12,222
+location=18,47,1,1
+activate=static
+mapmod=collision,18,12,0;collision,19,12,0;collision,18,13,0;collision,19,13,0;object,18,13,0;object,19,13,0;object,17,12,208;object,20,12,222;background,26,65,60;background,13,60,61;background,15,83,62;background,34,83,63
 requires_not_status=emp_nasu_door5
 requires_status=emp_nasu_s10_on,emp_nasu_s11_off,emp_nasu_s12_off,emp_nasu_s13_on,emp_nasu_s14_off,emp_nasu_s15_on,emp_nasu_s16_on,emp_nasu_s17_off
 set_status=emp_nasu_door5
@@ -992,11 +996,11 @@ soundfx=soundfx/powers/teleport.ogg,0,0
 [event]
 # Barrel
 type=event
-location=67,23,1,1
+location=11,73,1,1
 activate=on_trigger
 hotspot=location
 loot=loot/level_10.txt
-mapmod=object,67,23,162
+mapmod=object,11,73,162
 repeat=false
 soundfx=soundfx/wood_open.ogg
 tooltip=Barrel
@@ -1138,6 +1142,45 @@ requires_item=1011
 requires_not_status=emp_fig_3
 set_status=emp_fig_3
 
+[event]
+# brazier sound effect
+type=event
+location=67,24,1,1
+activate=on_load
+soundfx=soundfx/environment/open_fire_loop.ogg
+
+[event]
+type=event
+location=46,22,1,1
+activate=on_trigger
+hotspot=location
+intramap=44,11
+mapmod=object,46,22,165
+repeat=false
+soundfx=soundfx/powers/teleport.ogg,0,0
+tooltip=Strange Book
+
+[event]
+type=event
+location=43,10,7,3
+activate=on_trigger
+mapmod=background,48,13,51;collision,48,13,0
+repeat=false
+soundfx=soundfx/door_open.ogg,0,0
+
+[event]
+# Treasure Chest
+type=event
+location=46,10,1,1
+activate=on_trigger
+hotspot=location
+loot=loot/level_10.txt
+loot_count=1,2
+mapmod=object,46,10,160
+repeat=false
+soundfx=soundfx/wood_open.ogg
+tooltip=Treasure Chest
+
 [enemy]
 type=enemy
 location=59,64,13,4
diff --git a/tiled/empyrean_campaign/fort_nasu.tmx b/tiled/empyrean_campaign/fort_nasu.tmx
index ac1dd47f1ea07145c4fa6bd2f95860651e8b15a0..cc480d6378fde0956611f90b5bbccadf376aaa89 100644
--- a/tiled/empyrean_campaign/fort_nasu.tmx
+++ b/tiled/empyrean_campaign/fort_nasu.tmx
@@ -1,5 +1,5 @@
 <?xml version="1.0" encoding="UTF-8"?>
-<map version="1.0" orientation="isometric" renderorder="right-down" width="100" height="100" tilewidth="64" tileheight="32" backgroundcolor="#000000" nextobjectid="97">
+<map version="1.0" orientation="isometric" renderorder="right-down" width="100" height="100" tilewidth="64" tileheight="32" backgroundcolor="#000000" nextobjectid="101">
  <properties>
   <property name="hero_pos" value="96,66"/>
   <property name="music" value="music/dungeon_theme.ogg"/>
@@ -44,19 +44,19 @@
 0,0,0,0,0,0,0,0,0,0,0,0,0,0,0,0,16,29,21,21,28,0,0,0,0,0,0,0,0,0,0,0,0,0,0,0,0,0,0,0,0,0,0,0,0,0,0,0,0,0,0,0,0,0,0,0,0,0,0,0,0,0,0,0,0,0,0,0,0,0,0,0,0,0,0,0,0,0,0,0,0,0,0,0,0,0,0,0,0,0,0,0,0,0,0,0,0,0,0,0,
 0,0,0,0,0,0,0,0,0,0,0,0,0,0,0,0,16,17,16,38,44,0,0,0,0,0,0,0,0,0,0,0,0,0,0,0,0,0,0,0,16,43,16,39,17,40,38,37,43,37,36,37,0,0,0,0,0,38,41,36,37,41,18,16,36,17,41,17,42,0,0,0,0,0,0,0,46,45,17,19,38,0,0,0,0,0,0,0,40,37,40,47,43,0,0,0,0,0,0,0,
 0,0,0,0,0,0,0,0,0,0,0,0,0,0,0,0,16,45,37,36,40,0,0,0,0,0,0,0,0,0,0,0,0,0,0,0,0,0,0,0,36,36,36,41,46,41,19,39,38,42,36,43,0,0,0,0,0,44,43,41,41,17,36,36,47,37,18,39,17,0,0,0,0,0,0,0,37,42,46,19,19,0,0,0,0,0,0,0,43,37,16,16,37,0,0,0,0,0,0,0,
-0,0,0,0,0,0,0,0,0,0,0,0,0,0,0,0,46,40,39,42,16,0,0,0,0,0,0,0,0,0,0,0,0,0,0,0,0,0,0,0,38,37,46,32,32,34,32,32,32,33,46,40,0,0,0,0,0,39,45,16,17,16,36,47,45,43,42,43,43,0,0,0,0,0,0,0,38,44,36,37,39,0,0,0,0,0,0,0,45,18,41,47,44,0,0,0,0,0,0,0,
-0,0,0,0,0,0,0,0,0,0,0,0,0,0,0,0,0,47,46,39,42,0,0,0,0,0,0,0,0,0,0,0,0,0,0,0,0,0,0,0,46,19,39,35,56,32,18,34,58,32,19,43,0,0,0,0,0,38,38,16,19,18,41,46,36,19,41,37,42,0,0,0,0,0,0,0,43,41,43,47,17,0,0,0,0,0,0,0,47,18,17,36,18,0,0,0,0,0,0,0,
-0,0,0,0,0,0,0,0,0,0,0,0,0,0,0,0,0,19,41,16,36,0,0,0,0,0,0,0,0,0,0,0,0,0,0,0,0,0,0,0,19,36,18,33,33,32,34,34,32,32,36,39,0,0,0,0,0,47,36,36,44,45,42,43,16,46,36,16,16,0,0,0,0,0,0,0,41,46,17,41,45,0,0,0,0,0,0,0,39,46,44,47,39,0,0,0,0,0,0,0,
-0,0,0,0,0,0,0,0,0,0,0,0,0,0,0,0,45,44,16,16,37,0,0,0,0,0,0,0,0,0,0,0,0,0,0,0,0,0,0,0,39,40,38,45,41,17,43,19,46,37,37,16,0,0,0,0,0,38,38,44,37,39,36,36,18,45,39,38,38,0,0,0,0,0,0,0,38,38,46,38,40,0,0,0,0,0,0,0,39,17,43,41,42,0,0,0,0,0,0,0,
+0,0,0,0,0,0,0,0,0,0,0,0,0,0,0,0,46,40,39,42,16,0,0,0,0,0,0,0,0,0,0,0,0,0,0,0,0,0,0,0,38,30,23,31,43,37,36,47,16,30,23,31,0,0,0,0,0,39,45,16,17,16,36,47,45,43,42,43,43,0,0,0,0,0,0,0,38,44,36,37,39,0,0,0,0,0,0,0,45,18,41,47,44,0,0,0,0,0,0,0,
+0,0,0,0,0,0,0,0,0,0,0,0,0,0,0,0,0,47,46,39,42,0,0,0,0,0,0,0,0,0,0,0,0,0,0,0,0,0,0,0,46,22,48,27,23,23,23,23,23,26,48,20,0,0,0,0,0,38,38,16,19,18,41,46,36,19,41,37,42,0,0,0,0,0,0,0,43,41,43,47,17,0,0,0,0,0,0,0,47,18,17,36,18,0,0,0,0,0,0,0,
+0,0,0,0,0,0,0,0,0,0,0,0,0,0,0,0,0,19,41,16,36,0,0,0,0,0,0,0,0,0,0,0,0,0,0,0,0,0,0,0,19,22,49,50,50,50,50,50,50,50,0,20,0,0,0,0,0,47,36,36,44,45,42,43,16,46,36,16,16,0,0,0,0,0,0,0,41,46,17,41,45,0,0,0,0,0,0,0,39,46,44,47,39,0,0,0,0,0,0,0,
+0,0,0,0,0,0,0,0,0,0,0,0,0,0,0,0,45,44,16,16,37,0,0,0,0,0,0,0,0,0,0,0,0,0,0,0,0,0,0,0,39,29,21,21,21,21,21,21,21,21,21,28,0,0,0,0,0,38,38,44,37,39,36,36,18,45,39,38,38,0,0,0,0,0,0,0,38,38,46,38,40,0,0,0,0,0,0,0,39,17,43,41,42,0,0,0,0,0,0,0,
 0,0,0,0,43,46,39,46,47,17,42,44,42,39,43,36,39,45,19,37,19,19,37,47,46,41,18,40,38,16,47,17,40,0,0,0,0,0,0,0,16,18,45,42,39,40,42,46,19,39,18,39,0,0,0,0,0,16,17,18,39,45,18,17,42,38,44,43,17,38,18,38,38,0,0,19,16,18,44,41,18,16,47,46,38,16,18,41,46,42,17,42,40,0,0,0,0,0,0,0,
 0,0,0,0,16,47,18,17,41,36,47,47,41,45,38,18,47,17,46,16,43,41,37,40,18,17,40,19,45,36,42,37,46,0,0,0,0,0,0,0,45,46,36,45,18,39,43,47,46,37,47,40,0,0,0,0,0,46,40,38,44,36,45,39,17,38,39,17,17,47,16,19,46,41,18,39,38,40,19,43,41,16,18,46,18,39,45,18,42,39,45,17,18,0,0,0,0,0,0,0,
 0,0,0,0,38,37,36,47,38,47,45,39,37,42,17,42,37,16,44,43,45,47,46,43,44,42,44,39,38,17,38,39,18,0,0,0,0,0,0,0,17,19,39,16,45,44,41,16,18,42,40,37,0,0,0,0,0,46,41,42,39,19,45,47,42,43,39,44,37,16,17,43,43,19,42,16,45,39,39,42,47,17,42,44,47,37,47,43,38,37,16,19,42,0,0,0,0,0,0,0,
 0,0,0,0,40,19,47,42,47,19,17,17,46,39,17,36,36,36,40,47,37,45,43,47,43,37,47,40,36,44,43,44,36,0,0,0,0,0,0,0,39,41,46,17,46,42,44,18,42,40,16,19,0,0,0,0,0,42,18,36,17,38,39,47,36,16,19,47,46,37,45,17,45,17,17,19,18,45,39,45,45,17,44,38,45,42,18,43,41,39,17,47,39,0,0,0,0,0,0,0,
 0,0,0,0,47,18,18,17,19,44,39,18,40,39,37,38,16,19,45,39,44,46,42,45,42,16,45,17,41,19,38,42,46,0,0,0,0,0,0,0,37,18,37,40,46,43,18,40,45,38,46,19,0,0,0,0,0,42,43,17,36,36,17,17,36,43,40,39,40,47,36,36,18,40,17,45,36,41,17,44,42,19,36,44,41,37,42,36,38,45,43,44,36,0,0,0,0,0,0,0,
 0,0,0,0,37,17,39,16,44,30,23,23,23,23,23,23,31,43,47,39,18,30,23,23,23,23,23,23,31,40,45,44,16,0,0,0,0,0,0,0,19,36,46,37,17,46,38,44,45,42,16,40,37,40,43,47,16,47,37,18,39,37,46,19,36,37,37,45,19,0,0,0,0,0,0,0,18,46,39,38,44,30,23,23,23,23,23,23,31,44,40,42,18,0,0,0,0,0,0,0,
-0,0,0,0,0,0,0,0,0,22,48,50,50,50,50,50,20,37,16,38,47,22,17,19,18,17,18,16,20,0,0,0,0,0,0,0,0,0,0,0,45,16,16,17,47,44,38,16,47,37,36,44,46,46,45,40,36,38,47,36,40,44,44,18,40,43,38,39,37,0,0,0,0,0,0,0,19,39,17,37,46,22,48,50,50,50,50,50,20,17,39,19,37,0,0,0,0,0,0,0,
-0,0,0,0,0,0,0,0,0,22,49,0,0,0,0,0,20,19,45,37,17,22,19,16,18,16,17,18,20,0,0,0,0,0,0,0,0,0,0,0,41,39,45,44,47,16,41,16,47,38,40,47,36,46,42,44,37,16,46,39,38,47,38,17,19,45,47,47,42,0,0,0,0,0,0,0,46,39,17,43,42,22,49,0,0,0,0,0,20,40,46,37,41,0,0,0,0,0,0,0,
-0,0,0,0,0,0,0,0,0,22,49,0,0,0,0,0,20,43,39,16,47,22,19,17,0,0,16,18,20,0,0,0,0,0,0,0,0,0,0,0,41,45,37,16,17,47,47,44,38,47,46,40,43,36,45,37,46,16,16,43,44,38,38,43,47,36,45,37,40,0,0,0,0,0,0,0,38,36,46,40,47,22,49,0,0,0,0,0,20,18,18,36,45,0,0,0,0,0,0,0,
+0,0,0,0,0,0,0,0,0,22,48,50,50,50,50,50,20,37,16,38,47,22,17,19,18,17,18,16,20,0,0,0,0,0,0,0,0,0,0,0,45,16,16,17,47,44,38,16,47,37,36,44,46,46,45,40,36,38,47,36,32,32,34,32,32,32,33,39,37,0,0,0,0,0,0,0,19,39,17,37,46,22,48,50,50,50,50,50,20,17,39,19,37,0,0,0,0,0,0,0,
+0,0,0,0,0,0,0,0,0,22,49,0,0,0,0,0,20,19,45,37,17,22,19,16,18,16,17,18,20,0,0,0,0,0,0,0,0,0,0,0,41,39,45,44,47,16,41,16,47,38,40,47,36,46,42,44,37,16,46,39,35,56,32,18,34,57,32,47,42,0,0,0,0,0,0,0,46,39,17,43,42,22,49,0,0,0,0,0,20,40,46,37,41,0,0,0,0,0,0,0,
+0,0,0,0,0,0,0,0,0,22,49,0,0,0,0,0,20,43,39,16,47,22,19,17,0,0,16,18,20,0,0,0,0,0,0,0,0,0,0,0,41,45,37,16,17,47,47,44,38,47,46,40,43,36,45,37,46,16,16,43,33,33,32,34,34,32,32,37,40,0,0,0,0,0,0,0,38,36,46,40,47,22,49,0,0,0,0,0,20,18,18,36,45,0,0,0,0,0,0,0,
 0,0,0,0,0,0,0,0,0,22,49,0,0,0,0,0,20,37,16,46,37,22,17,17,0,0,19,18,20,0,0,0,0,0,0,0,0,0,0,0,43,40,44,40,16,44,16,46,36,41,38,44,46,43,19,17,19,47,41,41,38,17,42,19,41,38,19,46,43,0,0,0,0,0,0,0,46,38,34,34,35,22,49,0,0,0,0,0,20,35,33,34,19,0,0,0,0,0,0,0,
 0,0,0,0,0,0,0,0,0,22,49,0,0,0,0,0,20,43,46,42,39,22,16,17,17,19,18,19,20,0,0,0,0,0,0,0,0,0,0,0,17,18,18,44,46,37,37,40,43,47,40,47,19,45,47,37,44,45,44,18,42,16,42,17,44,38,37,17,36,0,0,0,0,0,0,0,17,16,35,19,33,22,49,0,0,0,0,0,20,35,56,35,46,0,0,0,0,0,0,0,
 0,0,0,0,38,42,44,44,42,22,49,0,0,0,0,0,20,46,39,38,40,22,19,17,16,17,19,16,20,45,17,44,41,0,0,0,0,0,0,0,0,0,0,0,0,0,0,0,0,0,0,0,43,37,17,40,42,0,0,0,0,0,0,0,0,0,0,0,0,0,0,0,0,0,0,0,39,43,35,33,35,22,49,0,0,0,0,0,20,32,35,32,40,0,0,0,0,0,0,0,
@@ -147,8 +147,8 @@
 0,0,0,0,0,0,0,0,0,0,106,0,0,0,0,0,0,0,135,167,0,0,0,0,0,0,0,82,0,0,0,0,0,0,0,0,0,0,0,0,0,0,0,0,0,0,0,0,0,0,0,0,0,0,0,0,0,0,0,0,0,0,0,0,0,0,0,0,0,0,0,0,0,0,0,0,0,0,0,0,0,0,0,0,0,0,0,0,0,0,0,0,0,0,0,0,0,0,0,0,
 0,0,0,0,0,0,0,0,0,0,76,71,83,83,83,83,88,0,0,0,0,91,83,83,83,83,83,95,0,0,0,0,0,0,0,0,0,0,0,0,0,0,0,0,0,0,0,0,0,0,0,0,0,0,0,0,0,0,0,0,0,0,0,0,0,0,0,0,0,0,0,0,0,0,0,0,0,0,0,0,0,0,0,0,0,0,0,0,0,0,0,0,0,0,0,0,0,0,0,0,
 0,0,0,0,0,0,0,0,0,0,0,0,0,0,0,0,80,0,0,0,0,82,0,0,0,0,0,0,0,0,0,0,0,0,0,0,0,0,0,0,77,65,99,103,107,65,69,69,107,103,99,69,78,0,0,0,0,77,69,99,103,107,65,69,69,107,103,99,69,78,0,0,0,0,0,0,77,65,109,103,65,78,0,0,0,0,0,0,77,69,103,65,105,78,0,0,0,0,0,0,
-0,0,0,0,0,0,0,0,0,0,0,0,0,0,0,0,64,0,0,0,0,82,0,0,0,0,0,0,0,0,0,0,0,0,0,0,0,0,0,0,104,0,127,118,0,151,129,151,0,120,124,0,70,0,0,0,0,104,0,0,0,0,151,129,151,0,0,0,0,70,0,0,0,0,0,0,68,0,0,0,0,70,0,0,0,0,0,0,64,0,0,0,0,70,0,0,0,0,0,0,
-0,0,0,0,0,0,0,0,0,0,0,0,0,0,0,0,76,72,0,0,91,95,0,0,0,0,0,0,0,0,0,0,0,0,0,0,0,0,0,0,102,0,119,0,0,0,0,0,0,0,119,0,82,0,0,0,0,106,0,0,0,0,0,0,0,0,0,0,0,82,0,0,0,0,0,0,104,0,150,0,0,82,0,0,0,0,0,0,68,0,0,150,0,82,0,0,0,0,0,0,
+0,0,0,0,0,0,0,0,0,0,0,0,0,0,0,0,64,0,0,0,0,82,0,0,0,0,0,0,0,0,0,0,0,0,0,0,0,0,0,0,104,0,127,118,0,151,145,151,0,120,124,0,70,0,0,0,0,104,0,127,118,0,151,129,151,0,120,124,0,70,0,0,0,0,0,0,68,0,0,0,0,70,0,0,0,0,0,0,64,0,0,0,0,70,0,0,0,0,0,0,
+0,0,0,0,0,0,0,0,0,0,0,0,0,0,0,0,76,72,0,0,91,95,0,0,0,0,0,0,0,0,0,0,0,0,0,0,0,0,0,0,102,0,119,0,0,0,0,0,0,0,119,0,82,0,0,0,0,106,0,119,0,0,0,0,0,0,0,119,0,82,0,0,0,0,0,0,104,0,150,0,0,82,0,0,0,0,0,0,68,0,0,150,0,82,0,0,0,0,0,0,
 0,0,0,0,0,0,0,0,0,0,0,0,0,0,0,0,0,64,0,0,82,0,0,0,0,0,0,0,0,0,0,0,0,0,0,0,0,0,0,0,64,0,0,0,0,0,0,0,0,0,0,0,82,0,0,0,0,102,0,0,0,150,0,150,0,150,0,0,0,82,0,0,0,0,0,0,102,0,0,0,0,82,0,0,0,0,0,0,102,0,0,0,0,82,0,0,0,0,0,0,
 0,0,0,0,0,0,0,0,0,0,0,0,0,0,0,0,0,64,282,283,82,0,0,0,0,0,0,0,0,0,0,0,0,0,0,0,0,0,0,0,106,0,0,0,0,0,0,0,0,0,0,0,82,0,0,0,0,100,0,0,0,0,0,0,0,0,0,0,0,82,0,0,0,0,0,0,68,0,0,0,0,82,0,0,0,0,0,0,96,0,0,0,0,82,0,0,0,0,0,0,
 0,0,0,0,0,0,0,0,0,0,0,0,0,0,0,0,77,73,0,0,90,94,0,0,0,0,0,0,0,0,0,0,0,0,0,0,0,0,0,0,114,0,0,0,0,0,0,0,0,0,0,0,82,0,0,0,0,64,0,0,0,0,0,0,0,0,0,0,0,82,0,0,0,0,0,0,68,0,0,0,0,82,0,0,0,0,0,0,108,0,0,0,0,82,0,0,0,0,0,0,
@@ -158,10 +158,10 @@
 0,0,0,0,102,0,0,150,0,150,0,0,0,0,0,0,0,0,0,0,0,0,0,0,0,0,0,0,150,0,150,0,0,82,0,0,0,0,0,0,64,0,0,0,0,66,100,0,0,0,0,0,82,0,0,0,0,106,0,0,0,75,67,67,67,67,72,0,0,0,0,0,0,0,280,0,0,0,0,0,0,0,0,0,0,0,0,0,0,0,0,0,0,82,0,0,0,0,0,0,
 0,0,0,0,106,0,0,0,0,0,0,0,0,0,0,0,0,0,0,0,0,0,0,0,0,0,0,0,0,0,0,0,0,82,0,0,0,0,0,0,100,0,0,0,0,66,100,0,0,0,0,0,82,0,0,0,0,96,0,0,0,74,101,101,101,101,73,120,124,0,0,0,91,83,83,88,0,0,0,0,0,0,0,0,0,0,0,0,0,0,0,0,0,82,0,0,0,0,0,0,
 0,0,0,0,68,0,0,0,0,0,0,0,0,0,0,0,151,0,0,0,0,151,0,0,0,0,0,0,0,0,0,0,0,82,0,0,0,0,0,0,102,0,0,0,0,66,100,0,136,0,0,0,90,81,103,105,65,73,0,0,0,0,0,0,0,0,0,0,119,91,83,83,95,0,0,92,88,0,0,0,0,127,118,0,0,0,0,120,124,0,0,0,0,82,0,0,0,0,0,0,
-0,0,0,0,76,71,83,83,83,88,0,0,0,0,0,0,0,0,0,0,0,0,0,0,0,0,0,0,91,83,83,83,83,95,0,0,0,0,0,0,98,0,0,0,0,74,73,0,0,0,0,0,0,0,0,0,0,0,0,0,0,0,0,136,0,0,0,0,0,82,0,0,0,0,0,0,80,0,0,0,0,122,0,0,0,0,0,0,122,0,0,0,0,82,0,0,0,0,0,0,
-0,0,0,0,0,0,0,0,0,80,0,0,0,0,0,0,0,0,0,0,0,0,0,75,67,67,72,120,82,0,0,0,0,0,0,0,0,0,0,0,106,0,0,0,0,0,165,0,0,0,0,0,0,0,0,0,0,0,0,0,0,0,0,0,0,0,0,164,0,82,0,0,0,0,0,0,68,0,0,0,0,122,0,0,0,0,0,0,122,0,0,0,0,82,0,0,0,0,0,0,
-0,0,0,0,0,0,0,0,0,64,0,0,0,0,0,0,0,0,0,0,0,0,0,66,0,0,68,178,82,0,0,0,0,0,0,0,0,0,0,0,68,0,0,0,0,0,0,0,0,0,0,0,0,0,0,0,0,0,0,0,0,0,0,136,0,0,0,146,0,82,0,0,0,0,0,0,98,0,0,0,0,119,0,0,0,0,0,0,119,0,0,0,0,82,0,0,0,0,0,0,
-0,0,0,0,0,0,0,0,0,104,0,0,0,0,0,0,0,0,0,0,0,0,0,66,0,0,64,0,82,0,0,0,0,0,0,0,0,0,0,0,102,0,0,0,0,0,0,0,0,0,0,0,0,0,0,0,0,0,0,0,0,0,0,0,0,137,0,0,0,82,0,0,0,0,0,0,68,0,0,0,0,151,0,0,0,0,0,0,151,0,0,0,0,82,0,0,0,0,0,0,
+0,0,0,0,76,71,83,83,83,88,0,0,0,0,0,0,0,0,0,0,0,0,0,0,0,0,0,0,91,83,83,83,83,95,0,0,0,0,0,0,98,0,0,0,0,74,73,0,0,0,0,0,0,0,0,0,0,0,0,0,0,0,0,0,0,0,0,0,0,82,0,0,0,0,0,0,80,0,0,0,0,122,0,0,0,0,0,0,122,0,0,0,0,82,0,0,0,0,0,0,
+0,0,0,0,0,0,0,0,0,80,0,0,0,0,0,0,0,0,0,0,0,0,0,75,67,67,72,120,82,0,0,0,0,0,0,0,0,0,0,0,106,0,0,0,0,0,149,0,0,0,0,0,0,0,0,0,0,0,0,0,0,0,0,0,0,0,0,164,0,82,0,0,0,0,0,0,68,0,0,0,0,122,0,0,0,0,0,0,122,0,0,0,0,82,0,0,0,0,0,0,
+0,0,0,0,0,0,0,0,0,64,0,0,0,0,0,0,0,0,0,0,0,0,0,66,0,0,68,178,82,0,0,0,0,0,0,0,0,0,0,0,68,0,0,0,0,0,0,0,0,0,0,0,0,0,0,0,0,0,0,0,0,0,0,0,0,0,0,0,0,82,0,0,0,0,0,0,98,0,0,0,0,119,0,0,0,0,0,0,119,0,0,0,0,82,0,0,0,0,0,0,
+0,0,0,0,0,0,0,0,0,104,0,0,0,0,0,0,0,0,0,0,0,0,0,66,0,0,64,0,82,0,0,0,0,0,0,0,0,0,0,0,102,0,0,0,0,0,0,0,0,0,0,0,0,0,0,0,0,0,0,0,0,0,137,0,137,0,0,167,0,82,0,0,0,0,0,0,68,0,0,0,0,151,0,0,0,0,0,0,151,0,0,0,0,82,0,0,0,0,0,0,
 0,0,0,0,0,0,0,0,0,96,0,0,0,0,0,0,0,0,0,0,0,0,0,74,65,109,73,0,82,0,0,0,0,0,0,0,0,0,0,0,64,0,0,0,0,0,0,0,0,0,0,0,0,0,0,0,0,0,0,0,0,0,0,0,0,0,0,0,0,82,0,0,0,0,0,0,102,0,0,0,0,0,0,0,0,0,0,0,0,0,0,0,0,82,0,0,0,0,0,0,
 0,0,0,0,77,65,103,69,109,73,0,0,0,0,0,0,0,0,0,0,0,0,0,0,0,0,0,0,90,81,65,69,65,78,0,0,0,0,0,0,76,71,83,83,83,83,83,83,83,83,83,83,88,0,0,0,0,91,83,83,83,83,83,83,83,83,83,83,83,95,0,0,0,0,0,0,96,0,0,0,0,0,0,0,0,0,0,0,0,0,0,0,0,82,0,0,0,0,0,0,
 0,0,0,0,68,0,0,0,0,0,0,0,0,0,0,0,151,0,0,0,0,151,0,0,0,0,0,0,0,0,0,0,0,70,0,0,0,0,0,0,0,0,0,0,0,0,0,0,0,0,0,0,80,0,0,0,0,82,0,0,0,0,0,0,0,0,0,0,0,0,0,0,0,0,0,0,108,0,0,0,0,0,0,0,0,0,0,0,0,0,0,0,0,82,0,0,0,0,0,0,
@@ -210,7 +210,7 @@
 0,0,0,0,0,0,0,0,0,0,64,0,0,0,0,0,0,0,0,0,0,0,0,0,0,0,0,0,0,0,0,0,0,0,0,0,0,0,0,82,0,0,0,0,0,0,0,0,0,0,0,0,0,0,0,0,0,0,0,0,0,0,0,0,0,0,0,0,0,0,0,0,0,0,0,0,68,0,0,150,0,0,0,0,0,0,0,82,0,0,0,0,0,0,0,0,0,0,0,0,
 0,0,0,0,0,0,0,0,0,0,102,0,0,0,0,0,0,0,0,0,0,0,0,0,0,0,0,0,0,0,0,0,0,0,0,0,0,0,0,82,0,0,0,0,0,0,0,0,0,0,0,0,0,0,0,0,0,0,0,0,0,0,0,0,0,0,0,0,0,0,0,0,0,0,0,0,102,0,0,0,0,0,0,0,0,0,0,82,0,0,0,0,0,0,0,0,0,0,0,0,
 0,0,0,0,0,0,0,0,0,0,68,0,0,0,0,0,0,0,0,0,0,0,0,0,0,0,0,0,0,0,0,0,0,0,0,0,0,0,0,82,0,0,0,0,0,0,0,0,0,0,0,0,0,0,0,0,0,0,0,0,0,0,0,0,0,0,0,0,0,0,0,0,0,0,0,0,106,0,0,0,0,0,0,0,0,0,0,82,0,0,0,0,0,0,0,0,0,0,0,0,
-0,0,0,0,0,0,0,0,0,0,104,0,0,0,0,0,0,0,0,0,0,0,0,0,0,0,0,0,0,0,0,0,0,0,0,0,0,0,0,82,0,0,0,0,0,0,0,0,0,0,0,0,0,0,0,0,0,0,0,0,0,0,0,0,0,0,0,0,0,0,0,0,0,0,0,0,64,0,0,0,0,0,0,0,0,0,0,82,0,0,0,0,0,0,0,0,0,0,0,0,
+0,0,0,0,0,0,0,0,0,0,104,146,0,0,0,0,0,0,0,0,0,0,0,0,0,0,0,0,0,0,0,0,0,0,0,0,0,0,0,82,0,0,0,0,0,0,0,0,0,0,0,0,0,0,0,0,0,0,0,0,0,0,0,0,0,0,0,0,0,0,0,0,0,0,0,0,64,0,0,0,0,0,0,0,0,0,0,82,0,0,0,0,0,0,0,0,0,0,0,0,
 0,0,0,0,0,0,0,0,0,0,108,0,0,0,0,0,0,0,0,0,0,0,151,0,0,0,0,151,0,0,0,0,0,0,0,0,0,0,0,82,0,0,0,0,0,0,0,0,0,0,0,0,0,0,0,0,0,0,0,0,0,0,0,0,0,0,0,0,0,0,0,0,0,0,0,0,76,71,83,83,83,83,83,83,83,83,83,95,0,0,0,0,0,0,0,0,0,0,0,0,
 0,0,0,0,0,0,0,0,0,0,76,71,83,83,83,88,0,0,0,0,0,0,0,0,0,0,0,0,0,0,0,0,0,0,91,83,83,83,83,95,0,0,0,0,0,0,0,0,0,0,0,0,0,0,0,0,0,0,0,0,0,0,0,0,0,0,0,0,0,0,0,0,0,0,0,0,0,0,0,0,0,0,0,0,0,0,0,0,0,0,0,0,0,0,0,0,0,0,0,0,
 0,0,0,0,0,0,0,0,0,0,0,0,0,0,0,80,0,0,0,0,0,0,0,0,0,0,0,0,0,75,67,67,72,120,82,0,0,0,0,0,0,0,0,0,0,0,0,0,0,0,0,0,0,0,0,0,0,0,0,0,0,0,0,0,0,0,0,0,0,0,0,0,0,0,0,0,0,0,0,0,0,0,0,0,0,0,0,0,0,0,0,0,0,0,0,0,0,0,0,0,
@@ -239,7 +239,7 @@
 0,0,0,0,0,0,0,0,0,0,0,0,0,0,0,0,0,0,0,0,0,0,0,0,0,0,0,0,0,0,0,0,0,0,0,0,0,0,0,0,0,0,0,0,0,0,0,0,0,0,0,0,0,0,0,0,0,0,0,0,0,0,0,0,0,0,0,0,0,0,0,0,0,0,0,0,0,0,0,0,0,0,0,0,0,0,0,0,0,0,0,0,0,0,0,0,0,0,0,0
 </data>
  </layer>
- <layer name="collision" width="100" height="100" visible="0">
+ <layer name="collision" width="100" height="100">
   <data encoding="csv">
 3,3,3,3,3,3,3,3,3,3,3,3,3,3,3,3,3,3,3,3,3,3,3,3,3,3,3,3,3,3,3,3,3,3,3,3,3,3,3,3,3,3,3,3,3,3,3,3,3,3,3,3,3,3,3,3,3,3,3,3,3,3,3,3,3,3,3,3,3,3,3,3,3,3,3,3,3,3,3,3,3,3,3,3,3,3,3,3,3,3,3,3,3,3,3,3,3,3,3,3,
 3,3,3,3,3,3,3,3,3,3,3,3,3,3,3,3,3,3,3,3,3,3,3,3,3,3,3,3,3,3,3,3,3,3,3,3,3,3,3,3,3,3,3,3,3,3,3,3,3,3,3,3,3,3,3,3,3,3,3,3,3,3,3,3,3,3,3,3,3,3,3,3,3,3,3,3,3,3,3,3,3,3,3,3,3,3,3,3,3,3,3,3,3,3,3,3,3,3,3,3,
@@ -251,10 +251,10 @@
 3,3,3,3,3,3,3,3,3,3,1,0,0,0,0,0,0,0,4,4,0,0,0,0,0,0,0,1,3,3,3,3,3,3,3,3,3,3,3,3,3,3,3,3,3,3,3,3,3,3,3,3,3,3,3,3,3,3,3,3,3,3,3,3,3,3,3,3,3,3,3,3,3,3,3,3,3,3,3,3,3,3,3,3,3,3,3,3,3,3,3,3,3,3,3,3,3,3,3,3,
 3,3,3,3,3,3,3,3,3,3,1,1,1,1,1,1,1,0,0,0,0,1,1,1,1,1,1,1,3,3,3,3,3,3,3,3,3,3,3,3,3,3,3,3,3,3,3,3,3,3,3,3,3,3,3,3,3,3,3,3,3,3,3,3,3,3,3,3,3,3,3,3,3,3,3,3,3,3,3,3,3,3,3,3,3,3,3,3,3,3,3,3,3,3,3,3,3,3,3,3,
 3,3,3,3,3,3,3,3,3,3,3,3,3,3,3,3,1,0,0,0,0,1,3,3,3,3,3,3,3,3,3,3,3,3,3,3,3,3,3,3,1,1,1,1,1,1,1,1,1,1,1,1,1,3,3,3,3,1,1,1,1,1,1,1,1,1,1,1,1,1,3,3,3,3,3,3,1,1,1,1,1,1,3,3,3,3,3,3,1,1,1,1,1,1,3,3,3,3,3,3,
-3,3,3,3,3,3,3,3,3,3,3,3,3,3,3,3,1,0,0,0,0,1,3,3,3,3,3,3,3,3,3,3,3,3,3,3,3,3,3,3,1,0,2,2,0,4,3,4,0,2,2,0,1,3,3,3,3,1,0,0,0,0,4,3,4,0,0,0,0,1,3,3,3,3,3,3,1,0,0,0,0,1,3,3,3,3,3,3,1,0,0,0,0,1,3,3,3,3,3,3,
-3,3,3,3,3,3,3,3,3,3,3,3,3,3,3,3,1,1,0,0,1,1,3,3,3,3,3,3,3,3,3,3,3,3,3,3,3,3,3,3,1,0,2,0,0,0,0,0,0,0,2,0,1,3,3,3,3,1,0,0,0,0,0,0,0,0,0,0,0,1,3,3,3,3,3,3,1,0,4,0,0,1,3,3,3,3,3,3,1,0,0,4,0,1,3,3,3,3,3,3,
-3,3,3,3,3,3,3,3,3,3,3,3,3,3,3,3,3,1,1,1,1,3,3,3,3,3,3,3,3,3,3,3,3,3,3,3,3,3,3,3,1,0,0,0,0,0,0,0,0,0,0,0,1,3,3,3,3,1,0,0,0,4,0,4,0,4,0,0,0,1,3,3,3,3,3,3,1,0,0,0,0,1,3,3,3,3,3,3,1,0,0,0,0,1,3,3,3,3,3,3,
-3,3,3,3,3,3,3,3,3,3,3,3,3,3,3,3,3,1,1,1,1,3,3,3,3,3,3,3,3,3,3,3,3,3,3,3,3,3,3,3,1,0,0,0,0,0,0,0,0,0,0,0,1,3,3,3,3,1,0,0,0,0,0,0,0,0,0,0,0,1,3,3,3,3,3,3,1,0,0,0,0,1,3,3,3,3,3,3,1,0,0,0,0,1,3,3,3,3,3,3,
+3,3,3,3,3,3,3,3,3,3,3,3,3,3,3,3,1,0,0,0,0,1,3,3,3,3,3,3,3,3,3,3,3,3,3,3,3,3,3,3,1,0,2,2,0,4,4,4,0,2,2,0,1,3,3,3,3,1,0,2,2,0,4,3,4,0,2,2,0,1,3,3,3,3,3,3,1,0,0,0,0,1,3,3,3,3,3,3,1,0,0,0,0,1,3,3,3,3,3,3,
+3,3,3,3,3,3,3,3,3,3,3,3,3,3,3,3,1,1,0,0,1,1,3,3,3,3,3,3,3,3,3,3,3,3,3,3,3,3,3,3,1,0,2,0,0,0,0,0,0,0,2,0,1,3,3,3,3,1,0,2,0,0,0,0,0,0,0,2,0,1,3,3,3,3,3,3,1,0,4,0,0,1,3,3,3,3,3,3,1,0,0,4,0,1,3,3,3,3,3,3,
+3,3,3,3,3,3,3,3,3,3,3,3,3,3,3,3,3,1,1,1,1,3,3,3,3,3,3,3,3,3,3,3,3,3,3,3,3,3,3,3,1,0,2,0,0,0,0,0,0,0,2,0,1,3,3,3,3,1,0,0,0,4,0,4,0,4,0,0,0,1,3,3,3,3,3,3,1,0,0,0,0,1,3,3,3,3,3,3,1,0,0,0,0,1,3,3,3,3,3,3,
+3,3,3,3,3,3,3,3,3,3,3,3,3,3,3,3,3,1,1,1,1,3,3,3,3,3,3,3,3,3,3,3,3,3,3,3,3,3,3,3,1,0,2,2,2,2,2,2,2,2,2,0,1,3,3,3,3,1,0,0,0,0,0,0,0,0,0,0,0,1,3,3,3,3,3,3,1,0,0,0,0,1,3,3,3,3,3,3,1,0,0,0,0,1,3,3,3,3,3,3,
 3,3,3,3,3,3,3,3,3,3,3,3,3,3,3,3,1,1,0,0,1,1,3,3,3,3,3,3,3,3,3,3,3,3,3,3,3,3,3,3,1,0,0,0,0,0,0,0,0,0,0,0,1,3,3,3,3,1,0,0,0,0,0,0,0,0,0,0,0,1,3,3,3,3,3,3,1,0,0,0,0,1,3,3,3,3,3,3,1,0,0,0,0,1,3,3,3,3,3,3,
 3,3,3,3,1,1,1,1,1,1,1,1,1,1,1,1,1,0,0,0,0,1,1,1,1,1,1,1,1,1,1,1,1,1,3,3,3,3,3,3,1,0,0,0,0,0,0,0,0,0,0,0,1,3,3,3,3,1,0,0,0,0,0,0,0,0,0,0,0,1,1,1,1,3,3,1,1,0,0,0,0,1,1,1,1,1,1,1,1,0,0,0,0,1,3,3,3,3,3,3,
 3,3,3,3,1,0,0,0,0,0,0,0,0,0,0,0,0,0,0,0,0,0,0,0,0,0,0,0,0,0,0,0,0,1,3,3,3,3,3,3,1,0,0,0,0,1,1,0,0,0,0,0,1,3,3,3,3,1,0,0,0,0,0,0,0,0,0,0,0,0,0,0,1,1,1,1,0,0,0,0,0,0,0,0,0,0,0,0,0,0,0,0,0,1,3,3,3,3,3,3,
@@ -262,10 +262,10 @@
 3,3,3,3,1,0,0,4,0,4,0,0,0,0,0,0,0,0,0,0,0,0,0,0,0,0,0,0,4,0,4,0,0,1,3,3,3,3,3,3,1,0,0,0,0,1,1,0,0,0,0,0,1,3,3,3,3,1,0,0,0,1,1,1,1,1,1,0,0,0,0,0,0,1,1,0,0,0,0,0,0,0,0,0,0,0,0,0,0,0,0,0,0,1,3,3,3,3,3,3,
 3,3,3,3,1,0,0,0,0,0,0,0,0,0,0,0,0,0,0,0,0,0,0,0,0,0,0,0,0,0,0,0,0,1,3,3,3,3,3,3,1,0,0,0,0,1,1,0,0,0,0,0,1,3,3,3,3,1,0,0,0,1,1,1,1,1,1,2,2,0,0,0,1,1,1,1,0,0,0,0,0,0,0,0,0,0,0,0,0,0,0,0,0,1,3,3,3,3,3,3,
 3,3,3,3,1,0,0,0,0,0,0,0,0,0,0,0,4,0,0,0,0,4,0,0,0,0,0,0,0,0,0,0,0,1,3,3,3,3,3,3,1,0,0,0,0,1,1,0,4,0,0,0,1,1,1,1,1,1,0,0,0,0,0,0,0,0,0,0,2,1,1,1,1,3,3,1,1,0,0,0,0,2,2,0,0,0,0,2,2,0,0,0,0,1,3,3,3,3,3,3,
-3,3,3,3,1,1,1,1,1,1,2,2,2,2,2,2,0,0,0,0,0,0,0,0,0,0,0,0,1,1,1,1,1,1,3,3,3,3,3,3,1,0,0,0,0,1,1,0,0,0,0,0,0,0,0,0,0,0,0,0,0,0,0,4,0,0,0,0,0,1,3,3,3,3,3,3,1,0,0,0,0,2,2,2,2,2,2,2,2,0,0,0,0,1,3,3,3,3,3,3,
-3,3,3,3,3,3,3,3,3,1,2,4,4,4,4,2,0,0,0,0,0,0,0,1,1,1,1,2,1,3,3,3,3,3,3,3,3,3,3,3,1,0,0,0,0,0,4,0,0,0,0,0,0,0,0,0,0,0,0,0,0,0,0,0,0,0,0,4,0,1,3,3,3,3,3,3,1,0,0,0,0,2,2,4,4,4,4,2,2,0,0,0,0,1,3,3,3,3,3,3,
-3,3,3,3,3,3,3,3,3,1,2,4,4,4,4,2,0,0,0,0,0,0,0,1,3,3,1,0,1,3,3,3,3,3,3,3,3,3,3,3,1,0,0,0,0,0,0,0,0,0,0,0,0,0,0,0,0,0,0,0,0,0,0,4,0,0,0,4,0,1,3,3,3,3,3,3,1,0,0,0,0,2,2,4,4,4,4,2,2,0,0,0,0,1,3,3,3,3,3,3,
-3,3,3,3,3,3,3,3,3,1,2,4,4,4,4,2,0,0,0,0,0,0,0,1,3,3,1,0,1,3,3,3,3,3,3,3,3,3,3,3,1,0,0,0,0,0,0,0,0,0,0,0,0,0,0,0,0,0,0,0,0,0,0,0,0,4,0,0,0,1,3,3,3,3,3,3,1,0,0,0,0,4,2,4,4,4,4,2,4,0,0,0,0,1,3,3,3,3,3,3,
+3,3,3,3,1,1,1,1,1,1,2,2,2,2,2,2,0,0,0,0,0,0,0,0,0,0,0,0,1,1,1,1,1,1,3,3,3,3,3,3,1,0,0,0,0,1,1,0,0,0,0,0,0,0,0,0,0,0,0,0,0,0,0,0,0,0,0,0,0,1,3,3,3,3,3,3,1,0,0,0,0,2,2,2,2,2,2,2,2,0,0,0,0,1,3,3,3,3,3,3,
+3,3,3,3,3,3,3,3,3,1,2,4,4,4,4,2,0,0,0,0,0,0,0,1,1,1,1,2,1,3,3,3,3,3,3,3,3,3,3,3,1,0,0,0,0,0,4,0,0,0,0,0,0,0,0,0,0,0,0,0,0,0,0,0,0,0,0,0,0,1,3,3,3,3,3,3,1,0,0,0,0,2,2,4,4,4,4,2,2,0,0,0,0,1,3,3,3,3,3,3,
+3,3,3,3,3,3,3,3,3,1,2,4,4,4,4,2,0,0,0,0,0,0,0,1,3,3,1,0,1,3,3,3,3,3,3,3,3,3,3,3,1,0,0,0,0,0,0,0,0,0,0,0,0,0,0,0,0,0,0,0,0,0,0,0,0,0,0,0,0,1,3,3,3,3,3,3,1,0,0,0,0,2,2,4,4,4,4,2,2,0,0,0,0,1,3,3,3,3,3,3,
+3,3,3,3,3,3,3,3,3,1,2,4,4,4,4,2,0,0,0,0,0,0,0,1,3,3,1,0,1,3,3,3,3,3,3,3,3,3,3,3,1,0,0,0,0,0,0,0,0,0,0,0,0,0,0,0,0,0,0,0,0,0,0,0,0,0,0,0,0,1,3,3,3,3,3,3,1,0,0,0,0,4,2,4,4,4,4,2,4,0,0,0,0,1,3,3,3,3,3,3,
 3,3,3,3,3,3,3,3,3,1,2,4,4,4,4,2,0,0,0,0,0,0,0,1,1,1,1,0,1,3,3,3,3,3,3,3,3,3,3,3,1,0,0,0,0,0,0,0,0,0,0,0,0,0,0,0,0,0,0,0,0,0,0,0,0,0,0,0,0,1,3,3,3,3,3,3,1,0,0,0,0,0,2,4,4,4,4,2,0,0,0,0,0,1,3,3,3,3,3,3,
 3,3,3,3,1,1,1,1,1,1,2,2,2,2,2,2,0,0,0,0,0,0,0,0,0,0,0,0,1,1,1,1,1,1,3,3,3,3,3,3,1,1,1,1,1,1,1,1,1,1,1,1,1,0,0,0,0,1,1,1,1,1,1,1,1,1,1,1,1,1,3,3,3,3,3,3,1,0,0,0,0,0,2,4,4,4,4,2,0,0,0,0,0,1,3,3,3,3,3,3,
 3,3,3,3,1,0,0,0,0,0,0,0,0,0,0,0,4,0,0,0,0,4,0,0,0,0,0,0,0,0,0,0,0,1,3,3,3,3,3,3,3,3,3,3,3,3,3,3,3,3,3,3,1,0,0,0,0,1,3,3,3,3,3,3,3,3,3,3,3,3,3,3,3,3,3,3,1,0,0,0,0,0,2,4,4,4,4,2,0,0,0,0,0,1,3,3,3,3,3,3,
@@ -417,9 +417,10 @@
     <property name="unset_status" value="emp_nasu_s2_on"/>
    </properties>
   </object>
-  <object id="8" name="open door 1" type="event" x="2432" y="1856" width="352" height="512">
+  <object id="8" name="open door 1" type="event" x="2464" y="2496" width="32" height="32">
    <properties>
-    <property name="mapmod" value="collision,74,65,0;collision,75,65,0;collision,74,66,0;collision,75,66,0;object,75,65,0;object,75,66,0;object,74,64,213;object,74,67,219"/>
+    <property name="activate" value="static"/>
+    <property name="mapmod" value="collision,74,65,0;collision,75,65,0;collision,74,66,0;collision,75,66,0;object,75,65,0;object,75,66,0;object,74,64,213;object,74,67,219;background,82,61,60"/>
     <property name="repeat" value="false"/>
     <property name="requires_not_status" value="emp_nasu_door1"/>
     <property name="requires_status" value="emp_nasu_s1_off,emp_nasu_s2_on"/>
@@ -430,7 +431,7 @@
   <object id="9" name="open door 1 (on_load)" type="event" x="2464" y="2560" width="32" height="32">
    <properties>
     <property name="activate" value="on_load"/>
-    <property name="mapmod" value="collision,74,65,0;collision,75,65,0;collision,74,66,0;collision,75,66,0;object,75,65,0;object,75,66,0;object,74,64,213;object,74,67,219;object,79,61,166"/>
+    <property name="mapmod" value="collision,74,65,0;collision,75,65,0;collision,74,66,0;collision,75,66,0;object,75,65,0;object,75,66,0;object,74,64,213;object,74,67,219;object,79,61,166;background,82,61,60"/>
     <property name="requires_status" value="emp_nasu_door1"/>
    </properties>
   </object>
@@ -451,7 +452,7 @@
   <object id="11" name="open door 2 (on_load)" type="event" x="1920" y="96" width="32" height="32">
    <properties>
     <property name="activate" value="on_load"/>
-    <property name="mapmod" value="collision,73,17,0;collision,74,17,0;collision,73,18,0;collision,74,18,0;object,74,17,0;object,74,18,0;object,74,16,209;object,74,19,223;object,61,12,166;object,65,12,166"/>
+    <property name="mapmod" value="collision,73,17,0;collision,74,17,0;collision,73,18,0;collision,74,18,0;object,74,17,0;object,74,18,0;object,74,16,209;object,74,19,223;object,61,12,166;object,65,12,166;background,61,22,60;background,65,22,61"/>
     <property name="requires_status" value="emp_nasu_door2"/>
    </properties>
   </object>
@@ -533,9 +534,10 @@
     <property name="unset_status" value="emp_nasu_s5_off"/>
    </properties>
   </object>
-  <object id="18" name="open door 2" type="event" x="1856" y="320" width="480" height="512">
+  <object id="18" name="open door 2" type="event" x="1920" y="32" width="32" height="32">
    <properties>
-    <property name="mapmod" value="collision,73,17,0;collision,74,17,0;collision,73,18,0;collision,74,18,0;object,74,17,0;object,74,18,0;object,74,16,209;object,74,19,223"/>
+    <property name="activate" value="static"/>
+    <property name="mapmod" value="collision,73,17,0;collision,74,17,0;collision,73,18,0;collision,74,18,0;object,74,17,0;object,74,18,0;object,74,16,209;object,74,19,223;background,61,22,60;background,65,22,61"/>
     <property name="requires_not_status" value="emp_nasu_door2"/>
     <property name="requires_status" value="emp_nasu_s3_on,emp_nasu_s4_off,emp_nasu_s5_on"/>
     <property name="set_status" value="emp_nasu_door2"/>
@@ -573,7 +575,7 @@
   <object id="22" name="open door 3 (on_load)" type="event" x="2560" y="32" width="32" height="32">
    <properties>
     <property name="activate" value="on_load"/>
-    <property name="mapmod" value="collision,73,41,0;collision,74,41,0;collision,73,42,0;collision,74,42,0;object,74,41,0;object,74,42,0;object,73,40,213;object,73,43,219;object,91,11,166;object,78,48,166;object,91,48,166"/>
+    <property name="mapmod" value="collision,73,41,0;collision,74,41,0;collision,73,42,0;collision,74,42,0;object,74,41,0;object,74,42,0;object,73,40,213;object,73,43,219;object,91,11,166;object,78,48,166;object,91,48,166;background,90,25,60;background,79,35,61;background,90,35,62"/>
     <property name="requires_status" value="emp_nasu_door3"/>
    </properties>
   </object>
@@ -669,9 +671,10 @@
     <property name="unset_status" value="emp_nasu_s9_on"/>
    </properties>
   </object>
-  <object id="30" name="open door 3" type="event" x="2400" y="320" width="576" height="1280">
+  <object id="30" name="open door 3" type="event" x="2624" y="32" width="32" height="32">
    <properties>
-    <property name="mapmod" value="collision,73,41,0;collision,74,41,0;collision,73,42,0;collision,74,42,0;object,74,41,0;object,74,42,0;object,73,40,213;object,73,43,219"/>
+    <property name="activate" value="static"/>
+    <property name="mapmod" value="collision,73,41,0;collision,74,41,0;collision,73,42,0;collision,74,42,0;object,74,41,0;object,74,42,0;object,73,40,213;object,73,43,219;background,90,25,60;background,79,35,61;background,90,35,62"/>
     <property name="requires_not_status" value="emp_nasu_door3"/>
     <property name="requires_status" value="emp_nasu_s6_off,emp_nasu_s7_on,emp_nasu_s8_on,emp_nasu_s9_on"/>
     <property name="set_status" value="emp_nasu_door3"/>
@@ -714,7 +717,7 @@
   <object id="34" name="open door 5 (on_load)" type="event" x="512" y="1504" width="32" height="32">
    <properties>
     <property name="activate" value="on_load"/>
-    <property name="mapmod" value="collision,18,12,0;collision,19,12,0;collision,18,13,0;collision,19,13,0;object,18,13,0;object,19,13,0;object,17,12,208;object,20,12,222;object,7,41,166;object,20,36,166;object,9,18,166;object,28,18,166"/>
+    <property name="mapmod" value="collision,18,12,0;collision,19,12,0;collision,18,13,0;collision,19,13,0;object,18,13,0;object,19,13,0;object,17,12,208;object,20,12,222;object,7,41,166;object,20,36,166;object,9,18,166;object,28,18,166;background,26,65,60;background,13,60,61;background,15,83,62;background,34,83,63"/>
     <property name="requires_status" value="emp_nasu_door5"/>
    </properties>
   </object>
@@ -936,9 +939,10 @@
     <property name="unset_status" value="emp_nasu_s17_off"/>
    </properties>
   </object>
-  <object id="53" name="open door 5" type="event" x="160" y="416" width="896" height="992">
+  <object id="53" name="open door 5" type="event" x="576" y="1504" width="32" height="32">
    <properties>
-    <property name="mapmod" value="collision,18,12,0;collision,19,12,0;collision,18,13,0;collision,19,13,0;object,18,13,0;object,19,13,0;object,17,12,208;object,20,12,222"/>
+    <property name="activate" value="static"/>
+    <property name="mapmod" value="collision,18,12,0;collision,19,12,0;collision,18,13,0;collision,19,13,0;object,18,13,0;object,19,13,0;object,17,12,208;object,20,12,222;background,26,65,60;background,13,60,61;background,15,83,62;background,34,83,63"/>
     <property name="requires_not_status" value="emp_nasu_door5"/>
     <property name="requires_status" value="emp_nasu_s10_on,emp_nasu_s11_off,emp_nasu_s12_off,emp_nasu_s13_on,emp_nasu_s14_off,emp_nasu_s15_on,emp_nasu_s16_on,emp_nasu_s17_off"/>
     <property name="set_status" value="emp_nasu_door5"/>
@@ -953,12 +957,12 @@
     <property name="soundfx" value="soundfx/powers/teleport.ogg,0,0"/>
    </properties>
   </object>
-  <object id="55" name="Barrel" type="event" x="2144" y="736" width="32" height="32">
+  <object id="55" name="Barrel" type="event" x="352" y="2336" width="32" height="32">
    <properties>
     <property name="activate" value="on_trigger"/>
     <property name="hotspot" value="location"/>
     <property name="loot" value="loot/level_10.txt"/>
-    <property name="mapmod" value="object,67,23,162"/>
+    <property name="mapmod" value="object,11,73,162"/>
     <property name="repeat" value="false"/>
     <property name="soundfx" value="soundfx/wood_open.ogg"/>
     <property name="tooltip" value="Barrel"/>
@@ -1088,8 +1092,45 @@
     <property name="set_status" value="emp_fig_3"/>
    </properties>
   </object>
+  <object id="97" name="brazier sound effect" type="event" x="2144" y="768" width="32" height="32">
+   <properties>
+    <property name="activate" value="on_load"/>
+    <property name="soundfx" value="soundfx/environment/open_fire_loop.ogg"/>
+   </properties>
+  </object>
+  <object id="98" type="event" x="1472" y="704" width="32" height="32">
+   <properties>
+    <property name="activate" value="on_trigger"/>
+    <property name="hotspot" value="location"/>
+    <property name="intramap" value="44,11"/>
+    <property name="mapmod" value="object,46,22,165"/>
+    <property name="repeat" value="false"/>
+    <property name="soundfx" value="soundfx/powers/teleport.ogg,0,0"/>
+    <property name="tooltip" value="Strange Book"/>
+   </properties>
+  </object>
+  <object id="99" type="event" x="1376" y="320" width="224" height="96">
+   <properties>
+    <property name="activate" value="on_trigger"/>
+    <property name="mapmod" value="background,48,13,51;collision,48,13,0"/>
+    <property name="repeat" value="false"/>
+    <property name="soundfx" value="soundfx/door_open.ogg,0,0"/>
+   </properties>
+  </object>
+  <object id="100" name="Treasure Chest" type="event" x="1472" y="320" width="32" height="32">
+   <properties>
+    <property name="activate" value="on_trigger"/>
+    <property name="hotspot" value="location"/>
+    <property name="loot" value="loot/level_10.txt"/>
+    <property name="loot_count" value="1,2"/>
+    <property name="mapmod" value="object,46,10,160"/>
+    <property name="repeat" value="false"/>
+    <property name="soundfx" value="soundfx/wood_open.ogg"/>
+    <property name="tooltip" value="Treasure Chest"/>
+   </properties>
+  </object>
  </objectgroup>
- <objectgroup name="enemy">
+ <objectgroup name="enemy" visible="0">
   <object id="63" type="enemy" x="1888" y="2048" width="416" height="128">
    <properties>
     <property name="category" value="dungeon"/>
