diff --git a/mods/empyrean_campaign/maps/st_maria_1.txt b/mods/empyrean_campaign/maps/st_maria_1.txt
index 00f8270f28909d7b0c86fe9968b914900d8ed043..4352ec833736a912738c5a750f6c1a8f9a6241a9 100644
--- a/mods/empyrean_campaign/maps/st_maria_1.txt
+++ b/mods/empyrean_campaign/maps/st_maria_1.txt
@@ -192,7 +192,7 @@ data=
 3,3,3,3,1,1,0,0,1,1,4,4,4,4,4,4,4,4,4,4,2,4,0,0,4,2,4,4,4,4,4,4,4,4,1,1,1,1,0,0,1,1,1,1,4,4,4,4,4,4,4,4,2,1,0,0,1,0,0,0,0,1,1,1,1,1,1,1,1,1,
 3,3,3,3,1,0,0,0,0,1,4,4,4,4,4,4,4,4,4,4,2,4,0,0,4,2,4,4,4,4,4,4,4,4,4,4,4,1,1,1,1,4,4,4,4,4,4,4,4,4,4,4,2,0,0,0,0,0,0,0,0,1,3,3,3,3,3,3,3,3,
 3,3,3,3,1,0,0,0,0,1,4,4,4,4,4,4,4,4,4,4,2,4,4,4,4,2,4,4,4,4,4,4,4,4,4,4,4,1,1,1,1,4,4,4,4,4,4,4,4,4,4,4,2,0,0,0,0,0,0,0,0,1,3,3,3,3,3,3,3,3,
-3,3,3,3,1,0,0,0,0,1,4,4,4,4,4,4,4,4,4,4,2,4,4,4,4,2,4,4,4,4,4,4,1,1,1,1,1,1,0,0,1,1,1,1,1,1,4,4,4,4,4,4,2,1,0,0,4,0,0,0,0,1,3,3,3,3,3,3,3,3,
+3,3,3,3,1,0,0,0,0,1,4,4,4,4,4,4,4,4,4,4,2,3,4,4,3,2,4,4,4,4,4,4,1,1,1,1,1,1,0,0,1,1,1,1,1,1,4,4,4,4,4,4,2,1,0,0,4,0,0,0,0,1,3,3,3,3,3,3,3,3,
 3,3,3,3,1,0,0,0,0,1,4,4,4,4,4,4,4,4,4,4,2,2,2,2,2,2,4,4,4,4,4,4,1,0,0,0,0,0,0,0,0,0,0,0,0,1,4,4,4,4,4,4,2,4,0,0,0,0,0,0,0,1,3,3,3,3,3,3,3,3,
 3,3,3,3,1,0,0,0,0,1,4,4,4,4,4,4,4,4,4,4,4,4,4,4,4,4,4,4,4,4,4,4,1,0,0,0,0,0,0,0,0,0,0,0,0,1,4,4,4,4,4,4,2,4,0,0,0,0,0,0,0,1,3,3,3,3,3,3,3,3,
 3,3,3,3,1,0,0,0,0,1,4,4,4,4,4,4,4,4,4,4,4,4,4,4,4,4,4,4,4,4,4,4,1,2,2,2,2,0,0,0,0,2,2,2,2,1,4,4,4,4,4,4,2,0,4,0,0,0,0,0,0,1,3,3,3,3,3,3,3,3,
@@ -201,7 +201,7 @@ data=
 3,3,3,3,1,0,0,0,0,1,4,4,4,4,4,4,4,4,4,4,4,4,4,4,4,4,4,4,4,4,4,4,1,2,0,4,4,0,0,0,0,4,4,0,2,1,4,4,4,4,4,4,2,0,4,0,0,0,0,0,0,1,3,3,3,3,3,3,3,3,
 3,3,3,3,1,0,0,0,0,1,4,4,4,4,4,4,4,4,4,4,4,4,4,4,4,4,4,4,4,4,4,4,1,2,4,0,0,0,0,0,0,0,0,4,2,1,4,4,4,4,4,4,2,4,0,0,0,0,0,0,0,1,3,3,3,3,3,3,3,3,
 3,3,3,3,1,0,0,0,0,1,4,4,4,4,4,4,4,4,4,4,2,2,2,2,2,2,4,4,4,4,4,4,1,2,2,2,2,0,0,0,0,2,2,2,2,1,4,4,4,4,4,4,2,4,0,0,0,0,0,0,0,1,3,3,3,3,3,3,3,3,
-3,3,3,3,1,0,0,0,0,1,4,4,4,4,4,4,4,4,4,4,2,4,4,4,4,2,4,4,4,4,4,4,1,0,0,0,0,0,0,0,0,0,0,0,0,1,4,4,4,4,4,4,2,1,0,0,4,0,0,0,0,1,3,3,3,3,3,3,3,3,
+3,3,3,3,1,0,0,0,0,1,4,4,4,4,4,4,4,4,4,4,2,3,4,4,3,2,4,4,4,4,4,4,1,0,0,0,0,0,0,0,0,0,0,0,0,1,4,4,4,4,4,4,2,1,0,0,4,0,0,0,0,1,3,3,3,3,3,3,3,3,
 3,3,3,3,1,0,0,0,0,1,4,4,4,4,4,4,4,4,4,4,2,4,0,4,4,2,4,4,4,4,4,4,1,0,0,0,0,0,0,0,0,0,0,0,0,1,4,4,4,4,4,4,2,0,0,0,0,0,0,0,0,1,3,3,3,3,3,3,3,3,
 3,3,3,3,1,0,0,0,0,1,4,4,4,4,4,4,4,4,4,4,2,4,0,0,4,2,4,4,4,4,4,4,1,0,0,0,0,0,0,0,0,0,0,0,0,1,4,4,4,4,4,4,2,0,0,0,0,0,0,0,0,1,3,3,3,3,3,3,3,3,
 3,3,3,3,1,1,0,0,1,1,4,4,4,4,4,4,4,4,4,4,2,4,0,0,4,2,4,4,4,4,4,4,1,0,0,0,0,0,0,0,0,0,0,0,0,1,4,4,4,4,4,4,2,1,0,0,1,0,0,0,0,1,1,1,1,1,1,1,1,1,
@@ -230,9 +230,9 @@ data=
 3,3,3,3,3,3,3,3,3,3,3,3,3,3,3,3,3,3,3,3,3,3,3,3,3,3,3,3,3,3,3,3,3,3,3,3,1,0,0,0,0,1,3,3,3,3,3,3,3,3,3,3,3,3,3,3,3,3,3,3,3,3,3,3,3,3,3,3,3,3,
 3,3,3,3,3,3,3,3,3,3,3,3,3,3,3,3,3,3,3,3,3,3,3,3,3,3,3,3,3,3,3,3,3,3,1,1,1,0,0,0,0,1,1,1,3,3,3,3,3,3,3,3,3,3,3,3,3,3,3,3,3,3,3,3,3,3,3,3,3,3,
 3,3,3,3,3,3,3,3,3,3,3,3,3,3,3,3,3,3,3,3,3,3,3,3,3,3,3,3,3,3,3,3,3,3,1,0,0,0,0,0,0,0,0,1,3,3,3,3,3,3,3,3,3,3,3,3,3,3,3,3,3,3,3,3,3,3,3,3,3,3,
-3,3,3,3,3,3,3,3,3,3,3,3,3,3,3,3,3,3,3,3,3,3,3,3,3,3,3,3,3,3,3,3,3,3,1,0,1,0,0,0,0,1,0,1,3,3,3,3,3,3,3,3,3,3,3,3,3,3,3,3,3,3,3,3,3,3,3,3,3,3,
+3,3,3,3,3,3,3,3,3,3,3,3,3,3,3,3,3,3,3,3,3,3,3,3,3,3,3,3,3,3,3,3,3,3,1,0,3,0,0,0,0,3,0,1,3,3,3,3,3,3,3,3,3,3,3,3,3,3,3,3,3,3,3,3,3,3,3,3,3,3,
 3,3,3,3,3,3,3,3,3,3,3,3,3,3,3,3,3,3,3,3,3,3,3,3,3,3,3,3,3,3,3,3,3,3,1,0,0,0,0,0,0,0,0,1,3,3,3,3,3,3,3,3,3,3,3,3,3,3,3,3,3,3,3,3,3,3,3,3,3,3,
-3,3,3,3,3,3,3,3,3,3,3,3,3,3,3,3,3,3,3,3,3,3,3,3,3,3,3,3,3,3,3,3,3,3,1,0,1,0,0,0,0,1,0,1,3,3,3,3,3,3,3,3,3,3,3,3,3,3,3,3,3,3,3,3,3,3,3,3,3,3,
+3,3,3,3,3,3,3,3,3,3,3,3,3,3,3,3,3,3,3,3,3,3,3,3,3,3,3,3,3,3,3,3,3,3,1,0,3,0,0,0,0,3,0,1,3,3,3,3,3,3,3,3,3,3,3,3,3,3,3,3,3,3,3,3,3,3,3,3,3,3,
 3,3,3,3,3,3,3,3,3,3,3,3,3,3,3,3,3,3,3,3,3,3,3,3,3,3,3,3,3,3,3,3,3,3,1,0,0,0,0,0,0,0,0,1,3,3,3,3,3,3,3,3,3,3,3,3,3,3,3,3,3,3,3,3,3,3,3,3,3,3,
 3,3,3,3,3,3,3,3,3,3,3,3,3,3,3,3,3,3,3,3,3,3,3,3,3,3,3,3,3,3,3,3,3,3,1,0,0,0,0,0,0,0,0,1,3,3,3,3,3,3,3,3,3,3,3,3,3,3,3,3,3,3,3,3,3,3,3,3,3,3,
 3,3,3,3,3,3,3,3,3,3,3,3,3,3,3,3,3,3,3,3,3,3,3,3,3,3,3,3,3,3,3,3,3,3,1,0,0,0,0,0,0,0,0,1,3,3,3,3,3,3,3,3,3,3,3,3,3,3,3,3,3,3,3,3,3,3,3,3,3,3,
diff --git a/tiled/empyrean_campaign/st_maria_1.tmx b/tiled/empyrean_campaign/st_maria_1.tmx
index 930d79b9b4c68fc5eac21e8d06947f0ab652031e..5094548492d758ff69fa6ec51356ef640c897e55 100644
--- a/tiled/empyrean_campaign/st_maria_1.tmx
+++ b/tiled/empyrean_campaign/st_maria_1.tmx
@@ -204,7 +204,7 @@
 3,3,3,3,1,1,0,0,1,1,4,4,4,4,4,4,4,4,4,4,2,4,0,0,4,2,4,4,4,4,4,4,4,4,1,1,1,1,0,0,1,1,1,1,4,4,4,4,4,4,4,4,2,1,0,0,1,0,0,0,0,1,1,1,1,1,1,1,1,1,
 3,3,3,3,1,0,0,0,0,1,4,4,4,4,4,4,4,4,4,4,2,4,0,0,4,2,4,4,4,4,4,4,4,4,4,4,4,1,1,1,1,4,4,4,4,4,4,4,4,4,4,4,2,0,0,0,0,0,0,0,0,1,3,3,3,3,3,3,3,3,
 3,3,3,3,1,0,0,0,0,1,4,4,4,4,4,4,4,4,4,4,2,4,4,4,4,2,4,4,4,4,4,4,4,4,4,4,4,1,1,1,1,4,4,4,4,4,4,4,4,4,4,4,2,0,0,0,0,0,0,0,0,1,3,3,3,3,3,3,3,3,
-3,3,3,3,1,0,0,0,0,1,4,4,4,4,4,4,4,4,4,4,2,4,4,4,4,2,4,4,4,4,4,4,1,1,1,1,1,1,0,0,1,1,1,1,1,1,4,4,4,4,4,4,2,1,0,0,4,0,0,0,0,1,3,3,3,3,3,3,3,3,
+3,3,3,3,1,0,0,0,0,1,4,4,4,4,4,4,4,4,4,4,2,3,4,4,3,2,4,4,4,4,4,4,1,1,1,1,1,1,0,0,1,1,1,1,1,1,4,4,4,4,4,4,2,1,0,0,4,0,0,0,0,1,3,3,3,3,3,3,3,3,
 3,3,3,3,1,0,0,0,0,1,4,4,4,4,4,4,4,4,4,4,2,2,2,2,2,2,4,4,4,4,4,4,1,0,0,0,0,0,0,0,0,0,0,0,0,1,4,4,4,4,4,4,2,4,0,0,0,0,0,0,0,1,3,3,3,3,3,3,3,3,
 3,3,3,3,1,0,0,0,0,1,4,4,4,4,4,4,4,4,4,4,4,4,4,4,4,4,4,4,4,4,4,4,1,0,0,0,0,0,0,0,0,0,0,0,0,1,4,4,4,4,4,4,2,4,0,0,0,0,0,0,0,1,3,3,3,3,3,3,3,3,
 3,3,3,3,1,0,0,0,0,1,4,4,4,4,4,4,4,4,4,4,4,4,4,4,4,4,4,4,4,4,4,4,1,2,2,2,2,0,0,0,0,2,2,2,2,1,4,4,4,4,4,4,2,0,4,0,0,0,0,0,0,1,3,3,3,3,3,3,3,3,
@@ -213,7 +213,7 @@
 3,3,3,3,1,0,0,0,0,1,4,4,4,4,4,4,4,4,4,4,4,4,4,4,4,4,4,4,4,4,4,4,1,2,0,4,4,0,0,0,0,4,4,0,2,1,4,4,4,4,4,4,2,0,4,0,0,0,0,0,0,1,3,3,3,3,3,3,3,3,
 3,3,3,3,1,0,0,0,0,1,4,4,4,4,4,4,4,4,4,4,4,4,4,4,4,4,4,4,4,4,4,4,1,2,4,0,0,0,0,0,0,0,0,4,2,1,4,4,4,4,4,4,2,4,0,0,0,0,0,0,0,1,3,3,3,3,3,3,3,3,
 3,3,3,3,1,0,0,0,0,1,4,4,4,4,4,4,4,4,4,4,2,2,2,2,2,2,4,4,4,4,4,4,1,2,2,2,2,0,0,0,0,2,2,2,2,1,4,4,4,4,4,4,2,4,0,0,0,0,0,0,0,1,3,3,3,3,3,3,3,3,
-3,3,3,3,1,0,0,0,0,1,4,4,4,4,4,4,4,4,4,4,2,4,4,4,4,2,4,4,4,4,4,4,1,0,0,0,0,0,0,0,0,0,0,0,0,1,4,4,4,4,4,4,2,1,0,0,4,0,0,0,0,1,3,3,3,3,3,3,3,3,
+3,3,3,3,1,0,0,0,0,1,4,4,4,4,4,4,4,4,4,4,2,3,4,4,3,2,4,4,4,4,4,4,1,0,0,0,0,0,0,0,0,0,0,0,0,1,4,4,4,4,4,4,2,1,0,0,4,0,0,0,0,1,3,3,3,3,3,3,3,3,
 3,3,3,3,1,0,0,0,0,1,4,4,4,4,4,4,4,4,4,4,2,4,0,4,4,2,4,4,4,4,4,4,1,0,0,0,0,0,0,0,0,0,0,0,0,1,4,4,4,4,4,4,2,0,0,0,0,0,0,0,0,1,3,3,3,3,3,3,3,3,
 3,3,3,3,1,0,0,0,0,1,4,4,4,4,4,4,4,4,4,4,2,4,0,0,4,2,4,4,4,4,4,4,1,0,0,0,0,0,0,0,0,0,0,0,0,1,4,4,4,4,4,4,2,0,0,0,0,0,0,0,0,1,3,3,3,3,3,3,3,3,
 3,3,3,3,1,1,0,0,1,1,4,4,4,4,4,4,4,4,4,4,2,4,0,0,4,2,4,4,4,4,4,4,1,0,0,0,0,0,0,0,0,0,0,0,0,1,4,4,4,4,4,4,2,1,0,0,1,0,0,0,0,1,1,1,1,1,1,1,1,1,
@@ -242,9 +242,9 @@
 3,3,3,3,3,3,3,3,3,3,3,3,3,3,3,3,3,3,3,3,3,3,3,3,3,3,3,3,3,3,3,3,3,3,3,3,1,0,0,0,0,1,3,3,3,3,3,3,3,3,3,3,3,3,3,3,3,3,3,3,3,3,3,3,3,3,3,3,3,3,
 3,3,3,3,3,3,3,3,3,3,3,3,3,3,3,3,3,3,3,3,3,3,3,3,3,3,3,3,3,3,3,3,3,3,1,1,1,0,0,0,0,1,1,1,3,3,3,3,3,3,3,3,3,3,3,3,3,3,3,3,3,3,3,3,3,3,3,3,3,3,
 3,3,3,3,3,3,3,3,3,3,3,3,3,3,3,3,3,3,3,3,3,3,3,3,3,3,3,3,3,3,3,3,3,3,1,0,0,0,0,0,0,0,0,1,3,3,3,3,3,3,3,3,3,3,3,3,3,3,3,3,3,3,3,3,3,3,3,3,3,3,
-3,3,3,3,3,3,3,3,3,3,3,3,3,3,3,3,3,3,3,3,3,3,3,3,3,3,3,3,3,3,3,3,3,3,1,0,1,0,0,0,0,1,0,1,3,3,3,3,3,3,3,3,3,3,3,3,3,3,3,3,3,3,3,3,3,3,3,3,3,3,
+3,3,3,3,3,3,3,3,3,3,3,3,3,3,3,3,3,3,3,3,3,3,3,3,3,3,3,3,3,3,3,3,3,3,1,0,3,0,0,0,0,3,0,1,3,3,3,3,3,3,3,3,3,3,3,3,3,3,3,3,3,3,3,3,3,3,3,3,3,3,
 3,3,3,3,3,3,3,3,3,3,3,3,3,3,3,3,3,3,3,3,3,3,3,3,3,3,3,3,3,3,3,3,3,3,1,0,0,0,0,0,0,0,0,1,3,3,3,3,3,3,3,3,3,3,3,3,3,3,3,3,3,3,3,3,3,3,3,3,3,3,
-3,3,3,3,3,3,3,3,3,3,3,3,3,3,3,3,3,3,3,3,3,3,3,3,3,3,3,3,3,3,3,3,3,3,1,0,1,0,0,0,0,1,0,1,3,3,3,3,3,3,3,3,3,3,3,3,3,3,3,3,3,3,3,3,3,3,3,3,3,3,
+3,3,3,3,3,3,3,3,3,3,3,3,3,3,3,3,3,3,3,3,3,3,3,3,3,3,3,3,3,3,3,3,3,3,1,0,3,0,0,0,0,3,0,1,3,3,3,3,3,3,3,3,3,3,3,3,3,3,3,3,3,3,3,3,3,3,3,3,3,3,
 3,3,3,3,3,3,3,3,3,3,3,3,3,3,3,3,3,3,3,3,3,3,3,3,3,3,3,3,3,3,3,3,3,3,1,0,0,0,0,0,0,0,0,1,3,3,3,3,3,3,3,3,3,3,3,3,3,3,3,3,3,3,3,3,3,3,3,3,3,3,
 3,3,3,3,3,3,3,3,3,3,3,3,3,3,3,3,3,3,3,3,3,3,3,3,3,3,3,3,3,3,3,3,3,3,1,0,0,0,0,0,0,0,0,1,3,3,3,3,3,3,3,3,3,3,3,3,3,3,3,3,3,3,3,3,3,3,3,3,3,3,
 3,3,3,3,3,3,3,3,3,3,3,3,3,3,3,3,3,3,3,3,3,3,3,3,3,3,3,3,3,3,3,3,3,3,1,0,0,0,0,0,0,0,0,1,3,3,3,3,3,3,3,3,3,3,3,3,3,3,3,3,3,3,3,3,3,3,3,3,3,3,
