diff --git a/mods/empyrean_campaign/maps/goblin_camp.txt b/mods/empyrean_campaign/maps/goblin_camp.txt
index 4c1c04480e5f404b1b1b4cf72a92ffc1e2d99d60..2ffba141d0cbd0cabbf955e56d019f73d82b2454 100644
--- a/mods/empyrean_campaign/maps/goblin_camp.txt
+++ b/mods/empyrean_campaign/maps/goblin_camp.txt
@@ -1,216 +1,450 @@
-[header]
-width=60
-height=60
-tilewidth=64
-tileheight=32
-music=music/overworld_theme.ogg
-tileset=tilesetdefs/tileset_grassland.txt
-title=Goblin Camp
-
-[tilesets]
-tileset=../../../../flare-game/tiled/grassland/tiled_collision.png,64,32,0,0
-tileset=../../../../flare-game/tiled/grassland/grassland.png,64,128,0,0
-tileset=../../../../flare-game/tiled/grassland/grassland_water.png,64,64,0,32
-tileset=../../../../flare-game/tiled/grassland/grassland_structures.png,64,256,0,0
-tileset=../../../../flare-game/tiled/grassland/grassland_trees.png,128,256,-32,0
-tileset=../../../../flare-game/tiled/grassland/set_rules.png,64,32,0,0
-tileset=../../../../flare-game/tiled/grassland/tiled_grassland_2x2.png,128,64,0,16
-
-[layer]
-type=background
-data=
-0,0,0,0,0,0,0,0,0,0,0,0,0,0,0,0,0,0,0,0,0,0,0,0,0,0,0,0,0,0,0,0,0,0,0,0,0,0,0,0,0,0,0,0,0,0,0,0,0,0,0,0,0,0,0,0,0,0,0,0,
-0,0,0,19,16,17,18,19,144,176,177,178,179,176,150,0,0,0,0,0,0,0,0,0,0,0,0,0,0,0,0,0,0,0,0,0,0,0,0,0,0,0,0,0,0,0,0,0,0,0,0,0,0,0,0,0,0,0,0,0,
-0,0,0,23,20,21,22,23,144,180,181,182,183,180,146,0,0,0,0,0,0,0,0,0,0,0,0,0,0,0,0,0,0,0,0,0,0,0,0,0,0,0,0,0,0,0,0,0,0,0,0,0,0,0,0,0,0,0,0,0,
-0,0,0,27,24,25,26,27,159,163,185,186,187,184,150,17,0,0,0,17,18,0,0,0,0,0,0,0,0,0,0,0,0,0,0,0,0,0,0,0,0,0,0,0,0,0,0,0,0,0,0,0,0,0,0,0,0,0,0,0,
-0,0,0,31,28,29,30,31,28,144,189,190,191,188,150,21,22,0,20,21,22,23,20,0,0,0,0,0,0,0,0,0,0,0,0,0,0,0,0,0,0,0,0,0,0,0,0,0,0,0,0,0,0,0,0,0,0,0,0,0,
-0,0,0,0,16,17,18,19,16,144,186,186,179,176,165,153,26,27,24,25,26,27,24,25,26,0,0,0,0,0,0,0,0,0,0,0,0,0,0,0,0,0,0,0,0,0,0,0,0,0,0,0,0,0,0,0,0,0,0,0,
-0,0,0,0,20,21,22,23,38,192,204,202,183,202,198,194,36,39,36,38,38,47,28,29,30,0,0,0,0,0,0,0,0,0,0,0,0,0,0,0,0,0,0,0,0,0,0,0,0,0,0,0,0,0,0,0,0,0,0,0,
-0,0,0,0,0,25,26,27,24,144,185,186,187,184,185,150,18,45,39,38,37,40,16,17,18,19,0,0,0,0,0,0,0,0,0,0,0,0,0,0,0,0,0,0,0,0,0,0,0,0,0,0,0,0,0,0,0,0,0,0,
-0,0,0,0,0,29,30,31,152,164,189,190,191,188,162,158,22,23,20,21,22,23,20,45,37,44,20,21,0,0,0,21,22,0,0,0,0,0,0,0,0,0,0,0,0,0,0,0,0,0,0,0,0,0,0,0,0,0,0,0,
-0,0,0,0,0,17,18,19,144,176,177,178,179,176,146,25,26,27,24,25,26,27,24,25,26,27,24,25,26,27,24,25,26,27,24,25,0,0,0,0,0,0,0,0,0,0,0,0,0,0,0,0,0,0,0,0,0,0,0,0,
-0,0,0,0,0,21,22,23,144,180,181,182,183,180,150,29,30,31,28,29,30,31,28,29,30,31,28,29,39,31,28,29,30,31,28,29,30,0,0,0,0,0,0,0,0,0,0,0,0,0,0,0,0,0,0,0,0,0,0,0,
-0,0,0,0,24,25,26,27,144,184,185,186,187,162,154,17,18,19,16,0,0,19,16,17,18,0,0,17,18,19,16,17,18,19,16,17,18,19,16,0,0,0,0,0,0,0,0,0,0,0,0,0,0,0,0,0,0,0,0,0,
-0,0,0,0,28,29,30,31,148,188,189,190,191,146,20,21,22,23,20,0,0,0,20,21,0,0,0,0,22,23,20,37,39,38,36,36,47,23,20,21,22,0,0,0,0,0,0,0,0,0,20,21,0,0,0,0,0,0,0,0,
-0,0,0,19,16,17,18,19,159,163,177,178,179,146,24,25,26,27,24,0,0,0,0,0,0,0,0,0,26,27,24,38,37,39,39,39,40,27,24,25,26,0,0,0,0,0,0,0,26,27,24,25,26,27,0,0,0,0,0,0,
-0,0,0,23,20,21,22,23,20,148,181,182,183,146,28,29,30,31,28,29,0,0,0,0,0,0,0,0,30,31,28,29,30,31,28,29,30,31,28,29,30,0,0,0,0,0,0,29,30,31,28,29,30,31,0,0,0,0,0,0,
-0,0,0,0,24,25,26,27,24,159,167,186,187,165,157,17,18,19,16,17,0,0,0,0,0,0,0,17,18,19,16,17,18,19,16,17,18,19,16,17,18,19,0,0,0,0,16,17,18,19,16,17,18,19,0,0,0,0,0,0,
-0,0,0,0,28,29,30,31,28,29,148,190,191,188,165,157,22,23,20,21,22,0,0,0,0,0,20,21,22,23,20,21,22,23,20,21,22,23,20,21,22,23,20,21,22,23,20,21,22,23,20,21,22,23,0,0,0,0,0,0,
-0,0,18,19,16,17,18,19,16,17,144,178,179,176,177,161,153,27,24,25,26,27,0,0,0,27,24,25,26,27,24,25,26,0,0,0,0,27,24,25,26,27,24,25,26,27,24,25,26,27,24,25,26,27,0,0,0,0,0,0,
-0,21,22,23,20,21,22,0,0,21,155,167,183,180,181,182,165,157,28,29,30,31,28,29,30,31,28,29,30,31,28,0,0,0,0,0,0,31,28,29,30,31,28,29,30,31,28,29,30,31,0,0,0,0,0,0,0,0,0,0,
-0,25,26,27,24,25,0,0,0,0,16,144,187,184,185,186,187,165,145,149,157,19,16,17,18,19,16,17,0,0,0,0,0,0,0,0,0,0,0,0,18,19,16,17,18,19,16,17,18,0,0,0,0,0,0,0,0,0,0,0,
-28,29,30,31,28,29,0,0,0,0,16,144,191,188,189,190,191,188,189,190,161,157,20,21,22,23,20,21,0,0,0,0,0,0,0,0,0,0,0,0,22,23,20,21,22,23,20,21,22,0,0,0,0,0,0,0,0,0,0,0,
-16,17,18,19,16,0,0,0,0,0,16,144,179,176,177,162,147,147,147,167,176,161,157,25,26,27,24,25,0,0,0,0,0,0,0,0,0,0,0,0,26,27,24,25,26,27,24,0,0,0,0,0,0,0,0,0,0,0,0,0,
-0,21,22,23,20,0,0,0,0,0,16,159,163,180,181,150,17,18,19,155,147,163,161,145,153,31,28,29,30,0,0,0,0,0,0,0,0,0,0,16,156,145,153,29,30,31,28,0,0,0,0,0,0,0,0,0,0,0,0,0,
-0,25,26,27,24,25,0,0,0,0,0,27,148,184,185,146,21,22,23,20,21,155,167,176,161,145,149,153,18,0,0,0,0,0,0,0,0,0,16,156,164,178,161,153,18,19,16,17,0,0,0,0,0,0,0,0,0,0,0,0,
-0,29,30,31,28,29,30,0,0,0,0,31,144,188,166,158,25,26,27,24,25,26,159,151,167,182,183,161,153,16,16,16,0,0,0,0,22,23,20,155,167,182,183,146,22,23,20,21,0,0,0,0,0,0,0,0,0,0,0,0,
-0,17,18,19,16,17,18,0,0,0,0,19,144,176,150,28,29,30,31,28,29,30,31,28,155,163,187,184,161,145,149,157,26,27,24,25,26,27,24,25,155,163,187,165,157,27,24,25,0,0,0,0,0,0,0,0,0,0,0,0,
-0,0,22,23,20,21,22,23,20,21,22,23,192,198,194,16,17,18,19,16,17,18,19,16,17,155,163,188,189,190,191,161,149,157,28,29,30,31,28,29,30,148,191,162,158,31,28,29,30,31,0,0,0,0,0,0,0,0,0,0,
-0,0,26,27,24,25,26,27,24,25,26,27,144,184,146,20,21,22,23,20,21,22,23,20,21,22,144,176,177,178,179,176,177,165,149,157,18,19,16,17,152,164,179,146,18,19,16,17,18,19,0,0,0,0,0,0,0,0,0,0,
-0,0,0,0,0,29,46,33,47,29,30,31,144,188,146,24,25,26,27,24,0,0,27,24,25,26,155,167,181,182,183,180,181,182,183,161,193,145,149,145,160,182,183,161,153,23,20,21,22,23,20,21,0,0,0,0,0,0,0,0,
-0,0,0,0,0,17,37,32,36,17,18,19,144,176,165,153,0,0,0,0,0,0,31,28,29,30,31,159,163,186,187,184,185,186,187,184,199,186,187,184,185,186,187,184,150,27,24,25,26,27,24,25,26,27,0,0,0,0,0,0,
-0,0,0,0,0,0,0,34,44,21,22,23,159,167,176,146,0,0,0,0,0,0,0,0,17,18,19,16,155,163,191,188,189,190,191,188,203,190,191,188,189,190,191,188,161,153,28,29,30,31,28,29,30,31,0,0,0,0,0,0,
-0,0,0,0,0,0,0,0,24,25,26,27,24,148,176,150,0,0,0,0,0,0,0,0,21,22,23,20,21,192,202,196,177,178,179,176,203,178,179,176,177,178,179,176,177,150,16,17,18,19,16,17,18,19,16,0,0,0,0,0,
-0,0,0,0,0,0,0,0,0,0,0,0,28,148,163,150,16,0,0,0,0,0,0,0,25,26,27,24,156,164,183,180,181,182,183,180,205,182,183,180,181,182,183,180,181,165,153,21,22,23,20,21,22,23,20,21,0,0,0,0,
-0,0,0,0,0,0,0,0,0,0,0,0,0,16,148,161,157,16,16,0,0,0,0,28,29,30,31,28,148,186,187,184,185,186,187,184,201,186,187,184,185,186,187,184,185,166,158,25,26,27,24,25,26,27,24,25,0,0,0,0,
-0,0,0,0,0,0,0,0,0,0,0,0,0,16,148,176,161,145,157,16,17,18,19,16,17,18,19,16,155,167,191,188,189,190,191,188,201,202,202,198,202,204,202,202,198,194,28,29,30,31,28,29,30,31,28,29,30,0,0,0,
-0,0,0,0,0,0,0,0,0,0,0,0,0,16,159,167,176,177,150,20,21,22,23,20,21,22,23,20,21,148,179,176,177,178,179,176,203,206,204,202,202,198,202,206,198,194,16,17,18,19,46,36,47,19,16,17,18,0,0,0,
-0,0,0,0,0,0,0,0,0,0,0,0,0,0,17,144,180,181,146,24,25,26,27,24,25,26,27,24,152,164,183,180,181,182,166,147,195,147,147,167,181,182,183,180,181,146,20,21,22,23,32,21,34,23,20,21,22,23,0,0,
-0,0,0,0,0,0,0,0,0,0,0,0,0,0,21,144,184,185,161,153,29,30,31,28,29,30,31,28,148,186,187,162,147,151,158,18,19,16,17,159,163,186,187,184,185,165,157,25,26,27,45,38,44,27,24,25,26,27,24,0,
-0,0,0,0,0,0,0,0,0,0,0,0,0,0,25,155,163,189,190,165,145,193,145,157,17,18,19,156,160,190,191,150,23,20,21,22,23,20,21,22,155,167,191,188,189,190,150,29,30,31,28,29,30,31,28,29,30,31,28,0,
-0,0,0,0,0,0,0,0,0,0,0,0,0,0,29,30,155,147,167,176,177,197,179,165,145,149,149,160,177,178,162,158,27,24,25,26,27,24,25,26,27,148,179,176,177,178,161,153,18,19,16,17,18,19,16,17,18,19,16,0,
-0,0,0,0,0,0,0,0,0,0,0,0,0,16,17,18,19,16,155,147,163,205,183,180,181,182,183,180,181,182,150,30,31,28,29,30,31,28,29,30,31,159,163,180,181,182,166,158,22,23,20,21,22,23,20,21,22,23,0,0,
-0,0,0,0,0,0,0,0,0,0,0,0,0,20,21,22,23,20,21,22,159,195,147,151,167,186,187,184,185,186,146,18,19,16,17,18,19,16,17,18,19,16,148,184,185,186,146,25,26,27,24,25,26,27,24,25,26,27,0,0,
-0,0,0,0,0,0,0,0,0,0,0,0,0,0,25,26,27,24,25,26,27,24,25,26,144,190,191,188,189,166,158,22,23,20,21,0,0,20,21,22,23,20,155,167,189,166,154,29,30,31,28,29,30,31,28,29,30,0,0,0,
-0,0,0,0,0,0,0,0,0,0,0,0,0,0,29,30,31,28,29,30,31,28,29,30,159,163,179,176,166,158,25,26,27,24,25,0,0,0,0,26,27,24,25,144,162,158,0,0,18,19,16,17,18,19,16,17,18,0,0,0,
-0,0,0,0,0,0,0,0,0,0,0,0,0,0,0,18,19,16,17,18,19,16,17,18,19,148,183,180,150,28,29,30,31,28,0,0,0,0,0,0,0,0,29,159,158,0,0,0,0,0,0,21,22,23,20,21,0,0,0,0,
-0,0,0,0,0,0,0,0,0,0,0,0,0,0,0,0,0,20,21,22,23,20,21,22,23,192,196,204,194,16,17,18,19,16,0,0,0,0,0,0,0,0,0,0,0,0,0,0,0,0,0,25,26,27,24,25,0,0,0,0,
-0,0,0,0,0,0,0,0,0,0,0,0,0,0,0,0,0,24,25,26,27,24,25,26,27,144,191,188,161,153,21,22,23,0,0,0,0,0,0,0,0,0,0,0,0,0,0,0,0,0,0,0,0,31,28,29,0,0,0,0,
-0,0,0,0,0,0,0,0,0,0,0,0,0,0,0,0,0,0,0,30,31,28,29,30,31,144,179,176,177,146,25,0,0,0,0,0,0,0,0,0,0,0,0,0,0,0,0,0,0,0,0,0,0,0,0,0,0,0,0,0,
-0,0,0,0,0,0,0,0,0,0,0,0,0,0,0,0,0,0,0,0,0,0,0,0,19,159,167,180,181,146,0,0,0,0,0,0,0,0,0,0,0,0,0,0,0,0,0,0,0,0,0,0,0,0,0,0,0,0,0,0,
-0,0,0,0,0,0,0,0,0,0,0,0,0,0,0,0,0,0,0,0,0,0,0,0,0,16,144,184,185,150,0,0,0,0,0,0,0,0,0,0,0,0,0,0,0,0,0,0,0,0,0,0,0,0,0,0,0,0,0,0,
-0,0,0,0,0,0,0,0,0,0,0,0,0,0,0,0,0,0,0,0,0,0,0,0,0,16,144,188,189,150,0,0,0,0,0,0,0,0,0,0,0,0,0,0,0,0,0,0,0,0,0,0,0,0,0,0,0,0,0,0,
-0,0,0,0,0,0,0,0,0,0,0,0,0,0,0,0,0,0,0,0,0,0,0,0,0,16,155,167,177,150,16,16,0,0,0,0,0,0,0,0,0,0,0,0,0,0,0,0,0,0,0,0,0,0,0,0,0,0,0,0,
-0,0,0,0,0,0,0,0,0,0,0,0,0,0,0,0,0,0,0,0,0,0,0,0,0,0,16,148,181,161,149,157,0,0,0,0,0,0,0,0,0,0,0,0,0,0,0,0,0,0,0,0,0,0,0,0,0,0,0,0,
-0,0,0,0,0,0,0,0,0,0,0,0,0,0,0,0,0,0,0,0,0,0,0,0,0,0,16,159,167,190,191,146,0,0,0,0,0,0,0,0,0,0,0,0,0,0,0,0,0,0,0,0,0,0,0,0,0,0,0,0,
-0,0,0,0,0,0,0,0,0,0,0,0,0,0,0,0,0,0,0,0,0,0,0,0,0,0,0,16,148,178,179,150,0,0,0,0,0,0,0,0,0,0,0,0,0,0,0,0,0,0,0,0,0,0,0,0,0,0,0,0,
-0,0,0,0,0,0,0,0,0,0,0,0,0,0,0,0,0,0,0,0,0,0,0,0,0,0,0,16,155,163,183,150,16,0,0,0,0,0,0,0,0,0,0,0,0,0,0,0,0,0,0,0,0,0,0,0,0,0,0,0,
-0,0,0,0,0,0,0,0,0,0,0,0,0,0,0,0,0,0,0,0,0,0,0,0,0,0,0,0,16,144,187,165,153,0,0,0,0,0,0,0,0,0,0,0,0,0,0,0,0,0,0,0,0,0,0,0,0,0,0,0,
-0,0,0,0,0,0,0,0,0,0,0,0,0,0,0,0,0,0,0,0,0,0,0,0,0,0,0,0,16,148,191,188,146,0,0,0,0,0,0,0,0,0,0,0,0,0,0,0,0,0,0,0,0,0,0,0,0,0,0,0,
-0,0,0,0,0,0,0,0,0,0,0,0,0,0,0,0,0,0,0,0,0,0,0,0,0,0,0,0,0,0,0,0,0,0,0,0,0,0,0,0,0,0,0,0,0,0,0,0,0,0,0,0,0,0,0,0,0,0,0,0,
-0,0,0,0,0,0,0,0,0,0,0,0,0,0,0,0,0,0,0,0,0,0,0,0,0,0,0,0,0,0,0,0,0,0,0,0,0,0,0,0,0,0,0,0,0,0,0,0,0,0,0,0,0,0,0,0,0,0,0,0
-
-[layer]
-type=object
-data=
-0,0,0,0,0,0,0,0,0,0,0,0,0,0,0,0,0,0,0,0,0,0,0,0,0,0,0,0,0,0,0,0,0,0,0,0,0,0,0,0,0,0,0,0,0,0,0,0,0,0,0,0,0,0,0,0,0,0,0,0,
-0,0,0,52,93,93,93,93,0,0,0,0,0,0,0,50,0,0,0,0,0,0,0,0,0,0,0,0,0,0,0,0,0,0,0,0,0,0,0,0,0,0,0,0,0,0,0,0,0,0,0,0,0,0,0,0,0,0,0,0,
-0,0,0,48,0,0,0,0,0,0,0,0,0,0,0,50,0,0,0,0,0,0,0,0,0,0,0,0,0,0,0,0,0,0,0,0,0,0,0,0,0,0,0,0,0,0,0,0,0,0,0,0,0,0,0,0,0,0,0,0,
-0,0,0,48,126,0,0,0,0,0,0,0,0,0,0,65,61,0,56,49,49,57,0,0,0,0,0,0,0,0,0,0,0,0,0,0,0,0,0,0,0,0,0,0,0,0,0,0,0,0,0,0,0,0,0,0,0,0,0,0,
-0,0,0,52,123,0,0,125,130,0,0,0,0,0,0,240,65,61,48,254,121,65,49,57,0,0,0,0,0,0,0,0,0,0,0,0,0,0,0,0,0,0,0,0,0,0,0,0,0,0,0,0,0,0,0,0,0,0,0,0,
-0,0,0,63,71,0,0,0,0,120,0,0,0,0,0,0,0,65,64,0,124,0,123,69,53,61,0,0,0,0,0,0,0,0,0,0,0,0,0,0,0,0,0,0,0,0,0,0,0,0,0,0,0,0,0,0,0,0,0,0,
-0,0,0,0,52,0,0,127,0,0,0,0,0,101,0,0,0,0,0,0,0,0,0,0,0,54,0,0,0,0,0,0,0,0,0,0,0,0,0,0,0,0,0,0,0,0,0,0,0,0,0,0,0,0,0,0,0,0,0,0,
-0,0,0,0,63,67,0,0,0,0,0,0,0,0,0,0,0,125,0,0,0,124,0,0,0,65,57,0,0,0,0,0,0,0,0,0,0,0,0,0,0,0,0,0,0,0,0,0,0,0,0,0,0,0,0,0,0,0,0,0,
-0,0,0,0,0,48,0,0,120,0,0,0,0,0,0,0,0,0,0,0,0,0,0,0,0,125,69,53,57,0,56,49,53,57,0,0,0,0,0,0,0,0,0,0,0,0,0,0,0,0,0,0,0,0,0,0,0,0,0,0,
-0,0,0,0,0,48,0,0,0,0,0,0,0,0,0,0,0,0,0,0,0,0,0,0,0,0,0,0,65,53,68,250,117,65,53,49,57,0,0,0,0,0,0,0,0,0,0,0,0,0,0,0,0,0,0,0,0,0,0,0,
-0,0,0,0,60,64,0,125,117,0,0,0,0,0,0,0,0,0,0,0,0,127,0,0,0,0,0,0,0,0,0,0,0,0,0,255,69,57,0,0,0,0,0,0,0,0,0,0,0,0,0,0,0,0,0,0,0,0,0,0,
-0,0,0,0,48,251,0,0,0,0,0,0,0,0,0,0,0,0,0,70,55,71,0,0,0,70,55,67,0,0,0,0,0,0,0,0,123,65,49,61,0,0,0,0,0,0,0,0,0,0,0,0,0,0,0,0,0,0,0,0,
-0,0,0,56,64,120,0,0,0,0,0,0,0,0,123,0,0,0,0,50,0,59,67,0,70,62,0,0,67,0,0,0,0,124,0,0,0,0,127,69,53,61,0,0,0,0,0,0,0,56,49,53,61,0,0,0,0,0,0,0,
-0,0,0,52,250,0,0,0,131,0,0,0,0,0,0,127,0,0,0,54,0,0,59,55,62,0,0,0,52,243,0,0,0,125,0,0,0,0,0,0,0,54,0,0,0,0,0,60,53,68,130,125,65,53,0,0,0,0,0,0,
-0,0,0,52,117,0,126,0,126,0,0,0,0,0,137,0,0,0,0,65,61,0,0,0,0,0,0,56,64,117,0,0,0,0,0,0,0,125,0,0,0,54,0,0,0,0,60,64,122,0,0,0,0,94,0,0,0,0,0,0,
-0,0,0,63,71,0,0,0,0,0,0,0,0,0,0,126,0,0,0,251,54,0,0,0,0,0,56,64,242,0,126,0,0,0,125,0,0,0,0,0,0,65,61,0,0,56,64,0,127,127,0,0,0,94,0,0,0,0,0,0,
-0,0,0,0,48,0,0,0,0,123,0,0,0,0,0,0,0,0,0,0,65,57,0,0,0,56,68,0,0,0,0,0,0,0,0,0,0,113,0,0,0,125,65,53,53,68,0,0,0,0,0,0,0,94,0,0,0,0,0,0,
-0,56,49,49,64,0,0,0,0,0,125,0,0,0,0,0,0,0,0,0,0,69,57,0,0,48,122,125,0,0,0,0,0,70,55,51,55,67,0,0,0,0,0,125,0,0,0,0,0,0,0,0,0,94,0,0,0,0,0,0,
-0,52,240,0,0,0,0,66,51,67,0,0,0,0,0,0,0,0,0,0,0,0,65,53,49,68,0,0,0,0,0,66,51,58,0,0,0,52,0,0,0,0,0,0,0,0,0,0,0,0,70,51,55,55,0,0,0,0,0,0,
-60,64,0,0,0,0,70,62,0,63,67,0,0,0,0,0,0,0,0,243,0,0,0,253,142,125,0,0,66,55,51,62,0,0,0,0,0,63,51,55,67,0,0,0,0,124,0,0,0,70,62,0,0,0,0,0,0,0,0,0,
-52,129,0,0,0,0,50,0,0,0,48,247,0,0,0,0,0,0,0,0,0,123,0,0,125,0,0,0,50,0,0,0,0,0,0,0,0,0,0,0,48,0,0,127,0,0,0,0,0,50,0,0,0,0,0,0,0,0,0,0,
-52,131,0,0,0,70,58,0,0,0,52,0,0,0,0,0,0,0,0,0,0,0,125,0,0,0,0,0,54,0,0,0,0,0,0,0,0,0,0,56,68,0,254,0,0,0,0,70,51,62,0,0,0,0,0,0,0,0,0,0,
-59,67,0,0,0,50,0,0,0,0,48,0,0,0,0,0,121,0,0,240,0,0,0,0,0,127,0,0,69,61,0,0,0,0,0,0,0,0,56,64,0,0,116,0,0,0,0,50,0,0,0,0,0,0,0,0,0,0,0,0,
-0,52,0,0,0,69,57,0,0,0,63,71,0,0,0,0,0,0,74,75,0,0,0,0,0,0,0,0,0,50,0,0,0,0,0,0,0,60,68,0,248,0,0,0,0,0,0,65,61,0,0,0,0,0,0,0,0,0,0,0,
-0,48,0,0,0,0,65,61,0,0,0,48,0,243,0,124,73,0,0,0,126,0,0,0,0,0,0,117,0,65,49,49,57,0,0,56,49,64,0,116,0,114,0,115,123,0,0,0,54,0,0,0,0,0,0,0,0,0,0,0,
-0,48,243,0,0,0,0,54,0,0,60,64,0,0,0,0,72,0,0,0,0,0,0,0,0,0,0,114,0,0,247,0,69,53,53,64,128,0,124,0,0,0,0,0,0,0,126,0,50,0,0,0,0,0,0,0,0,0,0,0,
-0,63,71,0,0,0,0,65,53,49,68,0,0,0,0,0,0,0,0,0,0,0,0,0,244,0,0,0,0,0,0,0,241,0,122,125,0,0,0,0,136,0,0,0,0,0,0,0,69,49,0,0,0,0,0,0,0,0,0,0,
-0,0,48,0,246,0,0,0,0,0,0,0,0,0,0,0,117,0,0,0,0,0,0,0,0,0,0,0,0,0,0,0,0,0,0,0,0,124,0,0,0,0,0,0,0,0,0,0,0,0,50,0,0,0,0,0,0,0,0,0,
-0,0,63,51,51,67,0,0,0,0,0,0,124,0,0,0,0,0,0,0,66,51,67,0,0,0,0,0,0,0,0,0,0,0,0,0,0,0,0,0,127,0,0,0,252,0,0,126,0,0,69,53,61,0,0,0,0,0,0,0,
-0,0,0,0,0,48,0,96,0,0,0,0,123,0,0,0,70,55,55,51,58,0,52,241,0,127,0,0,128,0,0,0,0,0,0,0,0,0,0,0,0,0,0,0,0,0,126,0,0,0,0,0,69,53,61,0,0,0,0,0,
-0,0,0,0,0,63,51,71,0,0,116,0,0,0,0,0,50,0,0,0,0,0,63,55,71,0,0,0,124,0,0,0,0,0,0,0,0,0,114,0,0,0,0,0,0,0,0,0,0,0,0,0,0,0,54,0,0,0,0,0,
-0,0,0,0,0,0,0,59,67,0,0,0,0,125,0,0,54,0,0,0,0,0,0,0,52,0,0,0,0,0,0,98,0,0,0,0,0,0,0,0,0,0,0,0,0,0,0,0,0,0,0,0,0,250,69,61,0,0,0,0,
-0,0,0,0,0,0,0,0,59,51,51,51,71,0,0,0,65,57,0,0,0,0,0,56,64,0,0,0,121,0,0,0,0,0,0,0,0,0,0,0,0,0,0,0,0,0,247,0,0,124,124,0,0,0,0,65,61,0,0,0,
-0,0,0,0,0,0,0,0,0,0,0,0,0,71,244,0,241,65,49,61,0,0,56,68,0,0,0,123,125,115,0,0,0,0,0,0,0,0,0,0,0,0,0,0,0,0,133,0,0,0,0,0,0,0,0,0,50,0,0,0,
-0,0,0,0,0,0,0,0,0,0,0,0,0,48,0,0,0,121,124,65,53,49,68,0,0,0,0,0,122,0,0,0,0,0,0,0,0,0,0,0,0,0,0,0,0,0,0,0,0,0,0,0,0,0,244,0,69,57,0,0,
-0,0,0,0,0,0,0,0,0,0,0,0,0,52,121,0,0,0,117,0,137,0,0,0,0,0,0,0,117,0,0,0,0,0,0,0,0,0,0,0,0,0,0,0,0,0,0,0,0,0,0,0,0,0,0,0,123,50,0,0,
-0,0,0,0,0,0,0,0,0,0,0,0,0,59,71,116,0,0,0,123,0,0,0,0,0,0,0,0,244,127,0,0,0,0,0,0,0,0,0,0,0,0,0,0,0,0,0,125,0,0,0,102,0,0,0,0,0,69,61,0,
-0,0,0,0,0,0,0,0,0,0,0,0,0,0,52,126,0,0,0,0,0,0,0,0,0,0,0,0,243,0,0,0,0,0,0,0,0,127,0,0,0,0,0,0,0,0,135,0,0,0,0,125,0,0,74,75,0,0,65,57,
-0,0,0,0,0,0,0,0,0,0,0,0,0,0,52,0,0,0,0,0,0,0,0,124,74,75,0,0,0,117,0,0,0,255,0,125,0,0,0,0,0,0,0,0,0,0,0,130,0,124,0,0,0,0,0,96,0,0,0,54,
-0,0,0,0,0,0,0,0,0,0,0,0,0,60,64,245,124,131,0,0,0,0,0,0,0,0,0,125,0,0,0,0,0,0,0,0,0,0,0,0,0,116,0,0,0,0,0,117,0,0,0,0,73,98,0,0,0,0,0,50,
-0,0,0,0,0,0,0,0,0,0,0,0,0,52,0,0,120,123,0,0,0,0,0,0,114,0,0,0,128,0,0,100,124,0,0,0,127,0,0,0,0,0,0,0,0,0,0,0,0,137,0,0,72,0,0,0,0,0,70,58,
-0,0,0,0,0,0,0,0,0,0,0,0,0,48,0,0,127,0,0,0,0,0,0,0,0,0,0,0,0,0,0,0,0,0,0,0,0,0,124,0,0,0,0,0,0,0,0,0,0,0,0,0,0,0,122,0,0,0,50,0,
-0,0,0,0,0,0,0,0,0,0,0,0,0,59,67,0,0,0,0,0,0,0,0,0,0,0,0,0,0,0,130,0,124,0,0,70,51,67,0,122,0,0,250,0,0,0,0,0,251,116,0,125,0,0,124,0,0,66,62,0,
-0,0,0,0,0,0,0,0,0,0,0,0,0,0,52,0,243,0,74,75,0,0,0,126,0,0,0,0,0,127,122,0,0,0,0,54,0,63,51,67,0,0,255,0,0,0,70,55,67,0,0,0,0,0,0,0,0,54,0,0,
-0,0,0,0,0,0,0,0,0,0,0,0,0,0,63,71,0,0,0,0,0,127,0,0,122,0,0,0,0,0,0,0,0,0,70,62,0,0,0,59,55,51,67,0,0,70,58,0,63,55,51,67,0,0,0,0,70,58,0,0,
-0,0,0,0,0,0,0,0,0,0,0,0,0,0,0,59,51,71,0,0,0,73,136,0,0,0,0,0,0,0,0,0,0,0,54,0,0,0,0,0,0,0,63,51,55,62,0,0,0,0,0,52,0,0,255,0,54,0,0,0,
-0,0,0,0,0,0,0,0,0,0,0,0,0,0,0,0,0,48,0,124,0,72,0,0,0,127,0,0,0,0,0,0,0,70,58,0,0,0,0,0,0,0,0,0,0,0,0,0,0,0,0,59,55,71,0,0,54,0,0,0,
-0,0,0,0,0,0,0,0,0,0,0,0,0,0,0,0,0,59,55,71,0,0,0,0,0,0,0,0,0,0,0,70,51,58,0,0,0,0,0,0,0,0,0,0,0,0,0,0,0,0,0,0,0,59,55,51,58,0,0,0,
-0,0,0,0,0,0,0,0,0,0,0,0,0,0,0,0,0,0,0,63,55,51,55,51,67,0,0,115,0,0,66,58,0,0,0,0,0,0,0,0,0,0,0,0,0,0,0,0,0,0,0,0,0,0,0,0,0,0,0,0,
-0,0,0,0,0,0,0,0,0,0,0,0,0,0,0,0,0,0,0,0,0,0,0,0,59,71,245,121,0,0,50,0,0,0,0,0,0,0,0,0,0,0,0,0,0,0,0,0,0,0,0,0,0,0,0,0,0,0,0,0,
-0,0,0,0,0,0,0,0,0,0,0,0,0,0,0,0,0,0,0,0,0,0,0,0,0,48,0,0,0,0,54,0,0,0,0,0,0,0,0,0,0,0,0,0,0,0,0,0,0,0,0,0,0,0,0,0,0,0,0,0,
-0,0,0,0,0,0,0,0,0,0,0,0,0,0,0,0,0,0,0,0,0,0,0,0,0,48,254,0,0,0,65,49,57,0,0,0,0,0,0,0,0,0,0,0,0,0,0,0,0,0,0,0,0,0,0,0,0,0,0,0,
-0,0,0,0,0,0,0,0,0,0,0,0,0,0,0,0,0,0,0,0,0,0,0,0,0,63,71,125,0,0,117,0,50,0,0,0,0,0,0,0,0,0,0,0,0,0,0,0,0,0,0,0,0,0,0,0,0,0,0,0,
-0,0,0,0,0,0,0,0,0,0,0,0,0,0,0,0,0,0,0,0,0,0,0,0,0,0,52,0,0,0,0,0,50,0,0,0,0,0,0,0,0,0,0,0,0,0,0,0,0,0,0,0,0,0,0,0,0,0,0,0,
-0,0,0,0,0,0,0,0,0,0,0,0,0,0,0,0,0,0,0,0,0,0,0,0,0,0,59,67,0,0,0,0,50,0,0,0,0,0,0,0,0,0,0,0,0,0,0,0,0,0,0,0,0,0,0,0,0,0,0,0,
-0,0,0,0,0,0,0,0,0,0,0,0,0,0,0,0,0,0,0,0,0,0,0,0,0,0,0,48,116,0,0,0,65,57,0,0,0,0,0,0,0,0,0,0,0,0,0,0,0,0,0,0,0,0,0,0,0,0,0,0,
-0,0,0,0,0,0,0,0,0,0,0,0,0,0,0,0,0,0,0,0,0,0,0,0,0,0,0,63,71,0,0,0,0,54,0,0,0,0,0,0,0,0,0,0,0,0,0,0,0,0,0,0,0,0,0,0,0,0,0,0,
-0,0,0,0,0,0,0,0,0,0,0,0,0,0,0,0,0,0,0,0,0,0,0,0,0,0,0,0,52,115,0,0,0,50,0,0,0,0,0,0,0,0,0,0,0,0,0,0,0,0,0,0,0,0,0,0,0,0,0,0,
-0,0,0,0,0,0,0,0,0,0,0,0,0,0,0,0,0,0,0,0,0,0,0,0,0,0,0,0,0,0,0,0,120,0,0,0,0,0,0,0,0,0,0,0,0,0,0,0,0,0,0,0,0,0,0,0,0,0,0,0,
-0,0,0,0,0,0,0,0,0,0,0,0,0,0,0,0,0,0,0,0,0,0,0,0,0,0,0,0,0,0,0,0,0,0,0,0,0,0,0,0,0,0,0,0,0,0,0,0,0,0,0,0,0,0,0,0,0,0,0,0
-
-[layer]
-type=collision
-data=
-3,3,3,3,3,3,3,3,3,3,3,3,3,3,3,3,3,3,3,3,3,3,3,3,3,3,3,3,3,3,3,3,3,3,3,3,3,3,3,3,3,3,3,3,3,3,3,3,3,3,3,3,3,3,3,3,3,3,3,3,
-3,3,3,1,0,0,0,0,2,2,2,2,2,2,2,1,3,3,3,3,3,3,3,3,3,3,3,3,3,3,3,3,3,3,3,3,3,3,3,3,3,3,3,3,3,3,3,3,3,3,3,3,3,3,3,3,3,3,3,3,
-3,3,3,1,0,0,0,0,2,2,2,2,2,2,2,1,3,3,3,3,3,3,3,3,3,3,3,3,3,3,3,3,3,3,3,3,3,3,3,3,3,3,3,3,3,3,3,3,3,3,3,3,3,3,3,3,3,3,3,3,
-3,3,3,1,0,0,0,0,2,2,2,2,2,2,2,1,1,3,1,1,1,1,3,3,3,3,3,3,3,3,3,3,3,3,3,3,3,3,3,3,3,3,3,3,3,3,3,3,3,3,3,3,3,3,3,3,3,3,3,3,
-3,3,3,1,0,0,0,0,2,2,2,2,2,2,2,1,1,1,1,1,0,1,1,1,3,3,3,3,3,3,3,3,3,3,3,3,3,3,3,3,3,3,3,3,3,3,3,3,3,3,3,3,3,3,3,3,3,3,3,3,
-3,3,3,1,1,0,0,0,0,2,2,2,2,2,2,2,0,1,1,0,0,0,0,1,1,1,3,3,3,3,3,3,3,3,3,3,3,3,3,3,3,3,3,3,3,3,3,3,3,3,3,3,3,3,3,3,3,3,3,3,
-3,3,3,3,1,0,0,0,0,0,0,0,2,2,0,0,0,0,0,0,0,0,0,0,0,1,3,3,3,3,3,3,3,3,3,3,3,3,3,3,3,3,3,3,3,3,3,3,3,3,3,3,3,3,3,3,3,3,3,3,
-3,3,3,3,1,1,0,0,0,2,2,2,2,2,2,2,0,0,0,0,0,0,0,0,0,1,1,3,3,3,3,3,3,3,3,3,3,3,3,3,3,3,3,3,3,3,3,3,3,3,3,3,3,3,3,3,3,3,3,3,
-3,3,3,3,3,1,0,0,2,2,2,2,2,2,2,2,0,0,0,0,0,0,0,0,0,0,1,1,1,3,1,1,1,1,3,3,3,3,3,3,3,3,3,3,3,3,3,3,3,3,3,3,3,3,3,3,3,3,3,3,
-3,3,3,3,3,1,0,0,2,2,2,2,2,2,2,0,0,0,0,0,0,0,0,0,0,0,0,0,1,1,1,1,0,1,1,1,1,3,3,3,3,3,3,3,3,3,3,3,3,3,3,3,3,3,3,3,3,3,3,3,
-3,3,3,3,1,1,0,0,2,2,2,2,2,2,2,0,0,0,0,0,0,0,0,0,0,0,0,0,0,0,0,0,0,0,0,1,1,1,3,3,3,3,3,3,3,3,3,3,3,3,3,3,3,3,3,3,3,3,3,3,
-3,3,3,3,1,1,0,0,2,2,2,2,2,2,2,0,0,0,0,1,1,1,0,0,0,1,1,1,0,0,0,0,0,0,0,0,0,1,1,1,3,3,3,3,3,3,3,3,3,3,3,3,3,3,3,3,3,3,3,3,
-3,3,3,1,1,0,0,0,2,2,2,2,2,2,0,0,0,0,0,1,3,1,1,0,1,1,3,3,1,0,0,0,0,0,0,0,0,0,0,1,1,1,3,3,3,3,3,3,3,1,1,1,1,3,3,3,3,3,3,3,
-3,3,3,1,1,0,0,0,2,2,2,2,2,2,0,0,0,0,0,1,3,3,1,1,1,3,3,3,1,1,0,0,0,0,0,0,0,0,0,0,0,1,3,3,3,3,3,1,1,1,2,0,1,1,3,3,3,3,3,3,
-3,3,3,1,0,0,0,0,0,2,2,2,2,2,2,0,0,0,0,1,1,3,3,3,3,3,3,1,1,0,0,0,0,0,0,0,0,0,0,0,0,1,3,3,3,3,1,1,0,0,0,0,0,0,3,3,3,3,3,3,
-3,3,3,1,1,0,0,0,0,2,2,2,2,2,2,0,0,0,0,1,1,3,3,3,3,3,1,1,1,0,0,0,0,0,0,0,0,0,0,0,0,1,1,3,3,1,1,0,0,0,0,0,0,0,3,3,3,3,3,3,
-3,3,3,3,1,0,0,0,0,0,2,2,2,2,2,2,0,0,0,0,1,1,3,3,3,1,1,0,0,0,0,0,0,0,0,0,0,0,0,0,0,0,1,1,1,1,0,0,0,0,0,0,0,0,3,3,3,3,3,3,
-3,1,1,1,1,0,0,0,0,0,2,2,2,2,2,2,2,0,0,0,0,1,1,3,3,1,0,0,0,0,0,0,0,1,1,1,1,1,0,0,0,0,0,0,0,0,0,0,0,0,0,0,0,0,3,3,3,3,3,3,
-3,1,1,0,0,0,0,1,1,1,2,2,2,2,2,2,2,2,0,0,0,0,1,1,1,1,0,0,0,0,0,1,1,1,1,3,3,1,0,0,0,0,0,0,0,0,0,0,0,0,1,1,1,1,3,3,3,3,3,3,
-1,1,0,0,0,0,1,1,3,1,1,2,2,2,2,2,2,2,2,1,2,0,0,1,2,0,0,0,1,1,1,1,3,3,3,3,3,1,1,1,1,0,0,0,0,0,0,0,0,1,1,3,3,3,3,3,3,3,3,3,
-1,2,0,0,0,0,1,3,3,3,1,1,2,2,2,2,2,2,2,2,2,2,0,0,0,0,0,0,1,3,3,3,3,3,3,3,3,3,3,3,1,0,0,0,0,0,0,0,0,1,3,3,3,3,3,3,3,3,3,3,
-1,2,0,0,0,1,1,3,3,3,1,2,2,2,2,2,2,2,2,2,2,2,2,0,0,0,0,0,1,3,3,3,3,3,3,3,3,3,3,1,1,0,1,0,0,0,0,1,1,1,3,3,3,3,3,3,3,3,3,3,
-1,1,0,0,0,1,3,3,3,3,1,2,2,2,2,2,0,0,0,1,2,2,2,2,2,0,0,0,1,1,3,3,3,3,3,3,3,3,1,1,2,2,2,0,0,0,0,1,3,3,3,3,3,3,3,3,3,3,3,3,
-3,1,0,0,0,1,1,3,3,3,1,1,2,2,2,2,0,0,2,2,0,2,2,2,2,2,2,2,0,1,3,3,3,3,3,3,3,1,1,2,2,2,2,2,0,0,0,1,1,3,3,3,3,3,3,3,3,3,3,3,
-3,1,0,0,0,0,1,1,3,3,3,1,2,2,2,2,2,0,0,0,0,0,2,2,2,2,2,2,2,1,1,1,1,3,3,1,1,1,0,2,2,2,2,2,0,0,0,0,1,3,3,3,3,3,3,3,3,3,3,3,
-3,1,1,0,0,0,0,1,3,3,1,1,2,2,2,0,2,0,0,0,0,0,0,0,2,2,2,2,2,2,2,2,1,1,1,1,2,0,0,0,2,2,2,2,2,0,0,0,1,3,3,3,3,3,3,3,3,3,3,3,
-3,1,1,0,0,0,0,1,1,1,1,0,0,0,0,0,0,0,0,0,0,0,0,0,1,2,2,2,2,2,2,2,2,2,0,0,0,0,0,0,2,2,2,2,2,0,0,0,1,1,3,3,3,3,3,3,3,3,3,3,
-3,3,1,0,1,0,0,0,0,0,0,0,2,2,2,0,0,0,0,0,0,0,0,0,0,0,2,2,2,2,2,2,2,2,2,2,0,0,0,0,2,2,2,2,0,0,0,0,0,0,1,3,3,3,3,3,3,3,3,3,
-3,3,1,1,1,1,0,0,0,0,0,0,2,2,2,0,0,0,0,0,1,1,1,0,0,0,2,2,2,2,2,2,2,2,2,2,0,2,2,2,2,2,2,2,1,0,0,0,0,0,1,1,1,3,3,3,3,3,3,3,
-3,3,3,3,3,1,0,2,0,0,0,0,2,2,2,2,1,1,1,1,1,3,1,1,0,0,0,2,2,2,2,2,2,2,2,2,0,2,2,2,2,2,2,2,2,0,0,0,0,0,0,0,1,1,1,3,3,3,3,3,
-3,3,3,3,3,1,1,1,0,0,0,0,2,2,2,2,1,3,3,3,3,3,1,1,1,0,0,0,2,2,2,2,2,2,2,2,0,2,2,2,2,2,2,2,2,2,0,0,0,0,0,0,0,0,1,3,3,3,3,3,
-3,3,3,3,3,3,3,1,1,0,0,0,0,2,2,2,1,3,3,3,3,3,3,3,1,0,0,0,0,0,0,2,2,2,2,2,0,2,2,2,2,2,2,2,2,2,0,0,0,0,0,0,0,1,1,1,3,3,3,3,
-3,3,3,3,3,3,3,3,1,1,1,1,1,2,2,2,1,1,3,3,3,3,3,1,1,0,0,0,2,2,2,2,2,2,2,2,0,2,2,2,2,2,2,2,2,2,1,0,0,0,0,0,0,0,0,1,1,3,3,3,
-3,3,3,3,3,3,3,3,3,3,3,3,3,1,1,2,2,1,1,1,3,3,1,1,0,0,0,0,2,2,2,2,2,2,2,2,0,2,2,2,2,2,2,2,2,2,1,0,0,0,0,0,0,0,0,0,1,3,3,3,
-3,3,3,3,3,3,3,3,3,3,3,3,3,1,2,2,2,2,2,1,1,1,1,0,0,0,0,0,2,2,2,2,2,2,2,2,0,0,0,0,0,0,0,0,0,0,0,0,0,0,0,0,0,0,1,0,1,1,3,3,
-3,3,3,3,3,3,3,3,3,3,3,3,3,1,2,2,2,2,2,0,2,0,0,0,0,0,0,0,0,2,2,2,2,2,2,2,0,0,0,0,0,0,0,0,0,0,0,0,0,0,0,0,0,0,0,0,0,1,3,3,
-3,3,3,3,3,3,3,3,3,3,3,3,3,1,1,2,2,2,2,0,0,0,0,0,0,0,0,0,1,2,2,2,2,2,2,2,0,2,2,2,2,2,2,2,2,2,0,0,0,0,0,2,0,0,0,0,0,1,1,3,
-3,3,3,3,3,3,3,3,3,3,3,3,3,3,1,2,2,2,2,2,0,0,0,0,0,0,0,0,1,2,2,2,2,2,2,0,0,0,0,2,2,2,2,2,2,2,1,0,0,0,0,0,0,0,2,2,0,0,1,1,
-3,3,3,3,3,3,3,3,3,3,3,3,3,3,1,2,2,2,2,2,2,0,2,2,2,2,0,2,2,2,2,2,0,1,0,0,0,0,0,0,2,2,2,2,2,2,2,2,0,0,0,0,0,0,0,2,0,0,0,1,
-3,3,3,3,3,3,3,3,3,3,3,3,3,1,1,1,2,2,2,2,2,0,2,2,2,2,2,2,2,2,2,2,0,0,0,0,0,0,0,0,0,2,2,2,2,2,2,2,0,0,0,0,2,2,0,0,0,0,0,1,
-3,3,3,3,3,3,3,3,3,3,3,3,3,1,0,0,0,0,2,2,2,0,2,2,2,2,2,2,2,2,2,2,0,0,0,0,0,0,0,0,0,2,2,2,2,2,2,2,0,2,0,0,2,0,0,0,0,0,1,1,
-3,3,3,3,3,3,3,3,3,3,3,3,3,1,0,0,0,0,0,0,2,0,2,2,2,2,2,2,2,2,2,0,0,0,0,0,0,0,0,0,0,0,2,2,2,2,2,0,0,0,0,0,0,0,0,0,0,0,1,1,
-3,3,3,3,3,3,3,3,3,3,3,3,3,1,1,0,0,0,0,0,0,0,0,0,2,2,2,2,2,2,2,0,0,0,0,1,1,1,0,0,0,0,1,2,2,2,2,0,1,0,0,0,0,0,0,0,0,1,1,3,
-3,3,3,3,3,3,3,3,3,3,3,3,3,3,1,0,1,0,2,2,0,0,0,0,2,2,2,2,2,2,0,0,0,0,0,1,3,1,1,1,0,0,1,2,2,2,1,1,1,0,0,0,0,0,0,0,0,1,3,3,
-3,3,3,3,3,3,3,3,3,3,3,3,3,3,1,1,0,0,0,0,0,0,0,0,0,2,2,2,2,0,0,0,0,0,1,1,3,3,3,1,1,1,1,2,2,1,1,3,1,1,1,1,0,0,0,0,1,1,3,3,
-3,3,3,3,3,3,3,3,3,3,3,3,3,3,3,1,1,1,0,0,0,2,2,0,0,0,0,0,0,0,0,0,0,0,1,3,3,3,3,3,3,3,1,1,1,1,3,3,3,3,3,1,0,0,1,0,1,3,3,3,
-3,3,3,3,3,3,3,3,3,3,3,3,3,3,3,3,3,1,0,0,0,2,0,0,0,2,2,2,2,2,0,0,0,1,1,3,3,3,3,3,3,3,3,3,3,3,3,3,3,3,3,1,1,1,0,0,1,3,3,3,
-3,3,3,3,3,3,3,3,3,3,3,3,3,3,3,3,3,1,1,1,0,0,0,0,0,2,2,2,2,2,0,1,1,1,3,3,3,3,3,3,3,3,3,3,3,3,3,3,3,3,3,3,3,1,1,1,1,3,3,3,
-3,3,3,3,3,3,3,3,3,3,3,3,3,3,3,3,3,3,3,1,1,1,1,1,1,2,2,2,2,2,1,1,3,3,3,3,3,3,3,3,3,3,3,3,3,3,3,3,3,3,3,3,3,3,3,3,3,3,3,3,
-3,3,3,3,3,3,3,3,3,3,3,3,3,3,3,3,3,3,3,3,3,3,3,3,1,1,1,2,2,2,1,3,3,3,3,3,3,3,3,3,3,3,3,3,3,3,3,3,3,3,3,3,3,3,3,3,3,3,3,3,
-3,3,3,3,3,3,3,3,3,3,3,3,3,3,3,3,3,3,3,3,3,3,3,3,3,1,2,2,2,2,1,3,3,3,3,3,3,3,3,3,3,3,3,3,3,3,3,3,3,3,3,3,3,3,3,3,3,3,3,3,
-3,3,3,3,3,3,3,3,3,3,3,3,3,3,3,3,3,3,3,3,3,3,3,3,3,1,1,2,2,2,1,1,1,3,3,3,3,3,3,3,3,3,3,3,3,3,3,3,3,3,3,3,3,3,3,3,3,3,3,3,
-3,3,3,3,3,3,3,3,3,3,3,3,3,3,3,3,3,3,3,3,3,3,3,3,3,1,1,2,2,2,2,2,1,3,3,3,3,3,3,3,3,3,3,3,3,3,3,3,3,3,3,3,3,3,3,3,3,3,3,3,
-3,3,3,3,3,3,3,3,3,3,3,3,3,3,3,3,3,3,3,3,3,3,3,3,3,3,1,2,2,2,2,2,1,3,3,3,3,3,3,3,3,3,3,3,3,3,3,3,3,3,3,3,3,3,3,3,3,3,3,3,
-3,3,3,3,3,3,3,3,3,3,3,3,3,3,3,3,3,3,3,3,3,3,3,3,3,3,1,1,2,2,2,2,1,3,3,3,3,3,3,3,3,3,3,3,3,3,3,3,3,3,3,3,3,3,3,3,3,3,3,3,
-3,3,3,3,3,3,3,3,3,3,3,3,3,3,3,3,3,3,3,3,3,3,3,3,3,3,3,1,2,2,2,2,1,1,3,3,3,3,3,3,3,3,3,3,3,3,3,3,3,3,3,3,3,3,3,3,3,3,3,3,
-3,3,3,3,3,3,3,3,3,3,3,3,3,3,3,3,3,3,3,3,3,3,3,3,3,3,3,1,1,2,2,2,2,1,3,3,3,3,3,3,3,3,3,3,3,3,3,3,3,3,3,3,3,3,3,3,3,3,3,3,
-3,3,3,3,3,3,3,3,3,3,3,3,3,3,3,3,3,3,3,3,3,3,3,3,3,3,3,3,1,2,2,2,2,1,3,3,3,3,3,3,3,3,3,3,3,3,3,3,3,3,3,3,3,3,3,3,3,3,3,3,
-3,3,3,3,3,3,3,3,3,3,3,3,3,3,3,3,3,3,3,3,3,3,3,3,3,3,3,3,3,3,3,3,3,3,3,3,3,3,3,3,3,3,3,3,3,3,3,3,3,3,3,3,3,3,3,3,3,3,3,3,
-3,3,3,3,3,3,3,3,3,3,3,3,3,3,3,3,3,3,3,3,3,3,3,3,3,3,3,3,3,3,3,3,3,3,3,3,3,3,3,3,3,3,3,3,3,3,3,3,3,3,3,3,3,3,3,3,3,3,3,3
-
-[event]
-# to Stonewood
-type=on_trigger
-location=4,1,4,1
-intermap=maps/stonewood.txt,52,76
-
+[header]
+width=60
+height=60
+tilewidth=64
+tileheight=32
+orientation=isometric
+music=music/overworld_theme.ogg
+tileset=tilesetdefs/tileset_grassland.txt
+title=Goblin Camp
+
+[tilesets]
+tileset=../../../tiled/grassland/tiled_collision.png,64,32,0,0
+tileset=../../../tiled/grassland/grassland.png,64,128,0,0
+tileset=../../../tiled/grassland/grassland_water.png,64,64,0,32
+tileset=../../../tiled/grassland/grassland_structures.png,64,256,0,0
+tileset=../../../tiled/grassland/grassland_trees.png,128,256,-32,0
+tileset=../../../tiled/grassland/set_rules.png,64,32,0,0
+tileset=../../../tiled/grassland/tiled_grassland_2x2.png,128,64,0,16
+
+[layer]
+type=background
+data=
+0,0,0,0,0,0,0,0,0,0,0,0,0,0,0,0,0,0,0,0,0,0,0,0,0,0,0,0,0,0,0,0,0,0,0,0,0,0,0,0,0,0,0,0,0,0,0,0,0,0,0,0,0,0,0,0,0,0,0,0,
+0,0,0,19,16,17,18,19,144,176,177,178,179,176,150,0,0,0,0,0,0,0,0,0,0,0,0,0,0,0,0,0,0,0,0,0,0,0,0,0,0,0,0,0,0,0,0,0,0,0,0,0,0,0,0,0,0,0,0,0,
+0,0,0,23,20,21,22,23,144,180,181,182,183,180,146,0,0,0,0,0,0,0,0,0,0,0,0,0,0,0,0,0,0,0,0,0,0,0,0,0,0,0,0,0,0,0,0,0,0,0,0,0,0,0,0,0,0,0,0,0,
+0,0,0,27,24,25,26,27,159,163,185,186,187,184,150,17,0,0,0,17,18,0,0,0,0,0,0,0,0,0,0,0,0,0,0,0,0,0,0,0,0,0,0,0,0,0,0,0,0,0,0,0,0,0,0,0,0,0,0,0,
+0,0,0,31,28,29,30,31,28,144,189,190,191,188,150,21,22,0,20,21,22,23,20,0,0,0,0,0,0,0,0,0,0,0,0,0,0,0,0,0,0,0,0,0,0,0,0,0,0,0,0,0,0,0,0,0,0,0,0,0,
+0,0,0,0,16,17,18,19,16,144,186,186,179,176,165,153,26,27,24,25,26,27,24,25,26,0,0,0,0,0,0,0,0,0,0,0,0,0,0,0,0,0,0,0,0,0,0,0,0,0,0,0,0,0,0,0,0,0,0,0,
+0,0,0,0,20,21,22,23,38,192,204,202,183,202,198,194,36,39,36,38,38,47,28,29,30,0,0,0,0,0,0,0,0,0,0,0,0,0,0,0,0,0,0,0,0,0,0,0,0,0,0,0,0,0,0,0,0,0,0,0,
+0,0,0,0,0,25,26,27,24,144,185,186,187,184,185,150,18,45,39,38,37,40,16,17,18,19,0,0,0,0,0,0,0,0,0,0,0,0,0,0,0,0,0,0,0,0,0,0,0,0,0,0,0,0,0,0,0,0,0,0,
+0,0,0,0,0,29,30,31,152,164,189,190,191,188,162,158,22,23,20,21,22,23,20,45,37,44,20,21,0,0,0,21,22,0,0,0,0,0,0,0,0,0,0,0,0,0,0,0,0,0,0,0,0,0,0,0,0,0,0,0,
+0,0,0,0,0,17,18,19,144,176,177,178,179,176,146,25,26,27,24,25,26,27,24,25,26,27,24,25,26,27,24,25,26,27,24,25,0,0,0,0,0,0,0,0,0,0,0,0,0,0,0,0,0,0,0,0,0,0,0,0,
+0,0,0,0,0,21,22,23,144,180,181,182,183,180,150,29,30,31,28,29,30,31,28,29,30,31,28,29,39,31,28,29,30,31,28,29,30,0,0,0,0,0,0,0,0,0,0,0,0,0,0,0,0,0,0,0,0,0,0,0,
+0,0,0,0,24,25,26,27,144,184,185,186,187,162,154,17,18,19,16,0,0,19,16,17,18,0,0,17,18,19,16,17,18,19,16,17,18,19,16,0,0,0,0,0,0,0,0,0,0,0,0,0,0,0,0,0,0,0,0,0,
+0,0,0,0,28,29,30,31,148,188,189,190,191,146,20,21,22,23,20,0,0,0,20,21,0,0,0,0,22,23,20,37,39,38,36,36,47,23,20,21,22,0,0,0,0,0,0,0,0,0,20,21,0,0,0,0,0,0,0,0,
+0,0,0,19,16,17,18,19,159,163,177,178,179,146,24,25,26,27,24,0,0,0,0,0,0,0,0,0,26,27,24,38,37,39,39,39,40,27,24,25,26,0,0,0,0,0,0,0,26,27,24,25,26,27,0,0,0,0,0,0,
+0,0,0,23,20,21,22,23,20,148,181,182,183,146,28,29,30,31,28,29,0,0,0,0,0,0,0,0,30,31,28,29,30,31,28,29,30,31,28,29,30,0,0,0,0,0,0,29,30,31,28,29,30,31,0,0,0,0,0,0,
+0,0,0,0,24,25,26,27,24,159,167,186,187,165,157,17,18,19,16,17,0,0,0,0,0,0,0,17,18,19,16,17,18,19,16,17,18,19,16,17,18,19,0,0,0,0,16,17,18,19,16,17,18,19,0,0,0,0,0,0,
+0,0,0,0,28,29,30,31,28,29,148,190,191,188,165,157,22,23,20,21,22,0,0,0,0,0,20,21,22,23,20,21,22,23,20,21,22,23,20,21,22,23,20,21,22,23,20,21,22,23,20,21,22,23,0,0,0,0,0,0,
+0,0,18,19,16,17,18,19,16,17,144,178,179,176,177,161,153,27,24,25,26,27,0,0,0,27,24,25,26,27,24,25,26,0,0,0,0,27,24,25,26,27,24,25,26,27,24,25,26,27,24,25,26,27,0,0,0,0,0,0,
+0,21,22,23,20,21,22,0,0,21,155,167,183,180,181,182,165,157,28,29,30,31,28,29,30,31,28,29,30,31,28,0,0,0,0,0,0,31,28,29,30,31,28,29,30,31,28,29,30,31,0,0,0,0,0,0,0,0,0,0,
+0,25,26,27,24,25,0,0,0,0,16,144,187,184,185,186,187,165,145,149,157,19,16,17,18,19,16,17,0,0,0,0,0,0,0,0,0,0,0,0,18,19,16,17,18,19,16,17,18,0,0,0,0,0,0,0,0,0,0,0,
+28,29,30,31,28,29,0,0,0,0,16,144,191,188,189,190,191,188,189,190,161,157,20,21,22,23,20,21,0,0,0,0,0,0,0,0,0,0,0,0,22,23,20,21,22,23,20,21,22,0,0,0,0,0,0,0,0,0,0,0,
+16,17,18,19,16,0,0,0,0,0,16,144,179,176,177,162,147,147,147,167,176,161,157,25,26,27,24,25,0,0,0,0,0,0,0,0,0,0,0,0,26,27,24,25,26,27,24,0,0,0,0,0,0,0,0,0,0,0,0,0,
+0,21,22,23,20,0,0,0,0,0,16,159,163,180,181,150,17,18,19,155,147,163,161,145,153,31,28,29,30,0,0,0,0,0,0,0,0,0,0,16,156,145,153,29,30,31,28,0,0,0,0,0,0,0,0,0,0,0,0,0,
+0,25,26,27,24,25,0,0,0,0,0,27,148,184,185,146,21,22,23,20,21,155,167,176,161,145,149,153,18,0,0,0,0,0,0,0,0,0,16,156,164,178,161,153,18,19,16,17,0,0,0,0,0,0,0,0,0,0,0,0,
+0,29,30,31,28,29,30,0,0,0,0,31,144,188,166,158,25,26,27,24,25,26,159,151,167,182,183,161,153,16,16,16,0,0,0,0,22,23,20,155,167,182,183,146,22,23,20,21,0,0,0,0,0,0,0,0,0,0,0,0,
+0,17,18,19,16,17,18,0,0,0,0,19,144,176,150,28,29,30,31,28,29,30,31,28,155,163,187,184,161,145,149,157,26,27,24,25,26,27,24,25,155,163,187,165,157,27,24,25,0,0,0,0,0,0,0,0,0,0,0,0,
+0,0,22,23,20,21,22,23,20,21,22,23,192,198,194,16,17,18,19,16,17,18,19,16,17,155,163,188,189,190,191,161,149,157,28,29,30,31,28,29,30,148,191,162,158,31,28,29,30,31,0,0,0,0,0,0,0,0,0,0,
+0,0,26,27,24,25,26,27,24,25,26,27,144,184,146,20,21,22,23,20,21,22,23,20,21,22,144,176,177,178,179,176,177,165,149,157,18,19,16,17,152,164,179,146,18,19,16,17,18,19,0,0,0,0,0,0,0,0,0,0,
+0,0,0,0,0,29,46,33,47,29,30,31,144,188,146,24,25,26,27,24,0,0,27,24,25,26,155,167,181,182,183,180,181,182,183,161,193,145,149,145,160,182,183,161,153,23,20,21,22,23,20,21,0,0,0,0,0,0,0,0,
+0,0,0,0,0,17,37,32,36,17,18,19,144,176,165,153,0,0,0,0,0,0,31,28,29,30,31,159,163,186,187,184,185,186,187,184,199,186,187,184,185,186,187,184,150,27,24,25,26,27,24,25,26,27,0,0,0,0,0,0,
+0,0,0,0,0,0,0,34,44,21,22,23,159,167,176,146,0,0,0,0,0,0,0,0,17,18,19,16,155,163,191,188,189,190,191,188,203,190,191,188,189,190,191,188,161,153,28,29,30,31,28,29,30,31,0,0,0,0,0,0,
+0,0,0,0,0,0,0,0,24,25,26,27,24,148,176,150,0,0,0,0,0,0,0,0,21,22,23,20,21,192,202,196,177,178,179,176,203,178,179,176,177,178,179,176,177,150,16,17,18,19,16,17,18,19,16,0,0,0,0,0,
+0,0,0,0,0,0,0,0,0,0,0,0,28,148,163,150,16,0,0,0,0,0,0,0,25,26,27,24,156,164,183,180,181,182,183,180,205,182,183,180,181,182,183,180,181,165,153,21,22,23,20,21,22,23,20,21,0,0,0,0,
+0,0,0,0,0,0,0,0,0,0,0,0,0,16,148,161,157,16,16,0,0,0,0,28,29,30,31,28,148,186,187,184,185,186,187,184,201,186,187,184,185,186,187,184,185,166,158,25,26,27,24,25,26,27,24,25,0,0,0,0,
+0,0,0,0,0,0,0,0,0,0,0,0,0,16,148,176,161,145,157,16,17,18,19,16,17,18,19,16,155,167,191,188,189,190,191,188,201,202,202,198,202,204,202,202,198,194,28,29,30,31,28,29,30,31,28,29,30,0,0,0,
+0,0,0,0,0,0,0,0,0,0,0,0,0,16,159,167,176,177,150,20,21,22,23,20,21,22,23,20,21,148,179,176,177,178,179,176,203,206,204,202,202,198,202,206,198,194,16,17,18,19,46,36,47,19,16,17,18,0,0,0,
+0,0,0,0,0,0,0,0,0,0,0,0,0,0,17,144,180,181,146,24,25,26,27,24,25,26,27,24,152,164,183,180,181,182,166,147,195,147,147,167,181,182,183,180,181,146,20,21,22,23,32,21,34,23,20,21,22,23,0,0,
+0,0,0,0,0,0,0,0,0,0,0,0,0,0,21,144,184,185,161,153,29,30,31,28,29,30,31,28,148,186,187,162,147,151,158,18,19,16,17,159,163,186,187,184,185,165,157,25,26,27,45,38,44,27,24,25,26,27,24,0,
+0,0,0,0,0,0,0,0,0,0,0,0,0,0,25,155,163,189,190,165,145,193,145,157,17,18,19,156,160,190,191,150,23,20,21,22,23,20,21,22,155,167,191,188,189,190,150,29,30,31,28,29,30,31,28,29,30,31,28,0,
+0,0,0,0,0,0,0,0,0,0,0,0,0,0,29,30,155,147,167,176,177,197,179,165,145,149,149,160,177,178,162,158,27,24,25,26,27,24,25,26,27,148,179,176,177,178,161,153,18,19,16,17,18,19,16,17,18,19,16,0,
+0,0,0,0,0,0,0,0,0,0,0,0,0,16,17,18,19,16,155,147,163,205,183,180,181,182,183,180,181,182,150,30,31,28,29,30,31,28,29,30,31,159,163,180,181,182,166,158,22,23,20,21,22,23,20,21,22,23,0,0,
+0,0,0,0,0,0,0,0,0,0,0,0,0,20,21,22,23,20,21,22,159,195,147,151,167,186,187,184,185,186,146,18,19,16,17,18,19,16,17,18,19,16,148,184,185,186,146,25,26,27,24,25,26,27,24,25,26,27,0,0,
+0,0,0,0,0,0,0,0,0,0,0,0,0,0,25,26,27,24,25,26,27,24,25,26,144,190,191,188,189,166,158,22,23,20,21,0,0,20,21,22,23,20,155,167,189,166,154,29,30,31,28,29,30,31,28,29,30,0,0,0,
+0,0,0,0,0,0,0,0,0,0,0,0,0,0,29,30,31,28,29,30,31,28,29,30,159,163,179,176,166,158,25,26,27,24,25,0,0,0,0,26,27,24,25,144,162,158,0,0,18,19,16,17,18,19,16,17,18,0,0,0,
+0,0,0,0,0,0,0,0,0,0,0,0,0,0,0,18,19,16,17,18,19,16,17,18,19,148,183,180,150,28,29,30,31,28,0,0,0,0,0,0,0,0,29,159,158,0,0,0,0,0,0,21,22,23,20,21,0,0,0,0,
+0,0,0,0,0,0,0,0,0,0,0,0,0,0,0,0,0,20,21,22,23,20,21,22,23,192,196,204,194,16,17,18,19,16,0,0,0,0,0,0,0,0,0,0,0,0,0,0,0,0,0,25,26,27,24,25,0,0,0,0,
+0,0,0,0,0,0,0,0,0,0,0,0,0,0,0,0,0,24,25,26,27,24,25,26,27,144,191,188,161,153,21,22,23,0,0,0,0,0,0,0,0,0,0,0,0,0,0,0,0,0,0,0,0,31,28,29,0,0,0,0,
+0,0,0,0,0,0,0,0,0,0,0,0,0,0,0,0,0,0,0,30,31,28,29,30,31,144,179,176,177,146,25,0,0,0,0,0,0,0,0,0,0,0,0,0,0,0,0,0,0,0,0,0,0,0,0,0,0,0,0,0,
+0,0,0,0,0,0,0,0,0,0,0,0,0,0,0,0,0,0,0,0,0,0,0,0,19,159,167,180,181,146,0,0,0,0,0,0,0,0,0,0,0,0,0,0,0,0,0,0,0,0,0,0,0,0,0,0,0,0,0,0,
+0,0,0,0,0,0,0,0,0,0,0,0,0,0,0,0,0,0,0,0,0,0,0,0,0,16,144,184,185,150,0,0,0,0,0,0,0,0,0,0,0,0,0,0,0,0,0,0,0,0,0,0,0,0,0,0,0,0,0,0,
+0,0,0,0,0,0,0,0,0,0,0,0,0,0,0,0,0,0,0,0,0,0,0,0,0,16,144,188,189,150,0,0,0,0,0,0,0,0,0,0,0,0,0,0,0,0,0,0,0,0,0,0,0,0,0,0,0,0,0,0,
+0,0,0,0,0,0,0,0,0,0,0,0,0,0,0,0,0,0,0,0,0,0,0,0,0,16,155,167,177,150,16,16,0,0,0,0,0,0,0,0,0,0,0,0,0,0,0,0,0,0,0,0,0,0,0,0,0,0,0,0,
+0,0,0,0,0,0,0,0,0,0,0,0,0,0,0,0,0,0,0,0,0,0,0,0,0,0,16,148,181,161,149,157,0,0,0,0,0,0,0,0,0,0,0,0,0,0,0,0,0,0,0,0,0,0,0,0,0,0,0,0,
+0,0,0,0,0,0,0,0,0,0,0,0,0,0,0,0,0,0,0,0,0,0,0,0,0,0,16,159,167,190,191,146,0,0,0,0,0,0,0,0,0,0,0,0,0,0,0,0,0,0,0,0,0,0,0,0,0,0,0,0,
+0,0,0,0,0,0,0,0,0,0,0,0,0,0,0,0,0,0,0,0,0,0,0,0,0,0,0,16,148,178,179,150,0,0,0,0,0,0,0,0,0,0,0,0,0,0,0,0,0,0,0,0,0,0,0,0,0,0,0,0,
+0,0,0,0,0,0,0,0,0,0,0,0,0,0,0,0,0,0,0,0,0,0,0,0,0,0,0,16,155,163,183,150,16,0,0,0,0,0,0,0,0,0,0,0,0,0,0,0,0,0,0,0,0,0,0,0,0,0,0,0,
+0,0,0,0,0,0,0,0,0,0,0,0,0,0,0,0,0,0,0,0,0,0,0,0,0,0,0,0,16,144,187,165,153,0,0,0,0,0,0,0,0,0,0,0,0,0,0,0,0,0,0,0,0,0,0,0,0,0,0,0,
+0,0,0,0,0,0,0,0,0,0,0,0,0,0,0,0,0,0,0,0,0,0,0,0,0,0,0,0,16,148,191,188,146,0,0,0,0,0,0,0,0,0,0,0,0,0,0,0,0,0,0,0,0,0,0,0,0,0,0,0,
+0,0,0,0,0,0,0,0,0,0,0,0,0,0,0,0,0,0,0,0,0,0,0,0,0,0,0,0,0,0,0,0,0,0,0,0,0,0,0,0,0,0,0,0,0,0,0,0,0,0,0,0,0,0,0,0,0,0,0,0,
+0,0,0,0,0,0,0,0,0,0,0,0,0,0,0,0,0,0,0,0,0,0,0,0,0,0,0,0,0,0,0,0,0,0,0,0,0,0,0,0,0,0,0,0,0,0,0,0,0,0,0,0,0,0,0,0,0,0,0,0
+
+[layer]
+type=object
+data=
+0,0,0,0,0,0,0,0,0,0,0,0,0,0,0,0,0,0,0,0,0,0,0,0,0,0,0,0,0,0,0,0,0,0,0,0,0,0,0,0,0,0,0,0,0,0,0,0,0,0,0,0,0,0,0,0,0,0,0,0,
+0,0,0,52,93,93,93,93,0,0,0,0,0,0,0,50,0,0,0,0,0,0,0,0,0,0,0,0,0,0,0,0,0,0,0,0,0,0,0,0,0,0,0,0,0,0,0,0,0,0,0,0,0,0,0,0,0,0,0,0,
+0,0,0,48,0,0,0,0,0,0,0,0,0,0,0,50,0,0,0,0,0,0,0,0,0,0,0,0,0,0,0,0,0,0,0,0,0,0,0,0,0,0,0,0,0,0,0,0,0,0,0,0,0,0,0,0,0,0,0,0,
+0,0,0,48,126,0,0,0,0,0,0,0,0,0,0,65,61,0,56,49,49,57,0,0,0,0,0,0,0,0,0,0,0,0,0,0,0,0,0,0,0,0,0,0,0,0,0,0,0,0,0,0,0,0,0,0,0,0,0,0,
+0,0,0,52,123,0,0,125,130,0,0,0,0,0,0,240,65,61,48,254,121,65,49,57,0,0,0,0,0,0,0,0,0,0,0,0,0,0,0,0,0,0,0,0,0,0,0,0,0,0,0,0,0,0,0,0,0,0,0,0,
+0,0,0,63,71,0,0,0,0,120,0,0,0,0,0,0,0,65,64,0,124,0,123,69,53,61,0,0,0,0,0,0,0,0,0,0,0,0,0,0,0,0,0,0,0,0,0,0,0,0,0,0,0,0,0,0,0,0,0,0,
+0,0,0,0,52,0,0,127,0,0,0,0,0,101,0,0,0,0,0,0,0,0,0,0,0,54,0,0,0,0,0,0,0,0,0,0,0,0,0,0,0,0,0,0,0,0,0,0,0,0,0,0,0,0,0,0,0,0,0,0,
+0,0,0,0,63,67,0,0,0,0,0,0,0,0,0,0,0,125,0,0,0,124,0,0,0,65,57,0,0,0,0,0,0,0,0,0,0,0,0,0,0,0,0,0,0,0,0,0,0,0,0,0,0,0,0,0,0,0,0,0,
+0,0,0,0,0,48,0,0,120,0,0,0,0,0,0,0,0,0,0,0,0,0,0,0,0,125,69,53,57,0,56,49,53,57,0,0,0,0,0,0,0,0,0,0,0,0,0,0,0,0,0,0,0,0,0,0,0,0,0,0,
+0,0,0,0,0,48,0,0,0,0,0,0,0,0,0,0,0,0,0,0,0,0,0,0,0,0,0,0,65,53,68,250,117,65,53,49,57,0,0,0,0,0,0,0,0,0,0,0,0,0,0,0,0,0,0,0,0,0,0,0,
+0,0,0,0,60,64,0,125,117,0,0,0,0,0,0,0,0,0,0,0,0,127,0,0,0,0,0,0,0,0,0,0,0,0,0,255,69,57,0,0,0,0,0,0,0,0,0,0,0,0,0,0,0,0,0,0,0,0,0,0,
+0,0,0,0,48,251,0,0,0,0,0,0,0,0,0,0,0,0,0,70,55,71,0,0,0,70,55,67,0,0,0,0,0,0,0,0,123,65,49,61,0,0,0,0,0,0,0,0,0,0,0,0,0,0,0,0,0,0,0,0,
+0,0,0,56,64,120,0,0,0,0,0,0,0,0,123,0,0,0,0,50,0,59,67,0,70,62,0,0,67,0,0,0,0,124,0,0,0,0,127,69,53,61,0,0,0,0,0,0,0,56,49,53,61,0,0,0,0,0,0,0,
+0,0,0,52,250,0,0,0,131,0,0,0,0,0,0,127,0,0,0,54,0,0,59,55,62,0,0,0,52,243,0,0,0,125,0,0,0,0,0,0,0,54,0,0,0,0,0,60,53,68,130,125,65,53,0,0,0,0,0,0,
+0,0,0,52,117,0,126,0,126,0,0,0,0,0,137,0,0,0,0,65,61,0,0,0,0,0,0,56,64,117,0,0,0,0,0,0,0,125,0,0,0,54,0,0,0,0,60,64,122,0,0,0,0,94,0,0,0,0,0,0,
+0,0,0,63,71,0,0,0,0,0,0,0,0,0,0,126,0,0,0,251,54,0,0,0,0,0,56,64,242,0,126,0,0,0,125,0,0,0,0,0,0,65,61,0,0,56,64,0,127,127,0,0,0,94,0,0,0,0,0,0,
+0,0,0,0,48,0,0,0,0,123,0,0,0,0,0,0,0,0,0,0,65,57,0,0,0,56,68,0,0,0,0,0,0,0,0,0,0,113,0,0,0,125,65,53,53,68,0,0,0,0,0,0,0,94,0,0,0,0,0,0,
+0,56,49,49,64,0,0,0,0,0,125,0,0,0,0,0,0,0,0,0,0,69,57,0,0,48,122,125,0,0,0,0,0,70,55,51,55,67,0,0,0,0,0,125,0,0,0,0,0,0,0,0,0,94,0,0,0,0,0,0,
+0,52,240,0,0,0,0,66,51,67,0,0,0,0,0,0,0,0,0,0,0,0,65,53,49,68,0,0,0,0,0,66,51,58,0,0,0,52,0,0,0,0,0,0,0,0,0,0,0,0,70,51,55,55,0,0,0,0,0,0,
+60,64,0,0,0,0,70,62,0,63,67,0,0,0,0,0,0,0,0,243,0,0,0,253,142,125,0,0,66,55,51,62,0,0,0,0,0,63,51,55,67,0,0,0,0,124,0,0,0,70,62,0,0,0,0,0,0,0,0,0,
+52,129,0,0,0,0,50,0,0,0,48,247,0,0,0,0,0,0,0,0,0,123,0,0,125,0,0,0,50,0,0,0,0,0,0,0,0,0,0,0,48,0,0,127,0,0,0,0,0,50,0,0,0,0,0,0,0,0,0,0,
+52,131,0,0,0,70,58,0,0,0,52,0,0,0,0,0,0,0,0,0,0,0,125,0,0,0,0,0,54,0,0,0,0,0,0,0,0,0,0,56,68,0,254,0,0,0,0,70,51,62,0,0,0,0,0,0,0,0,0,0,
+59,67,0,0,0,50,0,0,0,0,48,0,0,0,0,0,121,0,0,240,0,0,0,0,0,127,0,0,69,61,0,0,0,0,0,0,0,0,56,64,0,0,116,0,0,0,0,50,0,0,0,0,0,0,0,0,0,0,0,0,
+0,52,0,0,0,69,57,0,0,0,63,71,0,0,0,0,0,0,74,75,0,0,0,0,0,0,0,0,0,50,0,0,0,0,0,0,0,60,68,0,248,0,0,0,0,0,0,65,61,0,0,0,0,0,0,0,0,0,0,0,
+0,48,0,0,0,0,65,61,0,0,0,48,0,243,0,124,73,0,0,0,126,0,0,0,0,0,0,117,0,65,49,49,57,0,0,56,49,64,0,116,0,114,0,115,123,0,0,0,54,0,0,0,0,0,0,0,0,0,0,0,
+0,48,243,0,0,0,0,54,0,0,60,64,0,0,0,0,72,0,0,0,0,0,0,0,0,0,0,114,0,0,247,0,69,53,53,64,128,0,124,0,0,0,0,0,0,0,126,0,50,0,0,0,0,0,0,0,0,0,0,0,
+0,63,71,0,0,0,0,65,53,49,68,0,0,0,0,0,0,0,0,0,0,0,0,0,244,0,0,0,0,0,0,0,241,0,122,125,0,0,0,0,136,0,0,0,0,0,0,0,69,49,0,0,0,0,0,0,0,0,0,0,
+0,0,48,0,246,0,0,0,0,0,0,0,0,0,0,0,117,0,0,0,0,0,0,0,0,0,0,0,0,0,0,0,0,0,0,0,0,124,0,0,0,0,0,0,0,0,0,0,0,0,50,0,0,0,0,0,0,0,0,0,
+0,0,63,51,51,67,0,0,0,0,0,0,124,0,0,0,0,0,0,0,66,51,67,0,0,0,0,0,0,0,0,0,0,0,0,0,0,0,0,0,127,0,0,0,252,0,0,126,0,0,69,53,61,0,0,0,0,0,0,0,
+0,0,0,0,0,48,0,96,0,0,0,0,123,0,0,0,70,55,55,51,58,0,52,241,0,127,0,0,128,0,0,0,0,0,0,0,0,0,0,0,0,0,0,0,0,0,126,0,0,0,0,0,69,53,61,0,0,0,0,0,
+0,0,0,0,0,63,51,71,0,0,116,0,0,0,0,0,50,0,0,0,0,0,63,55,71,0,0,0,124,0,0,0,0,0,0,0,0,0,114,0,0,0,0,0,0,0,0,0,0,0,0,0,0,0,54,0,0,0,0,0,
+0,0,0,0,0,0,0,59,67,0,0,0,0,125,0,0,54,0,0,0,0,0,0,0,52,0,0,0,0,0,0,98,0,0,0,0,0,0,0,0,0,0,0,0,0,0,0,0,0,0,0,0,0,250,69,61,0,0,0,0,
+0,0,0,0,0,0,0,0,59,51,51,51,71,0,0,0,65,57,0,0,0,0,0,56,64,0,0,0,121,0,0,0,0,0,0,0,0,0,0,0,0,0,0,0,0,0,247,0,0,124,124,0,0,0,0,65,61,0,0,0,
+0,0,0,0,0,0,0,0,0,0,0,0,0,71,244,0,241,65,49,61,0,0,56,68,0,0,0,123,125,115,0,0,0,0,0,0,0,0,0,0,0,0,0,0,0,0,133,0,0,0,0,0,0,0,0,0,50,0,0,0,
+0,0,0,0,0,0,0,0,0,0,0,0,0,48,0,0,0,121,124,65,53,49,68,0,0,0,0,0,122,0,0,0,0,0,0,0,0,0,0,0,0,0,0,0,0,0,0,0,0,0,0,0,0,0,244,0,69,57,0,0,
+0,0,0,0,0,0,0,0,0,0,0,0,0,52,121,0,0,0,117,0,137,0,0,0,0,0,0,0,117,0,0,0,0,0,0,0,0,0,0,0,0,0,0,0,0,0,0,0,0,0,0,0,0,0,0,0,123,50,0,0,
+0,0,0,0,0,0,0,0,0,0,0,0,0,59,71,116,0,0,0,123,0,0,0,0,0,0,0,0,244,127,0,0,0,0,0,0,0,0,0,0,0,0,0,0,0,0,0,125,0,0,0,102,0,0,0,0,0,69,61,0,
+0,0,0,0,0,0,0,0,0,0,0,0,0,0,52,126,0,0,0,0,0,0,0,0,0,0,0,0,243,0,0,0,0,0,0,0,0,127,0,0,0,0,0,0,0,0,135,0,0,0,0,125,0,0,74,75,0,0,65,57,
+0,0,0,0,0,0,0,0,0,0,0,0,0,0,52,0,0,0,0,0,0,0,0,124,74,75,0,0,0,117,0,0,0,255,0,125,0,0,0,0,0,0,0,0,0,0,0,130,0,124,0,0,0,0,0,96,0,0,0,54,
+0,0,0,0,0,0,0,0,0,0,0,0,0,60,64,245,124,131,0,0,0,0,0,0,0,0,0,125,0,0,0,0,0,0,0,0,0,0,0,0,0,116,0,0,0,0,0,117,0,0,0,0,73,98,0,0,0,0,0,50,
+0,0,0,0,0,0,0,0,0,0,0,0,0,52,0,0,120,123,0,0,0,0,0,0,114,0,0,0,128,0,0,100,124,0,0,0,127,0,0,0,0,0,0,0,0,0,0,0,0,137,0,0,72,0,0,0,0,0,70,58,
+0,0,0,0,0,0,0,0,0,0,0,0,0,48,0,0,127,0,0,0,0,0,0,0,0,0,0,0,0,0,0,0,0,0,0,0,0,0,124,0,0,0,0,0,0,0,0,0,0,0,0,0,0,0,122,0,0,0,50,0,
+0,0,0,0,0,0,0,0,0,0,0,0,0,59,67,0,0,0,0,0,0,0,0,0,0,0,0,0,0,0,130,0,124,0,0,70,51,67,0,122,0,0,250,0,0,0,0,0,251,116,0,125,0,0,124,0,0,66,62,0,
+0,0,0,0,0,0,0,0,0,0,0,0,0,0,52,0,243,0,74,75,0,0,0,126,0,0,0,0,0,127,122,0,0,0,0,54,0,63,51,67,0,0,255,0,0,0,70,55,67,0,0,0,0,0,0,0,0,54,0,0,
+0,0,0,0,0,0,0,0,0,0,0,0,0,0,63,71,0,0,0,0,0,127,0,0,122,0,0,0,0,0,0,0,0,0,70,62,0,0,0,59,55,51,67,0,0,70,58,0,63,55,51,67,0,0,0,0,70,58,0,0,
+0,0,0,0,0,0,0,0,0,0,0,0,0,0,0,59,51,71,0,0,0,73,136,0,0,0,0,0,0,0,0,0,0,0,54,0,0,0,0,0,0,0,63,51,55,62,0,0,0,0,0,52,0,0,255,0,54,0,0,0,
+0,0,0,0,0,0,0,0,0,0,0,0,0,0,0,0,0,48,0,124,0,72,0,0,0,127,0,0,0,0,0,0,0,70,58,0,0,0,0,0,0,0,0,0,0,0,0,0,0,0,0,59,55,71,0,0,54,0,0,0,
+0,0,0,0,0,0,0,0,0,0,0,0,0,0,0,0,0,59,55,71,0,0,0,0,0,0,0,0,0,0,0,70,51,58,0,0,0,0,0,0,0,0,0,0,0,0,0,0,0,0,0,0,0,59,55,51,58,0,0,0,
+0,0,0,0,0,0,0,0,0,0,0,0,0,0,0,0,0,0,0,63,55,51,55,51,67,0,0,115,0,0,66,58,0,0,0,0,0,0,0,0,0,0,0,0,0,0,0,0,0,0,0,0,0,0,0,0,0,0,0,0,
+0,0,0,0,0,0,0,0,0,0,0,0,0,0,0,0,0,0,0,0,0,0,0,0,59,71,245,121,0,0,50,0,0,0,0,0,0,0,0,0,0,0,0,0,0,0,0,0,0,0,0,0,0,0,0,0,0,0,0,0,
+0,0,0,0,0,0,0,0,0,0,0,0,0,0,0,0,0,0,0,0,0,0,0,0,0,48,0,0,0,0,54,0,0,0,0,0,0,0,0,0,0,0,0,0,0,0,0,0,0,0,0,0,0,0,0,0,0,0,0,0,
+0,0,0,0,0,0,0,0,0,0,0,0,0,0,0,0,0,0,0,0,0,0,0,0,0,48,254,0,0,0,65,49,57,0,0,0,0,0,0,0,0,0,0,0,0,0,0,0,0,0,0,0,0,0,0,0,0,0,0,0,
+0,0,0,0,0,0,0,0,0,0,0,0,0,0,0,0,0,0,0,0,0,0,0,0,0,63,71,125,0,0,117,0,50,0,0,0,0,0,0,0,0,0,0,0,0,0,0,0,0,0,0,0,0,0,0,0,0,0,0,0,
+0,0,0,0,0,0,0,0,0,0,0,0,0,0,0,0,0,0,0,0,0,0,0,0,0,0,52,0,0,0,0,0,50,0,0,0,0,0,0,0,0,0,0,0,0,0,0,0,0,0,0,0,0,0,0,0,0,0,0,0,
+0,0,0,0,0,0,0,0,0,0,0,0,0,0,0,0,0,0,0,0,0,0,0,0,0,0,59,67,0,0,0,0,50,0,0,0,0,0,0,0,0,0,0,0,0,0,0,0,0,0,0,0,0,0,0,0,0,0,0,0,
+0,0,0,0,0,0,0,0,0,0,0,0,0,0,0,0,0,0,0,0,0,0,0,0,0,0,0,48,116,0,0,0,65,57,0,0,0,0,0,0,0,0,0,0,0,0,0,0,0,0,0,0,0,0,0,0,0,0,0,0,
+0,0,0,0,0,0,0,0,0,0,0,0,0,0,0,0,0,0,0,0,0,0,0,0,0,0,0,63,71,0,0,0,0,54,0,0,0,0,0,0,0,0,0,0,0,0,0,0,0,0,0,0,0,0,0,0,0,0,0,0,
+0,0,0,0,0,0,0,0,0,0,0,0,0,0,0,0,0,0,0,0,0,0,0,0,0,0,0,0,52,115,0,0,0,50,0,0,0,0,0,0,0,0,0,0,0,0,0,0,0,0,0,0,0,0,0,0,0,0,0,0,
+0,0,0,0,0,0,0,0,0,0,0,0,0,0,0,0,0,0,0,0,0,0,0,0,0,0,0,0,0,0,0,0,120,0,0,0,0,0,0,0,0,0,0,0,0,0,0,0,0,0,0,0,0,0,0,0,0,0,0,0,
+0,0,0,0,0,0,0,0,0,0,0,0,0,0,0,0,0,0,0,0,0,0,0,0,0,0,0,0,0,0,0,0,0,0,0,0,0,0,0,0,0,0,0,0,0,0,0,0,0,0,0,0,0,0,0,0,0,0,0,0
+
+[layer]
+type=collision
+data=
+3,3,3,3,3,3,3,3,3,3,3,3,3,3,3,3,3,3,3,3,3,3,3,3,3,3,3,3,3,3,3,3,3,3,3,3,3,3,3,3,3,3,3,3,3,3,3,3,3,3,3,3,3,3,3,3,3,3,3,3,
+3,3,3,1,0,0,0,0,2,2,2,2,2,2,2,1,3,3,3,3,3,3,3,3,3,3,3,3,3,3,3,3,3,3,3,3,3,3,3,3,3,3,3,3,3,3,3,3,3,3,3,3,3,3,3,3,3,3,3,3,
+3,3,3,1,0,0,0,0,2,2,2,2,2,2,2,1,3,3,3,3,3,3,3,3,3,3,3,3,3,3,3,3,3,3,3,3,3,3,3,3,3,3,3,3,3,3,3,3,3,3,3,3,3,3,3,3,3,3,3,3,
+3,3,3,1,0,0,0,0,2,2,2,2,2,2,2,1,1,3,1,1,1,1,3,3,3,3,3,3,3,3,3,3,3,3,3,3,3,3,3,3,3,3,3,3,3,3,3,3,3,3,3,3,3,3,3,3,3,3,3,3,
+3,3,3,1,0,0,0,0,2,2,2,2,2,2,2,1,1,1,1,1,0,1,1,1,3,3,3,3,3,3,3,3,3,3,3,3,3,3,3,3,3,3,3,3,3,3,3,3,3,3,3,3,3,3,3,3,3,3,3,3,
+3,3,3,1,1,0,0,0,0,2,2,2,2,2,2,2,0,1,1,0,0,0,0,1,1,1,3,3,3,3,3,3,3,3,3,3,3,3,3,3,3,3,3,3,3,3,3,3,3,3,3,3,3,3,3,3,3,3,3,3,
+3,3,3,3,1,0,0,0,0,0,0,0,2,2,0,0,0,0,0,0,0,0,0,0,0,1,3,3,3,3,3,3,3,3,3,3,3,3,3,3,3,3,3,3,3,3,3,3,3,3,3,3,3,3,3,3,3,3,3,3,
+3,3,3,3,1,1,0,0,0,2,2,2,2,2,2,2,0,0,0,0,0,0,0,0,0,1,1,3,3,3,3,3,3,3,3,3,3,3,3,3,3,3,3,3,3,3,3,3,3,3,3,3,3,3,3,3,3,3,3,3,
+3,3,3,3,3,1,0,0,2,2,2,2,2,2,2,2,0,0,0,0,0,0,0,0,0,0,1,1,1,3,1,1,1,1,3,3,3,3,3,3,3,3,3,3,3,3,3,3,3,3,3,3,3,3,3,3,3,3,3,3,
+3,3,3,3,3,1,0,0,2,2,2,2,2,2,2,0,0,0,0,0,0,0,0,0,0,0,0,0,1,1,1,1,0,1,1,1,1,3,3,3,3,3,3,3,3,3,3,3,3,3,3,3,3,3,3,3,3,3,3,3,
+3,3,3,3,1,1,0,0,2,2,2,2,2,2,2,0,0,0,0,0,0,0,0,0,0,0,0,0,0,0,0,0,0,0,0,1,1,1,3,3,3,3,3,3,3,3,3,3,3,3,3,3,3,3,3,3,3,3,3,3,
+3,3,3,3,1,1,0,0,2,2,2,2,2,2,2,0,0,0,0,1,1,1,0,0,0,1,1,1,0,0,0,0,0,0,0,0,0,1,1,1,3,3,3,3,3,3,3,3,3,3,3,3,3,3,3,3,3,3,3,3,
+3,3,3,1,1,0,0,0,2,2,2,2,2,2,0,0,0,0,0,1,3,1,1,0,1,1,3,3,1,0,0,0,0,0,0,0,0,0,0,1,1,1,3,3,3,3,3,3,3,1,1,1,1,3,3,3,3,3,3,3,
+3,3,3,1,1,0,0,0,2,2,2,2,2,2,0,0,0,0,0,1,3,3,1,1,1,3,3,3,1,1,0,0,0,0,0,0,0,0,0,0,0,1,3,3,3,3,3,1,1,1,2,0,1,1,3,3,3,3,3,3,
+3,3,3,1,0,0,0,0,0,2,2,2,2,2,2,0,0,0,0,1,1,3,3,3,3,3,3,1,1,0,0,0,0,0,0,0,0,0,0,0,0,1,3,3,3,3,1,1,0,0,0,0,0,0,3,3,3,3,3,3,
+3,3,3,1,1,0,0,0,0,2,2,2,2,2,2,0,0,0,0,1,1,3,3,3,3,3,1,1,1,0,0,0,0,0,0,0,0,0,0,0,0,1,1,3,3,1,1,0,0,0,0,0,0,0,3,3,3,3,3,3,
+3,3,3,3,1,0,0,0,0,0,2,2,2,2,2,2,0,0,0,0,1,1,3,3,3,1,1,0,0,0,0,0,0,0,0,0,0,0,0,0,0,0,1,1,1,1,0,0,0,0,0,0,0,0,3,3,3,3,3,3,
+3,1,1,1,1,0,0,0,0,0,2,2,2,2,2,2,2,0,0,0,0,1,1,3,3,1,0,0,0,0,0,0,0,1,1,1,1,1,0,0,0,0,0,0,0,0,0,0,0,0,0,0,0,0,3,3,3,3,3,3,
+3,1,1,0,0,0,0,1,1,1,2,2,2,2,2,2,2,2,0,0,0,0,1,1,1,1,0,0,0,0,0,1,1,1,1,3,3,1,0,0,0,0,0,0,0,0,0,0,0,0,1,1,1,1,3,3,3,3,3,3,
+1,1,0,0,0,0,1,1,3,1,1,2,2,2,2,2,2,2,2,1,2,0,0,1,2,0,0,0,1,1,1,1,3,3,3,3,3,1,1,1,1,0,0,0,0,0,0,0,0,1,1,3,3,3,3,3,3,3,3,3,
+1,2,0,0,0,0,1,3,3,3,1,1,2,2,2,2,2,2,2,2,2,2,0,0,0,0,0,0,1,3,3,3,3,3,3,3,3,3,3,3,1,0,0,0,0,0,0,0,0,1,3,3,3,3,3,3,3,3,3,3,
+1,2,0,0,0,1,1,3,3,3,1,2,2,2,2,2,2,2,2,2,2,2,2,0,0,0,0,0,1,3,3,3,3,3,3,3,3,3,3,1,1,0,1,0,0,0,0,1,1,1,3,3,3,3,3,3,3,3,3,3,
+1,1,0,0,0,1,3,3,3,3,1,2,2,2,2,2,0,0,0,1,2,2,2,2,2,0,0,0,1,1,3,3,3,3,3,3,3,3,1,1,2,2,2,0,0,0,0,1,3,3,3,3,3,3,3,3,3,3,3,3,
+3,1,0,0,0,1,1,3,3,3,1,1,2,2,2,2,0,0,2,2,0,2,2,2,2,2,2,2,0,1,3,3,3,3,3,3,3,1,1,2,2,2,2,2,0,0,0,1,1,3,3,3,3,3,3,3,3,3,3,3,
+3,1,0,0,0,0,1,1,3,3,3,1,2,2,2,2,2,0,0,0,0,0,2,2,2,2,2,2,2,1,1,1,1,3,3,1,1,1,0,2,2,2,2,2,0,0,0,0,1,3,3,3,3,3,3,3,3,3,3,3,
+3,1,1,0,0,0,0,1,3,3,1,1,2,2,2,0,2,0,0,0,0,0,0,0,2,2,2,2,2,2,2,2,1,1,1,1,2,0,0,0,2,2,2,2,2,0,0,0,1,3,3,3,3,3,3,3,3,3,3,3,
+3,1,1,0,0,0,0,1,1,1,1,0,0,0,0,0,0,0,0,0,0,0,0,0,1,2,2,2,2,2,2,2,2,2,0,0,0,0,0,0,2,2,2,2,2,0,0,0,1,1,3,3,3,3,3,3,3,3,3,3,
+3,3,1,0,1,0,0,0,0,0,0,0,2,2,2,0,0,0,0,0,0,0,0,0,0,0,2,2,2,2,2,2,2,2,2,2,0,0,0,0,2,2,2,2,0,0,0,0,0,0,1,3,3,3,3,3,3,3,3,3,
+3,3,1,1,1,1,0,0,0,0,0,0,2,2,2,0,0,0,0,0,1,1,1,0,0,0,2,2,2,2,2,2,2,2,2,2,0,2,2,2,2,2,2,2,1,0,0,0,0,0,1,1,1,3,3,3,3,3,3,3,
+3,3,3,3,3,1,0,2,0,0,0,0,2,2,2,2,1,1,1,1,1,3,1,1,0,0,0,2,2,2,2,2,2,2,2,2,0,2,2,2,2,2,2,2,2,0,0,0,0,0,0,0,1,1,1,3,3,3,3,3,
+3,3,3,3,3,1,1,1,0,0,0,0,2,2,2,2,1,3,3,3,3,3,1,1,1,0,0,0,2,2,2,2,2,2,2,2,0,2,2,2,2,2,2,2,2,2,0,0,0,0,0,0,0,0,1,3,3,3,3,3,
+3,3,3,3,3,3,3,1,1,0,0,0,0,2,2,2,1,3,3,3,3,3,3,3,1,0,0,0,0,0,0,2,2,2,2,2,0,2,2,2,2,2,2,2,2,2,0,0,0,0,0,0,0,1,1,1,3,3,3,3,
+3,3,3,3,3,3,3,3,1,1,1,1,1,2,2,2,1,1,3,3,3,3,3,1,1,0,0,0,2,2,2,2,2,2,2,2,0,2,2,2,2,2,2,2,2,2,1,0,0,0,0,0,0,0,0,1,1,3,3,3,
+3,3,3,3,3,3,3,3,3,3,3,3,3,1,1,2,2,1,1,1,3,3,1,1,0,0,0,0,2,2,2,2,2,2,2,2,0,2,2,2,2,2,2,2,2,2,1,0,0,0,0,0,0,0,0,0,1,3,3,3,
+3,3,3,3,3,3,3,3,3,3,3,3,3,1,2,2,2,2,2,1,1,1,1,0,0,0,0,0,2,2,2,2,2,2,2,2,0,0,0,0,0,0,0,0,0,0,0,0,0,0,0,0,0,0,1,0,1,1,3,3,
+3,3,3,3,3,3,3,3,3,3,3,3,3,1,2,2,2,2,2,0,2,0,0,0,0,0,0,0,0,2,2,2,2,2,2,2,0,0,0,0,0,0,0,0,0,0,0,0,0,0,0,0,0,0,0,0,0,1,3,3,
+3,3,3,3,3,3,3,3,3,3,3,3,3,1,1,2,2,2,2,0,0,0,0,0,0,0,0,0,1,2,2,2,2,2,2,2,0,2,2,2,2,2,2,2,2,2,0,0,0,0,0,2,0,0,0,0,0,1,1,3,
+3,3,3,3,3,3,3,3,3,3,3,3,3,3,1,2,2,2,2,2,0,0,0,0,0,0,0,0,1,2,2,2,2,2,2,0,0,0,0,2,2,2,2,2,2,2,1,0,0,0,0,0,0,0,2,2,0,0,1,1,
+3,3,3,3,3,3,3,3,3,3,3,3,3,3,1,2,2,2,2,2,2,0,2,2,2,2,0,2,2,2,2,2,0,1,0,0,0,0,0,0,2,2,2,2,2,2,2,2,0,0,0,0,0,0,0,2,0,0,0,1,
+3,3,3,3,3,3,3,3,3,3,3,3,3,1,1,1,2,2,2,2,2,0,2,2,2,2,2,2,2,2,2,2,0,0,0,0,0,0,0,0,0,2,2,2,2,2,2,2,0,0,0,0,2,2,0,0,0,0,0,1,
+3,3,3,3,3,3,3,3,3,3,3,3,3,1,0,0,0,0,2,2,2,0,2,2,2,2,2,2,2,2,2,2,0,0,0,0,0,0,0,0,0,2,2,2,2,2,2,2,0,2,0,0,2,0,0,0,0,0,1,1,
+3,3,3,3,3,3,3,3,3,3,3,3,3,1,0,0,0,0,0,0,2,0,2,2,2,2,2,2,2,2,2,0,0,0,0,0,0,0,0,0,0,0,2,2,2,2,2,0,0,0,0,0,0,0,0,0,0,0,1,1,
+3,3,3,3,3,3,3,3,3,3,3,3,3,1,1,0,0,0,0,0,0,0,0,0,2,2,2,2,2,2,2,0,0,0,0,1,1,1,0,0,0,0,1,2,2,2,2,0,1,0,0,0,0,0,0,0,0,1,1,3,
+3,3,3,3,3,3,3,3,3,3,3,3,3,3,1,0,1,0,2,2,0,0,0,0,2,2,2,2,2,2,0,0,0,0,0,1,3,1,1,1,0,0,1,2,2,2,1,1,1,0,0,0,0,0,0,0,0,1,3,3,
+3,3,3,3,3,3,3,3,3,3,3,3,3,3,1,1,0,0,0,0,0,0,0,0,0,2,2,2,2,0,0,0,0,0,1,1,3,3,3,1,1,1,1,2,2,1,1,3,1,1,1,1,0,0,0,0,1,1,3,3,
+3,3,3,3,3,3,3,3,3,3,3,3,3,3,3,1,1,1,0,0,0,2,2,0,0,0,0,0,0,0,0,0,0,0,1,3,3,3,3,3,3,3,1,1,1,1,3,3,3,3,3,1,0,0,1,0,1,3,3,3,
+3,3,3,3,3,3,3,3,3,3,3,3,3,3,3,3,3,1,0,0,0,2,0,0,0,2,2,2,2,2,0,0,0,1,1,3,3,3,3,3,3,3,3,3,3,3,3,3,3,3,3,1,1,1,0,0,1,3,3,3,
+3,3,3,3,3,3,3,3,3,3,3,3,3,3,3,3,3,1,1,1,0,0,0,0,0,2,2,2,2,2,0,1,1,1,3,3,3,3,3,3,3,3,3,3,3,3,3,3,3,3,3,3,3,1,1,1,1,3,3,3,
+3,3,3,3,3,3,3,3,3,3,3,3,3,3,3,3,3,3,3,1,1,1,1,1,1,2,2,2,2,2,1,1,3,3,3,3,3,3,3,3,3,3,3,3,3,3,3,3,3,3,3,3,3,3,3,3,3,3,3,3,
+3,3,3,3,3,3,3,3,3,3,3,3,3,3,3,3,3,3,3,3,3,3,3,3,1,1,1,2,2,2,1,3,3,3,3,3,3,3,3,3,3,3,3,3,3,3,3,3,3,3,3,3,3,3,3,3,3,3,3,3,
+3,3,3,3,3,3,3,3,3,3,3,3,3,3,3,3,3,3,3,3,3,3,3,3,3,1,2,2,2,2,1,3,3,3,3,3,3,3,3,3,3,3,3,3,3,3,3,3,3,3,3,3,3,3,3,3,3,3,3,3,
+3,3,3,3,3,3,3,3,3,3,3,3,3,3,3,3,3,3,3,3,3,3,3,3,3,1,1,2,2,2,1,1,1,3,3,3,3,3,3,3,3,3,3,3,3,3,3,3,3,3,3,3,3,3,3,3,3,3,3,3,
+3,3,3,3,3,3,3,3,3,3,3,3,3,3,3,3,3,3,3,3,3,3,3,3,3,1,1,2,2,2,2,2,1,3,3,3,3,3,3,3,3,3,3,3,3,3,3,3,3,3,3,3,3,3,3,3,3,3,3,3,
+3,3,3,3,3,3,3,3,3,3,3,3,3,3,3,3,3,3,3,3,3,3,3,3,3,3,1,2,2,2,2,2,1,3,3,3,3,3,3,3,3,3,3,3,3,3,3,3,3,3,3,3,3,3,3,3,3,3,3,3,
+3,3,3,3,3,3,3,3,3,3,3,3,3,3,3,3,3,3,3,3,3,3,3,3,3,3,1,1,2,2,2,2,1,3,3,3,3,3,3,3,3,3,3,3,3,3,3,3,3,3,3,3,3,3,3,3,3,3,3,3,
+3,3,3,3,3,3,3,3,3,3,3,3,3,3,3,3,3,3,3,3,3,3,3,3,3,3,3,1,2,2,2,2,1,1,3,3,3,3,3,3,3,3,3,3,3,3,3,3,3,3,3,3,3,3,3,3,3,3,3,3,
+3,3,3,3,3,3,3,3,3,3,3,3,3,3,3,3,3,3,3,3,3,3,3,3,3,3,3,1,1,2,2,2,2,1,3,3,3,3,3,3,3,3,3,3,3,3,3,3,3,3,3,3,3,3,3,3,3,3,3,3,
+3,3,3,3,3,3,3,3,3,3,3,3,3,3,3,3,3,3,3,3,3,3,3,3,3,3,3,3,1,2,2,2,2,1,3,3,3,3,3,3,3,3,3,3,3,3,3,3,3,3,3,3,3,3,3,3,3,3,3,3,
+3,3,3,3,3,3,3,3,3,3,3,3,3,3,3,3,3,3,3,3,3,3,3,3,3,3,3,3,3,3,3,3,3,3,3,3,3,3,3,3,3,3,3,3,3,3,3,3,3,3,3,3,3,3,3,3,3,3,3,3,
+3,3,3,3,3,3,3,3,3,3,3,3,3,3,3,3,3,3,3,3,3,3,3,3,3,3,3,3,3,3,3,3,3,3,3,3,3,3,3,3,3,3,3,3,3,3,3,3,3,3,3,3,3,3,3,3,3,3,3,3
+
+[event]
+# to Stonewood
+type=on_trigger
+location=4,1,4,1
+intermap=maps/stonewood.txt,52,76
+
+[event]
+# lumber
+type=on_trigger
+location=13,6,1,1
+hotspot=location
+mapmod=background,12,6,198;object,13,6,0;collision,12,6,0;collision,13,6,0
+reachable_from=14,6,2,1
+repeat=false
+requires_not_status=emp_goblincamp_shortcut
+set_status=emp_goblincamp_shortcut
+soundfx=soundfx/inventory/inventory_wood.ogg
+tooltip=Lumber
+
+[event]
+# open shortcut (on load)
+type=on_load
+location=12,4,1,1
+mapmod=background,12,6,198;object,13,6,0;collision,12,6,0;collision,13,6,0
+requires_status=emp_goblincamp_shortcut
+
+[event]
+# Supplies
+type=on_trigger
+location=7,29,1,1
+hotspot=location
+loot=loot/leveled_low.txt
+mapmod=object,7,29,97
+repeat=false
+soundfx=soundfx/wood_open.ogg
+tooltip=Supplies
+
+[event]
+# Supplies
+type=on_trigger
+location=31,31,1,1
+hotspot=location
+loot=loot/leveled_low.txt
+mapmod=object,31,31,99
+repeat=false
+soundfx=soundfx/wood_open.ogg
+tooltip=Supplies
+
+[event]
+# Supplies
+type=on_trigger
+location=53,39,1,1
+hotspot=location
+loot=loot/leveled_low.txt
+mapmod=object,53,39,99
+repeat=false
+soundfx=soundfx/wood_open.ogg
+tooltip=Supplies
+
+[event]
+# Supplies
+type=on_trigger
+location=55,38,1,1
+hotspot=location
+loot=loot/leveled_low.txt
+mapmod=object,55,38,97
+repeat=false
+soundfx=soundfx/wood_open.ogg
+tooltip=Supplies
+
+[event]
+# Wind and crickets sound effect
+type=on_load
+location=0,0,1,1
+soundfx=soundfx/environment/wind_loop.ogg
+
+[event]
+# River sound
+type=on_load
+location=12,8,1,1
+soundfx=soundfx/environment/river_loop.ogg
+
+[event]
+# River sound
+type=on_load
+location=13,18,1,1
+soundfx=soundfx/environment/river_loop.ogg
+
+[event]
+# River sound
+type=on_load
+location=30,28,1,1
+soundfx=soundfx/environment/river_loop.ogg
+
+[event]
+# River sound
+type=on_load
+location=42,31,1,1
+soundfx=soundfx/environment/river_loop.ogg
+
+[event]
+# River sound
+type=on_load
+location=31,38,1,1
+soundfx=soundfx/environment/river_loop.ogg
+
+[event]
+# River sound
+type=on_load
+location=28,51,1,1
+soundfx=soundfx/environment/river_loop.ogg
+
+[event]
+# River sound
+type=on_load
+location=18,38,1,1
+soundfx=soundfx/environment/river_loop.ogg
+
+[event]
+# River sound
+type=on_load
+location=14,27,1,1
+soundfx=soundfx/environment/river_loop.ogg
+
+[event]
+# Bird twitter
+type=on_load
+location=19,17,1,1
+soundfx=soundfx/environment/bird_twitter_loop.ogg
+
+[event]
+# Raven sound effect
+type=on_load
+location=5,11,1,1
+soundfx=soundfx/environment/raven_loop.ogg
+
+[event]
+# Forrest owl sound effect
+type=on_load
+location=4,27,1,1
+soundfx=soundfx/environment/forest_owl_loop.ogg
+
+[event]
+# Raven sound effect
+type=on_load
+location=26,49,1,1
+soundfx=soundfx/environment/raven_loop.ogg
+
+[event]
+# Forrest owl sound effect
+type=on_load
+location=42,43,1,1
+soundfx=soundfx/environment/forest_owl_loop.ogg
+
+[event]
+# Bird twitter
+type=on_load
+location=54,34,1,1
+soundfx=soundfx/environment/bird_twitter_loop.ogg
+
+[event]
+# Raven sound effect
+type=on_load
+location=40,23,1,1
+soundfx=soundfx/environment/raven_loop.ogg
+
+[enemy]
+# goblins
+type=goblin
+location=2,24,11,8
+level=1,4
+number=3,5
+
+[enemy]
+# goblins
+type=goblin
+location=15,23,10,7
+level=1,4
+number=3,5
+
+[enemy]
+# goblins
+type=goblin
+location=24,30,4,8
+level=1,4
+number=3,5
+
+[enemy]
+# goblins
+type=goblin
+location=16,42,9,5
+level=1,4
+number=3,5
+
+[enemy]
+# goblins
+type=goblin
+location=33,25,8,3
+level=1,4
+number=3,5
+
+[enemy]
+# goblins
+type=goblin
+location=36,34,10,2
+level=1,4
+number=3,5
+
+[enemy]
+# goblins
+type=goblin
+location=46,28,6,13
+level=1,4
+number=3,5
+
+[enemy]
+# goblin boss
+type=goblin_charger_elite
+location=52,35,1,1
+number=1
+
+[enemy]
+# goblins
+type=goblin
+location=29,11,10,5
+level=1,4
+number=3,5
+
+[enemy]
+# zombies
+type=zombie
+location=24,18,3,3
+level=1,3
+number=1,2
+
+[npc]
+type=npcs/traveling_merchant.txt
+location=16,5,1,1
+
diff --git a/mods/empyrean_campaign/npcs/traveling_merchant.txt b/mods/empyrean_campaign/npcs/traveling_merchant.txt
new file mode 100644
index 0000000000000000000000000000000000000000..2c269d8ef6a953a06df40a57434582d41df38c4c
--- /dev/null
+++ b/mods/empyrean_campaign/npcs/traveling_merchant.txt
@@ -0,0 +1,20 @@
+#TODO give this guy a proper name
+
+name=Traveling Merchant
+
+portrait=images/portraits/male11.png
+
+# animation info
+gfx=animations/npcs/wandering_trader1.txt
+
+# shop info
+vendor=true
+constant_stock=1,1,1,1,1,2,2,2,2,2
+
+# voiceover files
+vox_intro=soundfx/npcs/male_merchant_01.ogg
+vox_intro=soundfx/npcs/male_merchant_02.ogg
+vox_intro=soundfx/npcs/male_merchant_03.ogg
+vox_intro=soundfx/npcs/male_merchant_04.ogg
+
+#talker=true
diff --git a/tiled/empyrean_campaign/goblin_camp.tmx b/tiled/empyrean_campaign/goblin_camp.tmx
index 2f0800db53b24b0577c5cd1f0662caec92a342c2..d324ab9493f4101ba67d406b9e14d9202414b476 100644
--- a/tiled/empyrean_campaign/goblin_camp.tmx
+++ b/tiled/empyrean_campaign/goblin_camp.tmx
@@ -1,5 +1,5 @@
 <?xml version="1.0" encoding="UTF-8"?>
-<map version="1.0" orientation="isometric" width="60" height="60" tilewidth="64" tileheight="32" backgroundcolor="#000000">
+<map version="1.0" orientation="isometric" renderorder="right-down" width="60" height="60" tilewidth="64" tileheight="32" backgroundcolor="#000000" nextobjectid="36">
  <properties>
   <property name="music" value="music/overworld_theme.ogg"/>
   <property name="tileset" value="tilesetdefs/tileset_grassland.txt"/>
@@ -221,11 +221,213 @@
 3,3,3,3,3,3,3,3,3,3,3,3,3,3,3,3,3,3,3,3,3,3,3,3,3,3,3,3,3,3,3,3,3,3,3,3,3,3,3,3,3,3,3,3,3,3,3,3,3,3,3,3,3,3,3,3,3,3,3,3
 </data>
  </layer>
- <objectgroup name="event" width="60" height="60">
-  <object name="to Stonewood" type="on_trigger" x="128" y="32" width="128" height="32">
+ <objectgroup name="event">
+  <object id="1" name="to Stonewood" type="on_trigger" x="128" y="32" width="128" height="32">
    <properties>
     <property name="intermap" value="maps/stonewood.txt,52,76"/>
    </properties>
   </object>
+  <object id="3" name="lumber" type="on_trigger" x="416" y="192" width="32" height="32">
+   <properties>
+    <property name="hotspot" value="location"/>
+    <property name="mapmod" value="background,12,6,198;object,13,6,0;collision,12,6,0;collision,13,6,0"/>
+    <property name="reachable_from" value="14,6,2,1"/>
+    <property name="repeat" value="false"/>
+    <property name="requires_not_status" value="emp_goblincamp_shortcut"/>
+    <property name="set_status" value="emp_goblincamp_shortcut"/>
+    <property name="soundfx" value="soundfx/inventory/inventory_wood.ogg"/>
+    <property name="tooltip" value="Lumber"/>
+   </properties>
+  </object>
+  <object id="4" name="open shortcut (on load)" type="on_load" x="384" y="128" width="32" height="32">
+   <properties>
+    <property name="mapmod" value="background,12,6,198;object,13,6,0;collision,12,6,0;collision,13,6,0"/>
+    <property name="requires_status" value="emp_goblincamp_shortcut"/>
+   </properties>
+  </object>
+  <object id="5" name="Supplies" type="on_trigger" x="224" y="928" width="32" height="32">
+   <properties>
+    <property name="hotspot" value="location"/>
+    <property name="loot" value="loot/leveled_low.txt"/>
+    <property name="mapmod" value="object,7,29,97"/>
+    <property name="repeat" value="false"/>
+    <property name="soundfx" value="soundfx/wood_open.ogg"/>
+    <property name="tooltip" value="Supplies"/>
+   </properties>
+  </object>
+  <object id="6" name="Supplies" type="on_trigger" x="992" y="992" width="32" height="32">
+   <properties>
+    <property name="hotspot" value="location"/>
+    <property name="loot" value="loot/leveled_low.txt"/>
+    <property name="mapmod" value="object,31,31,99"/>
+    <property name="repeat" value="false"/>
+    <property name="soundfx" value="soundfx/wood_open.ogg"/>
+    <property name="tooltip" value="Supplies"/>
+   </properties>
+  </object>
+  <object id="7" name="Supplies" type="on_trigger" x="1696" y="1248" width="32" height="32">
+   <properties>
+    <property name="hotspot" value="location"/>
+    <property name="loot" value="loot/leveled_low.txt"/>
+    <property name="mapmod" value="object,53,39,99"/>
+    <property name="repeat" value="false"/>
+    <property name="soundfx" value="soundfx/wood_open.ogg"/>
+    <property name="tooltip" value="Supplies"/>
+   </properties>
+  </object>
+  <object id="8" name="Supplies" type="on_trigger" x="1760" y="1216" width="32" height="32">
+   <properties>
+    <property name="hotspot" value="location"/>
+    <property name="loot" value="loot/leveled_low.txt"/>
+    <property name="mapmod" value="object,55,38,97"/>
+    <property name="repeat" value="false"/>
+    <property name="soundfx" value="soundfx/wood_open.ogg"/>
+    <property name="tooltip" value="Supplies"/>
+   </properties>
+  </object>
+  <object id="10" name="Wind and crickets sound effect" type="on_load" x="0" y="0" width="32" height="32">
+   <properties>
+    <property name="soundfx" value="soundfx/environment/wind_loop.ogg"/>
+   </properties>
+  </object>
+  <object id="11" name="River sound" type="on_load" x="384" y="256" width="32" height="32">
+   <properties>
+    <property name="soundfx" value="soundfx/environment/river_loop.ogg"/>
+   </properties>
+  </object>
+  <object id="12" name="River sound" type="on_load" x="416" y="576" width="32" height="32">
+   <properties>
+    <property name="soundfx" value="soundfx/environment/river_loop.ogg"/>
+   </properties>
+  </object>
+  <object id="13" name="River sound" type="on_load" x="960" y="896" width="32" height="32">
+   <properties>
+    <property name="soundfx" value="soundfx/environment/river_loop.ogg"/>
+   </properties>
+  </object>
+  <object id="14" name="River sound" type="on_load" x="1344" y="992" width="32" height="32">
+   <properties>
+    <property name="soundfx" value="soundfx/environment/river_loop.ogg"/>
+   </properties>
+  </object>
+  <object id="15" name="River sound" type="on_load" x="992" y="1216" width="32" height="32">
+   <properties>
+    <property name="soundfx" value="soundfx/environment/river_loop.ogg"/>
+   </properties>
+  </object>
+  <object id="16" name="River sound" type="on_load" x="896" y="1632" width="32" height="32">
+   <properties>
+    <property name="soundfx" value="soundfx/environment/river_loop.ogg"/>
+   </properties>
+  </object>
+  <object id="17" name="River sound" type="on_load" x="576" y="1216" width="32" height="32">
+   <properties>
+    <property name="soundfx" value="soundfx/environment/river_loop.ogg"/>
+   </properties>
+  </object>
+  <object id="18" name="River sound" type="on_load" x="448" y="864" width="32" height="32">
+   <properties>
+    <property name="soundfx" value="soundfx/environment/river_loop.ogg"/>
+   </properties>
+  </object>
+  <object id="19" name="Bird twitter" type="on_load" x="608" y="544" width="32" height="32">
+   <properties>
+    <property name="soundfx" value="soundfx/environment/bird_twitter_loop.ogg"/>
+   </properties>
+  </object>
+  <object id="20" name="Raven sound effect" type="on_load" x="160" y="352" width="32" height="32">
+   <properties>
+    <property name="soundfx" value="soundfx/environment/raven_loop.ogg"/>
+   </properties>
+  </object>
+  <object id="21" name="Forrest owl sound effect" type="on_load" x="128" y="864" width="32" height="32">
+   <properties>
+    <property name="soundfx" value="soundfx/environment/forest_owl_loop.ogg"/>
+   </properties>
+  </object>
+  <object id="22" name="Raven sound effect" type="on_load" x="832" y="1568" width="32" height="32">
+   <properties>
+    <property name="soundfx" value="soundfx/environment/raven_loop.ogg"/>
+   </properties>
+  </object>
+  <object id="23" name="Forrest owl sound effect" type="on_load" x="1344" y="1376" width="32" height="32">
+   <properties>
+    <property name="soundfx" value="soundfx/environment/forest_owl_loop.ogg"/>
+   </properties>
+  </object>
+  <object id="24" name="Bird twitter" type="on_load" x="1728" y="1088" width="32" height="32">
+   <properties>
+    <property name="soundfx" value="soundfx/environment/bird_twitter_loop.ogg"/>
+   </properties>
+  </object>
+  <object id="25" name="Raven sound effect" type="on_load" x="1280" y="736" width="32" height="32">
+   <properties>
+    <property name="soundfx" value="soundfx/environment/raven_loop.ogg"/>
+   </properties>
+  </object>
+ </objectgroup>
+ <objectgroup name="enemy">
+  <object id="2" name="goblins" type="goblin" x="64" y="768" width="352" height="256">
+   <properties>
+    <property name="level" value="1,4"/>
+    <property name="number" value="3,5"/>
+   </properties>
+  </object>
+  <object id="27" name="goblins" type="goblin" x="480" y="736" width="320" height="224">
+   <properties>
+    <property name="level" value="1,4"/>
+    <property name="number" value="3,5"/>
+   </properties>
+  </object>
+  <object id="28" name="goblins" type="goblin" x="768" y="960" width="128" height="256">
+   <properties>
+    <property name="level" value="1,4"/>
+    <property name="number" value="3,5"/>
+   </properties>
+  </object>
+  <object id="29" name="goblins" type="goblin" x="512" y="1344" width="288" height="160">
+   <properties>
+    <property name="level" value="1,4"/>
+    <property name="number" value="3,5"/>
+   </properties>
+  </object>
+  <object id="30" name="goblins" type="goblin" x="1056" y="800" width="256" height="96">
+   <properties>
+    <property name="level" value="1,4"/>
+    <property name="number" value="3,5"/>
+   </properties>
+  </object>
+  <object id="31" name="goblins" type="goblin" x="1152" y="1088" width="320" height="64">
+   <properties>
+    <property name="level" value="1,4"/>
+    <property name="number" value="3,5"/>
+   </properties>
+  </object>
+  <object id="32" name="goblins" type="goblin" x="1472" y="896" width="192" height="416">
+   <properties>
+    <property name="level" value="1,4"/>
+    <property name="number" value="3,5"/>
+   </properties>
+  </object>
+  <object id="33" name="goblin boss" type="goblin_charger_elite" x="1664" y="1120" width="32" height="32">
+   <properties>
+    <property name="number" value="1"/>
+   </properties>
+  </object>
+  <object id="34" name="goblins" type="goblin" x="928" y="352" width="320" height="160">
+   <properties>
+    <property name="level" value="1,4"/>
+    <property name="number" value="3,5"/>
+   </properties>
+  </object>
+  <object id="35" name="zombies" type="zombie" x="768" y="576" width="96" height="96">
+   <properties>
+    <property name="level" value="1,3"/>
+    <property name="number" value="1,2"/>
+   </properties>
+  </object>
+ </objectgroup>
+ <objectgroup name="npc">
+  <object id="26" type="npcs/traveling_merchant.txt" x="512" y="160" width="32" height="32"/>
  </objectgroup>
 </map>
diff --git a/tiled/empyrean_campaign/stonewood.tmx b/tiled/empyrean_campaign/stonewood.tmx
index 22db256c64df72c90acebebfcea2458fe6ff23d7..332f50750a6d2bd7639df42c97fda70e4eadb542 100644
--- a/tiled/empyrean_campaign/stonewood.tmx
+++ b/tiled/empyrean_campaign/stonewood.tmx
@@ -463,7 +463,7 @@
    </properties>
   </object>
  </objectgroup>
- <objectgroup name="enemy">
+ <objectgroup name="enemy" visible="0">
   <object id="5" name="zombies" type="zombie" x="384" y="608" width="192" height="384">
    <properties>
     <property name="level" value="1,2"/>
