diff --git a/mods/empyrean_campaign/maps/salted_field.txt b/mods/empyrean_campaign/maps/salted_field.txt
index 373b0b836ac862acb6e29bdc32cb56c27e4c200a..9d2a8ef59bde9f83a691b1d141fb01c2513d26cf 100644
--- a/mods/empyrean_campaign/maps/salted_field.txt
+++ b/mods/empyrean_campaign/maps/salted_field.txt
@@ -29,11 +29,11 @@ data=
 0,0,0,0,0,0,0,0,0,0,0,0,0,0,0,0,0,0,0,0,0,0,0,0,0,0,0,0,0,0,0,0,0,0,0,0,0,0,0,0,0,0,0,0,0,0,0,0,0,0,0,0,0,0,0,0,0,0,0,0,
 0,0,0,0,0,0,0,0,0,0,0,0,0,0,0,0,0,0,0,0,0,0,0,0,0,0,0,0,0,0,0,0,0,0,0,0,0,0,0,0,0,0,0,0,0,0,0,0,0,0,0,0,0,0,0,0,0,0,0,0,
 0,0,0,0,0,0,0,0,17,18,19,16,17,0,0,0,0,0,0,0,0,0,0,0,0,0,0,0,0,0,0,0,0,0,0,0,0,0,0,0,17,18,19,16,17,0,0,0,0,0,0,0,0,0,0,0,0,0,0,0,
-0,0,0,0,0,0,0,20,21,22,2,2,21,22,0,0,0,0,0,0,0,0,0,0,0,0,0,0,0,0,0,0,0,0,0,0,0,0,0,0,21,22,23,20,21,22,23,0,0,0,0,0,0,0,0,0,0,0,0,0,
+0,0,0,0,0,0,0,20,21,22,23,20,21,22,0,0,0,0,0,0,0,0,0,0,0,0,0,0,0,0,0,0,0,0,0,0,0,0,0,0,21,22,23,20,21,22,23,0,0,0,0,0,0,0,0,0,0,0,0,0,
 0,0,0,0,0,0,27,24,25,26,27,24,25,26,27,24,25,0,0,0,0,0,0,0,0,0,0,0,0,0,0,0,0,0,0,0,0,0,0,0,25,26,27,24,25,26,27,0,0,0,0,24,25,26,0,0,0,0,0,0,
-0,0,0,0,0,0,31,28,2,37,39,28,29,30,31,28,29,30,0,0,0,0,0,0,0,0,0,0,0,0,0,0,0,0,0,0,0,0,0,0,29,30,31,28,29,30,31,0,0,0,31,28,29,30,31,28,29,0,0,0,
-0,0,0,0,0,18,19,16,2,36,38,16,152,145,153,16,17,18,0,0,0,0,0,0,0,0,0,0,0,0,0,0,0,0,0,16,17,18,0,0,17,18,19,16,17,18,19,16,0,18,19,16,17,18,19,16,17,18,0,0,
-0,0,0,0,0,22,2,20,152,145,145,145,160,176,146,20,21,22,23,0,0,0,0,0,0,0,0,0,0,0,0,0,0,0,23,20,21,22,23,0,0,22,23,20,21,22,23,20,21,22,23,20,21,22,23,20,21,22,0,0,
+0,0,0,0,0,0,31,28,37,37,39,28,29,30,31,28,29,30,0,0,0,0,0,0,0,0,0,0,0,0,0,0,0,0,0,0,0,0,0,0,29,30,31,28,29,30,31,0,0,0,31,28,29,30,31,28,29,0,0,0,
+0,0,0,0,0,18,19,16,36,36,38,16,152,145,153,16,17,18,0,0,0,0,0,0,0,0,0,0,0,0,0,0,0,0,0,16,17,18,0,0,17,18,19,16,17,18,19,16,0,18,19,16,17,18,19,16,17,18,0,0,
+0,0,0,0,0,22,23,20,152,145,145,145,160,176,146,20,21,22,23,0,0,0,0,0,0,0,0,0,0,0,0,0,0,0,23,20,21,22,23,0,0,22,23,20,21,22,23,20,21,22,23,20,21,22,23,20,21,22,0,0,
 0,0,0,0,0,26,27,24,144,176,176,176,176,176,146,24,25,26,27,24,25,26,27,0,25,26,27,24,0,0,0,0,0,0,27,24,25,26,27,24,0,26,27,24,25,26,27,24,25,26,27,24,25,26,27,24,25,26,0,0,
 0,0,0,0,0,30,31,28,155,147,167,162,147,147,154,28,29,30,31,28,29,30,31,28,29,30,31,28,0,0,0,0,0,0,31,28,29,30,31,28,29,30,31,28,29,30,31,28,29,30,31,28,29,30,31,28,29,30,0,0,
 0,0,0,0,0,18,19,16,17,18,155,154,17,18,19,16,17,18,19,16,17,18,19,16,17,18,19,16,17,0,0,0,0,18,19,16,17,18,19,16,17,18,19,16,17,18,19,16,17,18,19,16,17,18,19,16,17,18,0,0,
@@ -53,22 +53,22 @@ data=
 0,0,0,0,0,0,0,0,0,0,0,0,0,0,0,0,0,0,0,0,0,0,0,0,0,26,27,24,25,26,27,24,25,26,27,24,25,26,27,24,25,26,27,24,25,26,27,24,25,26,27,0,0,0,0,0,0,0,0,0,
 0,0,0,0,0,0,0,0,0,0,0,0,0,0,0,0,0,0,0,0,0,0,0,0,0,30,31,28,29,30,31,28,29,30,31,28,29,30,31,28,29,30,31,28,29,30,31,28,29,30,31,28,0,0,0,0,0,0,0,0,
 0,0,0,0,0,0,0,0,0,0,0,0,0,0,0,0,0,0,0,0,0,0,0,0,17,18,19,16,17,18,19,16,17,18,19,16,17,18,19,16,17,18,19,16,17,18,19,16,17,18,19,16,17,0,0,0,0,0,0,0,
-0,0,0,0,0,0,0,0,0,0,0,0,0,0,0,0,0,0,0,0,0,0,23,20,21,2,23,20,21,22,23,20,21,22,23,20,21,22,23,20,21,22,23,20,21,22,23,20,21,22,23,20,21,22,0,0,0,0,0,0,
+0,0,0,0,0,0,0,0,0,0,0,0,0,0,0,0,0,0,0,0,0,0,23,20,21,22,23,20,21,22,23,20,21,22,23,20,21,22,23,20,21,22,23,20,21,22,23,20,21,22,23,20,21,22,0,0,0,0,0,0,
 0,0,0,0,0,0,0,0,0,0,0,0,0,0,0,0,0,0,0,0,25,26,27,24,25,26,27,24,25,26,27,156,145,157,47,24,25,26,27,24,25,26,27,24,25,26,27,24,25,26,27,24,25,26,27,0,0,0,0,0,
-0,0,0,0,0,0,0,0,0,0,0,0,0,0,0,0,0,0,0,0,29,2,31,28,29,30,31,28,29,30,31,155,163,165,153,28,29,30,152,193,145,157,31,28,29,30,31,28,29,30,31,28,29,30,31,0,0,0,0,0,
+0,0,0,0,0,0,0,0,0,0,0,0,0,0,0,0,0,0,0,0,29,30,31,28,29,30,31,28,29,30,31,155,163,165,153,28,29,30,152,193,145,157,31,28,29,30,31,28,29,30,31,28,29,30,31,0,0,0,0,0,
 0,0,0,0,0,0,0,0,0,0,0,0,0,0,0,0,0,0,0,0,17,18,19,16,17,18,19,16,17,18,19,16,159,163,161,145,145,145,164,205,176,165,145,153,17,18,19,16,17,18,19,16,17,18,19,16,0,0,0,0,
 0,0,0,0,21,22,23,0,0,0,0,0,0,0,0,20,21,22,23,20,21,22,23,20,21,22,23,20,21,22,23,20,21,155,151,167,180,181,182,207,180,181,182,161,145,157,23,20,21,22,23,20,21,22,23,20,21,0,0,0,
-0,0,0,0,25,26,27,24,25,0,0,0,0,0,0,24,25,26,2,2,2,2,27,24,25,26,27,24,25,26,27,24,25,26,27,155,151,163,186,197,184,185,186,187,184,161,153,24,25,26,27,24,25,26,27,24,25,0,0,0,
-0,0,0,0,29,30,31,28,29,30,31,0,0,0,31,28,29,30,31,46,29,37,36,36,43,30,31,28,29,30,31,28,29,30,31,28,2,148,190,191,188,189,190,191,162,151,154,28,29,30,31,28,29,30,31,28,29,0,0,0,
+0,0,0,0,25,26,27,24,25,0,0,0,0,0,0,24,25,26,27,24,25,26,27,24,25,26,27,24,25,26,27,24,25,26,27,155,151,163,186,197,184,185,186,187,184,161,153,24,25,26,27,24,25,26,27,24,25,0,0,0,
+0,0,0,0,29,30,31,28,29,30,31,0,0,0,31,28,29,30,31,46,29,37,36,36,43,30,31,28,29,30,31,28,29,30,31,28,29,148,190,191,188,189,190,191,162,151,154,28,29,30,31,28,29,30,31,28,29,0,0,0,
 0,0,0,0,17,18,19,16,17,18,19,16,17,18,19,16,17,18,19,45,38,36,36,39,40,18,19,16,17,18,19,16,17,18,19,16,17,155,167,179,176,177,162,147,158,44,19,16,17,18,19,16,17,18,19,16,17,0,0,0,
-0,0,0,0,21,22,23,20,21,22,238,20,21,2,2,20,21,22,23,20,21,22,23,20,21,22,23,20,21,22,23,20,21,22,23,20,21,22,159,151,167,181,146,20,21,22,23,20,21,22,23,20,21,22,23,20,21,0,0,0,
+0,0,0,0,21,22,23,20,21,22,238,20,21,22,23,20,21,22,23,20,21,22,23,20,21,22,23,20,21,22,23,20,21,22,23,20,21,22,159,151,167,181,146,20,21,22,23,20,21,22,23,20,21,22,23,20,21,0,0,0,
 0,0,0,0,25,26,27,24,25,45,237,24,25,26,27,24,25,26,27,24,25,26,27,24,25,26,27,24,25,26,27,24,25,26,27,24,25,26,27,24,155,147,158,24,25,26,27,24,25,26,27,24,25,26,27,24,25,0,0,0,
 0,0,0,0,29,30,31,28,29,30,236,28,29,30,31,42,34,34,34,28,29,30,31,28,29,30,31,28,29,30,31,28,29,30,31,28,29,30,31,28,29,30,31,28,29,30,31,28,29,30,31,28,29,30,31,28,0,0,0,0,
-0,0,0,16,17,2,19,232,233,234,235,16,17,18,43,33,35,39,34,16,17,18,19,16,17,18,19,16,17,18,19,16,17,18,19,16,17,18,19,16,17,18,19,16,17,18,19,16,17,18,19,16,17,0,0,0,0,0,0,0,
-0,0,0,20,21,2,23,20,21,22,23,20,21,42,42,43,21,22,23,20,21,22,23,20,21,22,23,20,21,22,23,20,21,22,23,20,21,22,23,20,21,22,23,20,21,22,23,20,21,22,23,20,21,0,0,0,0,0,0,0,
+0,0,0,16,17,18,19,232,233,234,235,16,17,18,43,33,35,39,34,16,17,18,19,16,17,18,19,16,17,18,19,16,17,18,19,16,17,18,19,16,17,18,19,16,17,18,19,16,17,18,19,16,17,0,0,0,0,0,0,0,
+0,0,0,20,21,22,23,20,21,22,23,20,21,42,42,43,21,22,23,20,21,22,23,20,21,22,23,20,21,22,23,20,21,22,23,20,21,22,23,20,21,22,23,20,21,22,23,20,21,22,23,20,21,0,0,0,0,0,0,0,
 0,0,0,24,25,26,27,24,25,26,37,32,36,32,36,24,25,26,27,24,25,26,27,24,25,26,27,24,25,26,27,24,25,26,27,24,25,26,27,24,25,26,27,24,25,26,27,24,25,26,27,24,25,0,0,0,0,0,0,0,
-0,0,0,28,29,30,31,28,29,30,35,37,35,35,31,28,29,30,31,28,29,30,31,28,29,30,31,28,29,30,31,28,29,30,31,28,29,30,31,28,29,30,31,28,2,2,31,28,29,30,31,28,29,0,0,0,0,0,0,0,
-0,0,0,16,17,18,19,16,17,18,19,16,17,18,19,16,17,18,19,16,17,18,19,16,17,18,19,16,17,18,19,16,2,18,19,16,17,18,19,16,17,18,19,16,17,36,36,16,17,18,19,16,0,0,0,0,0,0,0,0,
+0,0,0,28,29,30,31,28,29,30,35,37,35,35,31,28,29,30,31,28,29,30,31,28,29,30,31,28,29,30,31,28,29,30,31,28,29,30,31,28,29,30,31,28,29,30,31,28,29,30,31,28,29,0,0,0,0,0,0,0,
+0,0,0,16,17,18,19,16,17,18,19,16,17,18,19,16,17,18,19,16,17,18,19,16,17,18,19,16,17,18,19,16,17,18,19,16,17,18,19,16,17,18,19,16,17,36,36,16,17,18,19,16,0,0,0,0,0,0,0,0,
 0,0,0,0,21,22,23,20,21,22,23,20,21,22,23,20,21,22,23,20,21,22,23,20,21,22,23,20,21,22,23,20,21,22,23,20,21,22,23,20,21,22,23,20,21,22,23,20,21,22,23,20,0,0,0,0,0,0,0,0,
 0,0,0,0,0,26,27,24,25,26,27,24,25,26,27,24,25,26,27,24,25,26,27,24,25,26,27,24,25,26,27,24,25,26,27,24,25,26,27,24,25,26,27,24,25,26,27,24,25,26,27,0,0,0,0,0,0,0,0,0,
 0,0,0,0,0,0,31,28,29,30,31,28,29,30,31,28,29,30,31,28,29,30,31,28,29,30,31,28,29,30,31,28,29,30,31,28,29,30,31,28,29,30,31,28,29,30,31,28,29,30,0,0,0,0,0,0,0,0,0,0,
@@ -157,11 +157,11 @@ data=
 3,3,3,3,3,3,3,3,3,3,3,3,3,3,3,3,3,3,3,3,3,3,3,3,3,3,3,3,3,3,3,3,3,3,3,3,3,3,3,3,3,3,3,3,3,3,3,3,3,3,3,3,3,3,3,3,3,3,3,3,
 3,3,3,3,3,3,3,3,3,3,3,3,3,3,3,3,3,3,3,3,3,3,3,3,3,3,3,3,3,3,3,3,3,3,3,3,3,3,3,3,3,3,3,3,3,3,3,3,3,3,3,3,3,3,3,3,3,3,3,3,
 3,3,3,3,3,3,3,3,1,1,1,1,1,1,3,3,3,3,3,3,3,3,3,3,3,3,3,3,3,3,3,3,3,3,3,3,3,3,3,3,1,1,1,1,1,3,3,3,3,3,3,3,3,3,3,3,3,3,3,3,
-3,3,3,3,3,3,3,1,1,0,4,4,0,1,3,3,3,3,3,3,3,3,3,3,3,3,3,3,3,3,3,3,3,3,3,3,3,3,3,3,1,0,0,0,1,1,1,3,3,3,3,3,3,3,3,3,3,3,3,3,
+3,3,3,3,3,3,3,1,1,0,2,2,0,1,3,3,3,3,3,3,3,3,3,3,3,3,3,3,3,3,3,3,3,3,3,3,3,3,3,3,1,0,0,0,1,1,1,3,3,3,3,3,3,3,3,3,3,3,3,3,
 3,3,3,3,3,3,1,1,1,0,0,0,0,1,1,1,1,3,3,3,3,3,3,3,3,3,3,3,3,3,3,3,3,3,3,3,3,3,3,3,1,1,0,0,0,0,1,1,3,3,3,1,1,1,3,3,3,3,3,3,
-3,3,3,3,3,3,1,1,4,0,0,0,0,0,0,0,1,1,3,3,3,3,3,3,3,3,3,3,3,3,3,3,3,3,3,3,3,3,3,3,1,0,0,0,0,1,0,1,3,3,1,1,1,1,1,1,1,3,3,3,
-3,3,3,3,3,1,1,0,4,0,0,0,2,2,2,0,0,1,1,3,3,3,3,3,3,3,3,3,3,3,3,3,3,3,3,1,1,1,1,3,1,1,0,0,0,0,0,1,3,1,1,1,0,0,0,1,1,1,3,3,
-3,3,3,3,3,1,4,1,2,2,2,2,2,2,2,0,0,0,1,3,3,3,3,3,3,3,3,3,3,3,3,3,3,3,1,1,0,0,1,3,3,1,1,0,0,0,0,1,1,1,0,0,0,0,0,0,0,0,3,3,
+3,3,3,3,3,3,1,1,2,0,0,0,0,0,0,0,1,1,3,3,3,3,3,3,3,3,3,3,3,3,3,3,3,3,3,3,3,3,3,3,1,0,0,0,0,1,0,1,3,3,1,1,1,1,1,1,1,3,3,3,
+3,3,3,3,3,1,1,0,2,0,0,0,2,2,2,0,0,1,1,3,3,3,3,3,3,3,3,3,3,3,3,3,3,3,3,1,1,1,1,3,1,1,0,0,0,0,0,1,3,1,1,1,0,0,0,1,1,1,3,3,
+3,3,3,3,3,1,2,1,2,2,2,2,2,2,2,0,0,0,1,3,3,3,3,3,3,3,3,3,3,3,3,3,3,3,1,1,0,0,1,3,3,1,1,0,0,0,0,1,1,1,0,0,0,0,0,0,0,0,3,3,
 3,3,3,3,3,3,0,0,2,2,2,2,2,2,2,0,0,0,1,1,1,1,1,3,1,1,1,1,3,3,3,3,3,3,1,0,0,1,1,1,3,1,1,1,0,0,0,0,0,0,0,0,0,0,0,0,0,0,3,3,
 3,3,3,3,3,3,0,0,2,2,2,2,2,2,2,0,0,0,0,0,0,1,1,1,1,0,1,1,1,3,3,3,3,3,1,0,0,0,0,1,1,1,0,0,0,0,0,0,0,0,0,0,0,0,0,0,0,0,3,3,
 3,3,3,3,3,1,0,0,0,0,2,2,0,1,0,0,0,0,0,0,0,0,0,0,0,0,0,0,1,1,3,3,3,1,1,0,0,0,0,0,0,0,0,0,0,0,0,0,0,0,0,0,0,0,0,0,0,0,3,3,
@@ -183,20 +183,20 @@ data=
 3,3,3,3,3,3,3,3,3,3,3,3,3,3,3,3,3,3,3,3,3,3,3,3,1,1,0,0,0,0,0,0,0,0,0,0,0,0,0,0,0,0,0,0,0,0,0,0,0,0,0,1,1,1,3,3,3,3,3,3,
 3,3,3,3,3,3,3,3,3,3,3,3,3,3,3,3,3,3,3,3,3,3,1,1,1,4,0,0,0,0,0,0,0,0,0,0,0,0,0,0,0,0,0,0,0,0,0,0,0,0,0,0,0,1,1,3,3,3,3,3,
 3,3,3,3,3,3,3,3,3,3,3,3,3,3,3,3,3,3,3,3,1,1,1,0,0,0,0,0,0,0,0,2,2,2,0,0,0,0,0,0,0,0,0,0,0,0,0,0,0,0,0,0,0,0,1,3,3,3,3,3,
-3,3,3,3,3,3,3,3,3,3,3,3,3,3,3,3,3,3,3,3,1,4,0,0,0,0,0,0,0,0,0,2,2,2,2,0,0,0,2,0,2,2,0,0,0,0,0,0,0,0,0,0,0,0,1,1,3,3,3,3,
+3,3,3,3,3,3,3,3,3,3,3,3,3,3,3,3,3,3,3,3,1,2,0,0,0,0,0,0,0,0,0,2,2,2,2,0,0,0,2,0,2,2,0,0,0,0,0,0,0,0,0,0,0,0,1,1,3,3,3,3,
 3,3,3,3,3,3,3,3,3,3,3,3,3,3,3,3,3,3,3,3,1,0,0,0,0,0,0,0,0,0,0,0,2,2,2,2,2,2,1,0,2,2,1,2,0,0,0,0,0,0,1,0,0,0,0,1,1,3,3,3,
 3,3,3,3,1,1,1,3,3,3,3,3,3,3,3,1,1,1,1,1,1,1,0,0,0,0,0,0,0,0,0,0,0,2,2,2,2,2,2,0,2,2,2,2,2,2,0,0,0,0,0,0,0,0,0,0,1,3,3,3,
-3,3,3,3,1,0,1,1,1,3,3,3,3,3,3,1,0,1,4,4,4,4,0,0,0,0,0,0,0,0,0,0,0,0,0,2,2,2,2,0,2,2,2,2,2,2,2,0,0,0,0,0,0,0,0,0,1,1,3,3,
+3,3,3,3,1,0,1,1,1,3,3,3,3,3,3,1,0,1,2,2,2,2,0,0,0,0,0,0,0,0,0,0,0,0,0,2,2,2,2,0,2,2,2,2,2,2,2,0,0,0,0,0,0,0,0,0,1,1,3,3,
 3,3,3,3,1,0,0,0,1,1,1,3,3,3,1,1,0,0,0,0,0,0,0,0,0,0,0,0,0,0,0,0,0,0,0,0,4,2,2,2,2,2,2,2,2,2,2,0,0,0,0,0,0,0,0,1,0,1,3,3,
 3,3,3,3,1,0,1,0,0,0,1,1,1,1,1,1,0,0,0,0,0,0,0,0,0,0,0,0,0,0,0,0,0,0,0,0,0,2,2,2,2,2,2,2,2,0,0,0,0,0,0,0,0,0,0,0,0,1,3,3,
-3,3,3,3,1,0,0,0,0,0,0,0,0,4,4,0,0,0,0,0,0,0,0,0,0,0,0,0,0,0,0,0,0,0,0,0,0,0,2,2,2,2,2,1,0,0,0,0,0,0,0,0,0,0,0,0,0,1,3,3,
+3,3,3,3,1,0,0,0,0,0,0,0,0,2,2,0,0,0,0,0,0,0,0,0,0,0,0,0,0,0,0,0,0,0,0,0,0,0,2,2,2,2,2,1,0,0,0,0,0,0,0,0,0,0,0,0,0,1,3,3,
 3,3,3,3,1,1,0,0,0,0,0,0,0,0,0,0,0,0,0,0,0,0,0,0,0,0,0,0,0,0,0,0,0,0,0,0,0,0,0,0,2,2,2,0,0,0,0,0,0,0,0,0,0,0,0,0,0,1,3,3,
 3,3,3,3,1,0,0,0,0,0,0,0,0,0,0,0,0,0,0,0,0,0,0,0,0,0,0,0,0,0,0,1,0,0,0,0,0,0,0,0,0,0,0,0,0,0,0,0,0,0,0,0,0,0,0,0,1,1,3,3,
-3,3,3,1,1,4,0,0,0,0,0,0,0,0,0,0,0,0,0,0,0,0,0,0,0,0,0,0,0,0,0,0,0,0,0,0,0,0,0,0,0,0,0,0,0,0,0,0,0,0,0,0,0,1,1,1,1,3,3,3,
-3,3,3,1,1,4,0,0,0,0,0,0,0,0,0,0,0,0,0,0,0,0,0,0,0,0,0,0,0,0,0,0,0,0,0,0,0,0,0,0,0,0,0,0,0,0,0,0,0,0,0,0,0,1,3,3,3,3,3,3,
+3,3,3,1,1,2,0,0,0,0,0,0,0,0,0,0,0,0,0,0,0,0,0,0,0,0,0,0,0,0,0,0,0,0,0,0,0,0,0,0,0,0,0,0,0,0,0,0,0,0,0,0,0,1,1,1,1,3,3,3,
+3,3,3,1,1,2,0,0,0,0,0,0,0,0,0,0,0,0,0,0,0,0,0,0,0,0,0,0,0,0,0,0,0,0,0,0,0,0,0,0,0,0,0,0,0,0,0,0,0,0,0,0,0,1,3,3,3,3,3,3,
 3,3,3,1,0,0,0,0,0,0,0,0,0,0,0,0,0,0,0,0,0,0,0,0,0,0,0,0,0,0,0,0,0,0,0,0,0,0,0,0,0,0,0,0,0,0,0,0,0,0,0,0,0,1,3,3,3,3,3,3,
-3,3,3,1,0,0,0,0,0,0,0,0,0,0,0,0,0,0,0,0,0,0,0,0,0,0,0,0,0,0,0,0,0,0,0,0,0,0,0,0,0,0,0,0,4,4,0,0,0,0,0,0,0,1,3,3,3,3,3,3,
-3,3,3,1,1,0,0,0,0,0,0,0,0,0,0,0,0,0,0,0,0,0,1,0,0,0,0,0,0,0,0,0,4,0,0,0,0,0,0,0,0,0,0,0,1,4,0,0,0,0,0,0,1,1,3,3,3,3,3,3,
+3,3,3,1,0,0,0,0,0,0,0,0,0,0,0,0,0,0,0,0,0,0,0,0,0,0,0,0,0,0,0,0,0,0,0,0,0,0,0,0,0,0,0,0,2,2,0,0,0,0,0,0,0,1,3,3,3,3,3,3,
+3,3,3,1,1,0,0,0,0,0,0,0,0,0,0,0,0,0,0,0,0,0,1,0,0,0,0,0,0,0,0,0,2,0,0,0,0,0,0,0,0,0,0,0,1,2,0,0,0,0,0,0,1,1,3,3,3,3,3,3,
 3,3,3,3,1,1,1,0,0,0,0,0,0,0,0,0,0,0,0,0,0,0,0,0,0,0,0,0,0,1,0,0,0,0,0,0,0,0,0,0,0,0,0,0,0,0,0,0,0,0,0,0,1,3,3,3,3,3,3,3,
 3,3,3,3,3,1,1,0,0,0,0,0,0,0,0,0,0,0,0,0,0,0,0,0,0,0,0,0,0,0,0,1,0,0,0,0,0,0,0,0,0,0,0,0,0,0,0,0,0,0,0,1,1,3,3,3,3,3,3,3,
 3,3,3,3,3,3,1,0,0,0,0,0,0,0,0,0,0,0,0,0,0,0,0,0,0,0,0,0,0,1,0,0,0,0,0,0,0,0,0,0,0,0,0,0,0,0,0,0,0,0,1,1,3,3,3,3,3,3,3,3,
diff --git a/tiled/empyrean_campaign/salted_field.tmx b/tiled/empyrean_campaign/salted_field.tmx
index ab2aac3d357bc7d4748b7adf9ee0d739630b80e1..e97f394579ff126510efabb2cc1e854bc9e3ef36 100644
--- a/tiled/empyrean_campaign/salted_field.tmx
+++ b/tiled/empyrean_campaign/salted_field.tmx
@@ -42,11 +42,11 @@
 0,0,0,0,0,0,0,0,0,0,0,0,0,0,0,0,0,0,0,0,0,0,0,0,0,0,0,0,0,0,0,0,0,0,0,0,0,0,0,0,0,0,0,0,0,0,0,0,0,0,0,0,0,0,0,0,0,0,0,0,
 0,0,0,0,0,0,0,0,0,0,0,0,0,0,0,0,0,0,0,0,0,0,0,0,0,0,0,0,0,0,0,0,0,0,0,0,0,0,0,0,0,0,0,0,0,0,0,0,0,0,0,0,0,0,0,0,0,0,0,0,
 0,0,0,0,0,0,0,0,17,18,19,16,17,0,0,0,0,0,0,0,0,0,0,0,0,0,0,0,0,0,0,0,0,0,0,0,0,0,0,0,17,18,19,16,17,0,0,0,0,0,0,0,0,0,0,0,0,0,0,0,
-0,0,0,0,0,0,0,20,21,22,2,2,21,22,0,0,0,0,0,0,0,0,0,0,0,0,0,0,0,0,0,0,0,0,0,0,0,0,0,0,21,22,23,20,21,22,23,0,0,0,0,0,0,0,0,0,0,0,0,0,
+0,0,0,0,0,0,0,20,21,22,23,20,21,22,0,0,0,0,0,0,0,0,0,0,0,0,0,0,0,0,0,0,0,0,0,0,0,0,0,0,21,22,23,20,21,22,23,0,0,0,0,0,0,0,0,0,0,0,0,0,
 0,0,0,0,0,0,27,24,25,26,27,24,25,26,27,24,25,0,0,0,0,0,0,0,0,0,0,0,0,0,0,0,0,0,0,0,0,0,0,0,25,26,27,24,25,26,27,0,0,0,0,24,25,26,0,0,0,0,0,0,
-0,0,0,0,0,0,31,28,2,37,39,28,29,30,31,28,29,30,0,0,0,0,0,0,0,0,0,0,0,0,0,0,0,0,0,0,0,0,0,0,29,30,31,28,29,30,31,0,0,0,31,28,29,30,31,28,29,0,0,0,
-0,0,0,0,0,18,19,16,2,36,38,16,152,145,153,16,17,18,0,0,0,0,0,0,0,0,0,0,0,0,0,0,0,0,0,16,17,18,0,0,17,18,19,16,17,18,19,16,0,18,19,16,17,18,19,16,17,18,0,0,
-0,0,0,0,0,22,2,20,152,145,145,145,160,176,146,20,21,22,23,0,0,0,0,0,0,0,0,0,0,0,0,0,0,0,23,20,21,22,23,0,0,22,23,20,21,22,23,20,21,22,23,20,21,22,23,20,21,22,0,0,
+0,0,0,0,0,0,31,28,37,37,39,28,29,30,31,28,29,30,0,0,0,0,0,0,0,0,0,0,0,0,0,0,0,0,0,0,0,0,0,0,29,30,31,28,29,30,31,0,0,0,31,28,29,30,31,28,29,0,0,0,
+0,0,0,0,0,18,19,16,36,36,38,16,152,145,153,16,17,18,0,0,0,0,0,0,0,0,0,0,0,0,0,0,0,0,0,16,17,18,0,0,17,18,19,16,17,18,19,16,0,18,19,16,17,18,19,16,17,18,0,0,
+0,0,0,0,0,22,23,20,152,145,145,145,160,176,146,20,21,22,23,0,0,0,0,0,0,0,0,0,0,0,0,0,0,0,23,20,21,22,23,0,0,22,23,20,21,22,23,20,21,22,23,20,21,22,23,20,21,22,0,0,
 0,0,0,0,0,26,27,24,144,176,176,176,176,176,146,24,25,26,27,24,25,26,27,0,25,26,27,24,0,0,0,0,0,0,27,24,25,26,27,24,0,26,27,24,25,26,27,24,25,26,27,24,25,26,27,24,25,26,0,0,
 0,0,0,0,0,30,31,28,155,147,167,162,147,147,154,28,29,30,31,28,29,30,31,28,29,30,31,28,0,0,0,0,0,0,31,28,29,30,31,28,29,30,31,28,29,30,31,28,29,30,31,28,29,30,31,28,29,30,0,0,
 0,0,0,0,0,18,19,16,17,18,155,154,17,18,19,16,17,18,19,16,17,18,19,16,17,18,19,16,17,0,0,0,0,18,19,16,17,18,19,16,17,18,19,16,17,18,19,16,17,18,19,16,17,18,19,16,17,18,0,0,
@@ -66,22 +66,22 @@
 0,0,0,0,0,0,0,0,0,0,0,0,0,0,0,0,0,0,0,0,0,0,0,0,0,26,27,24,25,26,27,24,25,26,27,24,25,26,27,24,25,26,27,24,25,26,27,24,25,26,27,0,0,0,0,0,0,0,0,0,
 0,0,0,0,0,0,0,0,0,0,0,0,0,0,0,0,0,0,0,0,0,0,0,0,0,30,31,28,29,30,31,28,29,30,31,28,29,30,31,28,29,30,31,28,29,30,31,28,29,30,31,28,0,0,0,0,0,0,0,0,
 0,0,0,0,0,0,0,0,0,0,0,0,0,0,0,0,0,0,0,0,0,0,0,0,17,18,19,16,17,18,19,16,17,18,19,16,17,18,19,16,17,18,19,16,17,18,19,16,17,18,19,16,17,0,0,0,0,0,0,0,
-0,0,0,0,0,0,0,0,0,0,0,0,0,0,0,0,0,0,0,0,0,0,23,20,21,2,23,20,21,22,23,20,21,22,23,20,21,22,23,20,21,22,23,20,21,22,23,20,21,22,23,20,21,22,0,0,0,0,0,0,
+0,0,0,0,0,0,0,0,0,0,0,0,0,0,0,0,0,0,0,0,0,0,23,20,21,22,23,20,21,22,23,20,21,22,23,20,21,22,23,20,21,22,23,20,21,22,23,20,21,22,23,20,21,22,0,0,0,0,0,0,
 0,0,0,0,0,0,0,0,0,0,0,0,0,0,0,0,0,0,0,0,25,26,27,24,25,26,27,24,25,26,27,156,145,157,47,24,25,26,27,24,25,26,27,24,25,26,27,24,25,26,27,24,25,26,27,0,0,0,0,0,
-0,0,0,0,0,0,0,0,0,0,0,0,0,0,0,0,0,0,0,0,29,2,31,28,29,30,31,28,29,30,31,155,163,165,153,28,29,30,152,193,145,157,31,28,29,30,31,28,29,30,31,28,29,30,31,0,0,0,0,0,
+0,0,0,0,0,0,0,0,0,0,0,0,0,0,0,0,0,0,0,0,29,30,31,28,29,30,31,28,29,30,31,155,163,165,153,28,29,30,152,193,145,157,31,28,29,30,31,28,29,30,31,28,29,30,31,0,0,0,0,0,
 0,0,0,0,0,0,0,0,0,0,0,0,0,0,0,0,0,0,0,0,17,18,19,16,17,18,19,16,17,18,19,16,159,163,161,145,145,145,164,205,176,165,145,153,17,18,19,16,17,18,19,16,17,18,19,16,0,0,0,0,
 0,0,0,0,21,22,23,0,0,0,0,0,0,0,0,20,21,22,23,20,21,22,23,20,21,22,23,20,21,22,23,20,21,155,151,167,180,181,182,207,180,181,182,161,145,157,23,20,21,22,23,20,21,22,23,20,21,0,0,0,
-0,0,0,0,25,26,27,24,25,0,0,0,0,0,0,24,25,26,2,2,2,2,27,24,25,26,27,24,25,26,27,24,25,26,27,155,151,163,186,197,184,185,186,187,184,161,153,24,25,26,27,24,25,26,27,24,25,0,0,0,
-0,0,0,0,29,30,31,28,29,30,31,0,0,0,31,28,29,30,31,46,29,37,36,36,43,30,31,28,29,30,31,28,29,30,31,28,2,148,190,191,188,189,190,191,162,151,154,28,29,30,31,28,29,30,31,28,29,0,0,0,
+0,0,0,0,25,26,27,24,25,0,0,0,0,0,0,24,25,26,27,24,25,26,27,24,25,26,27,24,25,26,27,24,25,26,27,155,151,163,186,197,184,185,186,187,184,161,153,24,25,26,27,24,25,26,27,24,25,0,0,0,
+0,0,0,0,29,30,31,28,29,30,31,0,0,0,31,28,29,30,31,46,29,37,36,36,43,30,31,28,29,30,31,28,29,30,31,28,29,148,190,191,188,189,190,191,162,151,154,28,29,30,31,28,29,30,31,28,29,0,0,0,
 0,0,0,0,17,18,19,16,17,18,19,16,17,18,19,16,17,18,19,45,38,36,36,39,40,18,19,16,17,18,19,16,17,18,19,16,17,155,167,179,176,177,162,147,158,44,19,16,17,18,19,16,17,18,19,16,17,0,0,0,
-0,0,0,0,21,22,23,20,21,22,238,20,21,2,2,20,21,22,23,20,21,22,23,20,21,22,23,20,21,22,23,20,21,22,23,20,21,22,159,151,167,181,146,20,21,22,23,20,21,22,23,20,21,22,23,20,21,0,0,0,
+0,0,0,0,21,22,23,20,21,22,238,20,21,22,23,20,21,22,23,20,21,22,23,20,21,22,23,20,21,22,23,20,21,22,23,20,21,22,159,151,167,181,146,20,21,22,23,20,21,22,23,20,21,22,23,20,21,0,0,0,
 0,0,0,0,25,26,27,24,25,45,237,24,25,26,27,24,25,26,27,24,25,26,27,24,25,26,27,24,25,26,27,24,25,26,27,24,25,26,27,24,155,147,158,24,25,26,27,24,25,26,27,24,25,26,27,24,25,0,0,0,
 0,0,0,0,29,30,31,28,29,30,236,28,29,30,31,42,34,34,34,28,29,30,31,28,29,30,31,28,29,30,31,28,29,30,31,28,29,30,31,28,29,30,31,28,29,30,31,28,29,30,31,28,29,30,31,28,0,0,0,0,
-0,0,0,16,17,2,19,232,233,234,235,16,17,18,43,33,35,39,34,16,17,18,19,16,17,18,19,16,17,18,19,16,17,18,19,16,17,18,19,16,17,18,19,16,17,18,19,16,17,18,19,16,17,0,0,0,0,0,0,0,
-0,0,0,20,21,2,23,20,21,22,23,20,21,42,42,43,21,22,23,20,21,22,23,20,21,22,23,20,21,22,23,20,21,22,23,20,21,22,23,20,21,22,23,20,21,22,23,20,21,22,23,20,21,0,0,0,0,0,0,0,
+0,0,0,16,17,18,19,232,233,234,235,16,17,18,43,33,35,39,34,16,17,18,19,16,17,18,19,16,17,18,19,16,17,18,19,16,17,18,19,16,17,18,19,16,17,18,19,16,17,18,19,16,17,0,0,0,0,0,0,0,
+0,0,0,20,21,22,23,20,21,22,23,20,21,42,42,43,21,22,23,20,21,22,23,20,21,22,23,20,21,22,23,20,21,22,23,20,21,22,23,20,21,22,23,20,21,22,23,20,21,22,23,20,21,0,0,0,0,0,0,0,
 0,0,0,24,25,26,27,24,25,26,37,32,36,32,36,24,25,26,27,24,25,26,27,24,25,26,27,24,25,26,27,24,25,26,27,24,25,26,27,24,25,26,27,24,25,26,27,24,25,26,27,24,25,0,0,0,0,0,0,0,
-0,0,0,28,29,30,31,28,29,30,35,37,35,35,31,28,29,30,31,28,29,30,31,28,29,30,31,28,29,30,31,28,29,30,31,28,29,30,31,28,29,30,31,28,2,2,31,28,29,30,31,28,29,0,0,0,0,0,0,0,
-0,0,0,16,17,18,19,16,17,18,19,16,17,18,19,16,17,18,19,16,17,18,19,16,17,18,19,16,17,18,19,16,2,18,19,16,17,18,19,16,17,18,19,16,17,36,36,16,17,18,19,16,0,0,0,0,0,0,0,0,
+0,0,0,28,29,30,31,28,29,30,35,37,35,35,31,28,29,30,31,28,29,30,31,28,29,30,31,28,29,30,31,28,29,30,31,28,29,30,31,28,29,30,31,28,29,30,31,28,29,30,31,28,29,0,0,0,0,0,0,0,
+0,0,0,16,17,18,19,16,17,18,19,16,17,18,19,16,17,18,19,16,17,18,19,16,17,18,19,16,17,18,19,16,17,18,19,16,17,18,19,16,17,18,19,16,17,36,36,16,17,18,19,16,0,0,0,0,0,0,0,0,
 0,0,0,0,21,22,23,20,21,22,23,20,21,22,23,20,21,22,23,20,21,22,23,20,21,22,23,20,21,22,23,20,21,22,23,20,21,22,23,20,21,22,23,20,21,22,23,20,21,22,23,20,0,0,0,0,0,0,0,0,
 0,0,0,0,0,26,27,24,25,26,27,24,25,26,27,24,25,26,27,24,25,26,27,24,25,26,27,24,25,26,27,24,25,26,27,24,25,26,27,24,25,26,27,24,25,26,27,24,25,26,27,0,0,0,0,0,0,0,0,0,
 0,0,0,0,0,0,31,28,29,30,31,28,29,30,31,28,29,30,31,28,29,30,31,28,29,30,31,28,29,30,31,28,29,30,31,28,29,30,31,28,29,30,31,28,29,30,31,28,29,30,0,0,0,0,0,0,0,0,0,0,
@@ -170,11 +170,11 @@
 3,3,3,3,3,3,3,3,3,3,3,3,3,3,3,3,3,3,3,3,3,3,3,3,3,3,3,3,3,3,3,3,3,3,3,3,3,3,3,3,3,3,3,3,3,3,3,3,3,3,3,3,3,3,3,3,3,3,3,3,
 3,3,3,3,3,3,3,3,3,3,3,3,3,3,3,3,3,3,3,3,3,3,3,3,3,3,3,3,3,3,3,3,3,3,3,3,3,3,3,3,3,3,3,3,3,3,3,3,3,3,3,3,3,3,3,3,3,3,3,3,
 3,3,3,3,3,3,3,3,1,1,1,1,1,1,3,3,3,3,3,3,3,3,3,3,3,3,3,3,3,3,3,3,3,3,3,3,3,3,3,3,1,1,1,1,1,3,3,3,3,3,3,3,3,3,3,3,3,3,3,3,
-3,3,3,3,3,3,3,1,1,0,4,4,0,1,3,3,3,3,3,3,3,3,3,3,3,3,3,3,3,3,3,3,3,3,3,3,3,3,3,3,1,0,0,0,1,1,1,3,3,3,3,3,3,3,3,3,3,3,3,3,
+3,3,3,3,3,3,3,1,1,0,2,2,0,1,3,3,3,3,3,3,3,3,3,3,3,3,3,3,3,3,3,3,3,3,3,3,3,3,3,3,1,0,0,0,1,1,1,3,3,3,3,3,3,3,3,3,3,3,3,3,
 3,3,3,3,3,3,1,1,1,0,0,0,0,1,1,1,1,3,3,3,3,3,3,3,3,3,3,3,3,3,3,3,3,3,3,3,3,3,3,3,1,1,0,0,0,0,1,1,3,3,3,1,1,1,3,3,3,3,3,3,
-3,3,3,3,3,3,1,1,4,0,0,0,0,0,0,0,1,1,3,3,3,3,3,3,3,3,3,3,3,3,3,3,3,3,3,3,3,3,3,3,1,0,0,0,0,1,0,1,3,3,1,1,1,1,1,1,1,3,3,3,
-3,3,3,3,3,1,1,0,4,0,0,0,2,2,2,0,0,1,1,3,3,3,3,3,3,3,3,3,3,3,3,3,3,3,3,1,1,1,1,3,1,1,0,0,0,0,0,1,3,1,1,1,0,0,0,1,1,1,3,3,
-3,3,3,3,3,1,4,1,2,2,2,2,2,2,2,0,0,0,1,3,3,3,3,3,3,3,3,3,3,3,3,3,3,3,1,1,0,0,1,3,3,1,1,0,0,0,0,1,1,1,0,0,0,0,0,0,0,0,3,3,
+3,3,3,3,3,3,1,1,2,0,0,0,0,0,0,0,1,1,3,3,3,3,3,3,3,3,3,3,3,3,3,3,3,3,3,3,3,3,3,3,1,0,0,0,0,1,0,1,3,3,1,1,1,1,1,1,1,3,3,3,
+3,3,3,3,3,1,1,0,2,0,0,0,2,2,2,0,0,1,1,3,3,3,3,3,3,3,3,3,3,3,3,3,3,3,3,1,1,1,1,3,1,1,0,0,0,0,0,1,3,1,1,1,0,0,0,1,1,1,3,3,
+3,3,3,3,3,1,2,1,2,2,2,2,2,2,2,0,0,0,1,3,3,3,3,3,3,3,3,3,3,3,3,3,3,3,1,1,0,0,1,3,3,1,1,0,0,0,0,1,1,1,0,0,0,0,0,0,0,0,3,3,
 3,3,3,3,3,3,0,0,2,2,2,2,2,2,2,0,0,0,1,1,1,1,1,3,1,1,1,1,3,3,3,3,3,3,1,0,0,1,1,1,3,1,1,1,0,0,0,0,0,0,0,0,0,0,0,0,0,0,3,3,
 3,3,3,3,3,3,0,0,2,2,2,2,2,2,2,0,0,0,0,0,0,1,1,1,1,0,1,1,1,3,3,3,3,3,1,0,0,0,0,1,1,1,0,0,0,0,0,0,0,0,0,0,0,0,0,0,0,0,3,3,
 3,3,3,3,3,1,0,0,0,0,2,2,0,1,0,0,0,0,0,0,0,0,0,0,0,0,0,0,1,1,3,3,3,1,1,0,0,0,0,0,0,0,0,0,0,0,0,0,0,0,0,0,0,0,0,0,0,0,3,3,
@@ -196,20 +196,20 @@
 3,3,3,3,3,3,3,3,3,3,3,3,3,3,3,3,3,3,3,3,3,3,3,3,1,1,0,0,0,0,0,0,0,0,0,0,0,0,0,0,0,0,0,0,0,0,0,0,0,0,0,1,1,1,3,3,3,3,3,3,
 3,3,3,3,3,3,3,3,3,3,3,3,3,3,3,3,3,3,3,3,3,3,1,1,1,4,0,0,0,0,0,0,0,0,0,0,0,0,0,0,0,0,0,0,0,0,0,0,0,0,0,0,0,1,1,3,3,3,3,3,
 3,3,3,3,3,3,3,3,3,3,3,3,3,3,3,3,3,3,3,3,1,1,1,0,0,0,0,0,0,0,0,2,2,2,0,0,0,0,0,0,0,0,0,0,0,0,0,0,0,0,0,0,0,0,1,3,3,3,3,3,
-3,3,3,3,3,3,3,3,3,3,3,3,3,3,3,3,3,3,3,3,1,4,0,0,0,0,0,0,0,0,0,2,2,2,2,0,0,0,2,0,2,2,0,0,0,0,0,0,0,0,0,0,0,0,1,1,3,3,3,3,
+3,3,3,3,3,3,3,3,3,3,3,3,3,3,3,3,3,3,3,3,1,2,0,0,0,0,0,0,0,0,0,2,2,2,2,0,0,0,2,0,2,2,0,0,0,0,0,0,0,0,0,0,0,0,1,1,3,3,3,3,
 3,3,3,3,3,3,3,3,3,3,3,3,3,3,3,3,3,3,3,3,1,0,0,0,0,0,0,0,0,0,0,0,2,2,2,2,2,2,1,0,2,2,1,2,0,0,0,0,0,0,1,0,0,0,0,1,1,3,3,3,
 3,3,3,3,1,1,1,3,3,3,3,3,3,3,3,1,1,1,1,1,1,1,0,0,0,0,0,0,0,0,0,0,0,2,2,2,2,2,2,0,2,2,2,2,2,2,0,0,0,0,0,0,0,0,0,0,1,3,3,3,
-3,3,3,3,1,0,1,1,1,3,3,3,3,3,3,1,0,1,4,4,4,4,0,0,0,0,0,0,0,0,0,0,0,0,0,2,2,2,2,0,2,2,2,2,2,2,2,0,0,0,0,0,0,0,0,0,1,1,3,3,
+3,3,3,3,1,0,1,1,1,3,3,3,3,3,3,1,0,1,2,2,2,2,0,0,0,0,0,0,0,0,0,0,0,0,0,2,2,2,2,0,2,2,2,2,2,2,2,0,0,0,0,0,0,0,0,0,1,1,3,3,
 3,3,3,3,1,0,0,0,1,1,1,3,3,3,1,1,0,0,0,0,0,0,0,0,0,0,0,0,0,0,0,0,0,0,0,0,4,2,2,2,2,2,2,2,2,2,2,0,0,0,0,0,0,0,0,1,0,1,3,3,
 3,3,3,3,1,0,1,0,0,0,1,1,1,1,1,1,0,0,0,0,0,0,0,0,0,0,0,0,0,0,0,0,0,0,0,0,0,2,2,2,2,2,2,2,2,0,0,0,0,0,0,0,0,0,0,0,0,1,3,3,
-3,3,3,3,1,0,0,0,0,0,0,0,0,4,4,0,0,0,0,0,0,0,0,0,0,0,0,0,0,0,0,0,0,0,0,0,0,0,2,2,2,2,2,1,0,0,0,0,0,0,0,0,0,0,0,0,0,1,3,3,
+3,3,3,3,1,0,0,0,0,0,0,0,0,2,2,0,0,0,0,0,0,0,0,0,0,0,0,0,0,0,0,0,0,0,0,0,0,0,2,2,2,2,2,1,0,0,0,0,0,0,0,0,0,0,0,0,0,1,3,3,
 3,3,3,3,1,1,0,0,0,0,0,0,0,0,0,0,0,0,0,0,0,0,0,0,0,0,0,0,0,0,0,0,0,0,0,0,0,0,0,0,2,2,2,0,0,0,0,0,0,0,0,0,0,0,0,0,0,1,3,3,
 3,3,3,3,1,0,0,0,0,0,0,0,0,0,0,0,0,0,0,0,0,0,0,0,0,0,0,0,0,0,0,1,0,0,0,0,0,0,0,0,0,0,0,0,0,0,0,0,0,0,0,0,0,0,0,0,1,1,3,3,
-3,3,3,1,1,4,0,0,0,0,0,0,0,0,0,0,0,0,0,0,0,0,0,0,0,0,0,0,0,0,0,0,0,0,0,0,0,0,0,0,0,0,0,0,0,0,0,0,0,0,0,0,0,1,1,1,1,3,3,3,
-3,3,3,1,1,4,0,0,0,0,0,0,0,0,0,0,0,0,0,0,0,0,0,0,0,0,0,0,0,0,0,0,0,0,0,0,0,0,0,0,0,0,0,0,0,0,0,0,0,0,0,0,0,1,3,3,3,3,3,3,
+3,3,3,1,1,2,0,0,0,0,0,0,0,0,0,0,0,0,0,0,0,0,0,0,0,0,0,0,0,0,0,0,0,0,0,0,0,0,0,0,0,0,0,0,0,0,0,0,0,0,0,0,0,1,1,1,1,3,3,3,
+3,3,3,1,1,2,0,0,0,0,0,0,0,0,0,0,0,0,0,0,0,0,0,0,0,0,0,0,0,0,0,0,0,0,0,0,0,0,0,0,0,0,0,0,0,0,0,0,0,0,0,0,0,1,3,3,3,3,3,3,
 3,3,3,1,0,0,0,0,0,0,0,0,0,0,0,0,0,0,0,0,0,0,0,0,0,0,0,0,0,0,0,0,0,0,0,0,0,0,0,0,0,0,0,0,0,0,0,0,0,0,0,0,0,1,3,3,3,3,3,3,
-3,3,3,1,0,0,0,0,0,0,0,0,0,0,0,0,0,0,0,0,0,0,0,0,0,0,0,0,0,0,0,0,0,0,0,0,0,0,0,0,0,0,0,0,4,4,0,0,0,0,0,0,0,1,3,3,3,3,3,3,
-3,3,3,1,1,0,0,0,0,0,0,0,0,0,0,0,0,0,0,0,0,0,1,0,0,0,0,0,0,0,0,0,4,0,0,0,0,0,0,0,0,0,0,0,1,4,0,0,0,0,0,0,1,1,3,3,3,3,3,3,
+3,3,3,1,0,0,0,0,0,0,0,0,0,0,0,0,0,0,0,0,0,0,0,0,0,0,0,0,0,0,0,0,0,0,0,0,0,0,0,0,0,0,0,0,2,2,0,0,0,0,0,0,0,1,3,3,3,3,3,3,
+3,3,3,1,1,0,0,0,0,0,0,0,0,0,0,0,0,0,0,0,0,0,1,0,0,0,0,0,0,0,0,0,2,0,0,0,0,0,0,0,0,0,0,0,1,2,0,0,0,0,0,0,1,1,3,3,3,3,3,3,
 3,3,3,3,1,1,1,0,0,0,0,0,0,0,0,0,0,0,0,0,0,0,0,0,0,0,0,0,0,1,0,0,0,0,0,0,0,0,0,0,0,0,0,0,0,0,0,0,0,0,0,0,1,3,3,3,3,3,3,3,
 3,3,3,3,3,1,1,0,0,0,0,0,0,0,0,0,0,0,0,0,0,0,0,0,0,0,0,0,0,0,0,1,0,0,0,0,0,0,0,0,0,0,0,0,0,0,0,0,0,0,0,1,1,3,3,3,3,3,3,3,
 3,3,3,3,3,3,1,0,0,0,0,0,0,0,0,0,0,0,0,0,0,0,0,0,0,0,0,0,0,1,0,0,0,0,0,0,0,0,0,0,0,0,0,0,0,0,0,0,0,0,1,1,3,3,3,3,3,3,3,3,
